1: [ 34 36 50 51 55 56 90 97 100 114 116 132 146 166 172 188 196 202 213 ]
2: [ 7 126 152 184 191 242 ]
3: [ 39 80 82 88 107 123 142 157 160 164 194 208 212 ]
4: [ 23 34 44 46 48 51 60 96 120 130 137 139 151 154 163 177 ]
5: [ 34 72 80 96 115 129 142 155 161 162 192 195 201 230 242 ]
6: [ 10 11 38 46 50 65 71 80 88 97 99 164 176 191 ]
7: [ 2 14 34 40 78 99 105 115 118 132 204 206 216 219 222 247 ]
8: [ 18 28 29 34 37 38 42 59 79 80 96 113 123 130 135 172 192 200 220 229 234 ]
9: [ 40 75 91 97 100 104 107 139 156 165 180 244 247 ]
10: [ 6 16 38 39 45 63 64 82 84 92 97 119 158 159 186 211 214 221 225 229 ]
11: [ 6 26 30 36 63 120 127 132 154 164 178 179 211 221 243 247 ]
12: [ 81 105 129 151 161 192 243 ]
13: [ 14 75 89 108 140 147 208 238 246 ]
14: [ 7 13 56 85 97 113 116 127 164 201 213 221 ]
15: [ 39 42 52 55 59 63 71 75 84 91 102 103 105 122 133 154 165 188 190 201 207 215 242 243 250 ]
16: [ 10 18 54 79 80 89 129 149 151 172 203 ]
17: [ 19 34 42 120 159 236 ]
18: [ 8 16 64 65 100 134 148 190 199 219 243 250 ]
19: [ 17 24 26 45 80 132 137 139 146 184 231 240 ]
20: [ 32 34 76 92 119 126 143 146 177 183 198 224 241 ]
21: [ 22 23 26 31 51 77 88 156 199 210 215 216 222 232 234 ]
22: [ 21 51 71 80 95 115 123 126 206 227 239 241 ]
23: [ 4 21 26 39 41 50 66 97 99 107 110 118 135 138 154 156 161 166 167 170 179 221 242 ]
24: [ 19 33 34 40 48 71 79 94 115 144 162 166 173 227 238 ]
25: [ 48 52 114 116 140 189 200 ]
26: [ 11 19 21 23 45 46 76 79 88 98 99 127 163 175 184 185 192 241 242 249 ]
27: [ 53 81 102 142 178 195 197 ]
28: [ 8 32 34 108 123 127 141 162 194 219 223 ]
29: [ 8 35 65 87 91 92 109 125 131 132 135 159 160 168 191 203 209 211 236 241 ]
30: [ 11 31 47 54 95 101 102 103 111 130 164 178 188 193 221 234 237 ]
31: [ 21 30 43 65 78 96 114 132 ]
32: [ 20 28 35 38 45 80 85 102 108 115 123 129 134 142 152 158 168 224 231 249 ]
33: [ 24 92 145 156 160 168 173 191 212 223 246 ]
34: [ 1 4 5 7 8 17 20 24 28 38 40 43 55 57 59 84 88 105 116 118 132 136 155 157 164 190 202 204 209 217 242 ]
35: [ 29 32 48 64 72 84 147 231 246 ]
36: [ 1 11 38 43 51 63 67 74 78 92 98 114 120 121 125 155 208 238 ]
37: [ 8 53 96 110 118 146 153 164 182 189 192 201 212 220 222 223 ]
38: [ 6 8 10 32 34 36 40 41 64 73 85 118 119 131 132 157 160 174 187 206 212 213 218 ]
39: [ 3 10 15 23 72 75 78 88 98 127 131 132 139 141 142 156 192 205 242 ]
40: [ 7 9 24 34 38 46 55 84 92 106 116 141 159 170 199 220 223 229 237 246 ]
41: [ 23 38 66 81 84 88 194 214 216 ]
42: [ 8 15 17 57 135 151 153 156 157 168 173 182 192 221 229 ]
43: [ 31 34 36 72 91 137 156 157 165 169 175 179 187 198 201 217 234 242 ]
44: [ 4 78 82 84 86 105 108 112 146 164 167 174 205 234 241 246 247 250 ]
45: [ 10 19 26 32 46 48 123 161 180 194 231 ]
46: [ 4 6 26 40 45 61 149 160 193 217 ]
47: [ 30 64 93 95 113 147 183 185 194 223 226 227 240 248 ]
48: [ 4 24 25 35 45 106 135 150 160 219 232 ]
49: [ 64 71 75 155 162 209 214 220 250 ]
50: [ 1 6 23 61 64 77 79 82 94 107 119 128 140 149 171 186 204 217 218 232 ]
51: [ 1 4 21 22 36 57 62 80 82 83 89 90 100 101 107 116 128 136 147 160 167 169 170 185 195 200 204 ]
52: [ 15 25 56 74 97 139 181 195 198 ]
53: [ 27 37 71 78 83 90 98 99 126 128 133 195 215 223 228 242 246 ]
54: [ 16 30 76 77 112 140 215 ]
55: [ 1 15 34 40 66 74 127 166 167 202 214 217 229 238 ]
56: [ 1 14 52 62 65 69 106 120 131 140 148 212 230 ]
57: [ 34 42 51 60 61 80 88 90 112 113 125 132 138 158 164 166 181 182 228 244 ]
58: [ 75 81 138 173 184 ]
59: [ 8 15 34 84 85 88 117 119 160 178 193 198 202 247 ]
60: [ 4 57 184 218 230 236 ]
61: [ 46 50 57 64 65 72 78 94 96 98 117 152 154 168 187 191 194 202 214 216 231 ]
62: [ 51 56 85 105 107 193 194 210 ]
63: [ 10 11 15 36 65 93 105 125 126 127 156 158 172 174 185 199 234 236 238 239 250 ]
64: [ 10 18 35 38 47 49 50 61 69 81 84 87 100 201 228 ]
65: [ 6 18 29 31 56 61 63 66 78 87 99 157 192 202 232 242 248 ]
66: [ 23 41 55 65 71 84 90 104 136 140 156 180 182 190 191 216 217 221 222 243 246 ]
67: [ 36 121 141 172 193 201 247 249 ]
68: [ 78 92 95 96 97 116 119 129 142 150 153 172 175 193 248 ]
69: [ 56 64 90 93 121 156 172 173 205 234 240 249 ]
70: [ 83 110 140 149 230 249 ]
71: [ 6 15 22 24 49 53 66 73 84 145 149 172 177 198 214 230 243 ]
72: [ 5 35 39 43 61 74 95 131 172 189 221 227 ]
73: [ 38 71 92 164 ]
74: [ 36 52 55 72 104 129 133 138 149 172 179 192 ]
75: [ 9 13 15 39 49 58 83 89 98 124 132 133 153 198 204 234 ]
76: [ 20 26 54 88 98 100 122 130 151 178 193 206 210 229 242 248 ]
77: [ 21 50 54 78 106 111 120 124 145 200 203 209 215 ]
78: [ 7 31 36 39 44 53 61 65 68 77 97 107 108 126 135 138 147 156 159 178 186 197 231 243 248 ]
79: [ 8 16 24 26 50 91 138 141 143 144 148 169 184 194 244 ]
80: [ 3 5 6 8 16 19 22 32 51 57 103 125 141 166 179 181 211 233 243 246 ]
81: [ 12 27 41 58 64 122 123 132 142 164 177 194 228 230 ]
82: [ 3 10 44 50 51 115 126 136 148 191 202 242 ]
83: [ 51 53 70 75 112 114 122 151 183 205 206 241 246 249 ]
84: [ 10 15 34 35 40 41 44 59 64 66 71 87 117 123 147 153 154 183 187 190 210 217 243 ]
85: [ 14 32 38 59 62 91 100 102 118 122 133 140 141 163 176 178 198 202 216 225 243 ]
86: [ 44 113 115 199 209 212 223 249 ]
87: [ 29 64 65 84 116 193 199 203 ]
88: [ 3 6 21 26 34 39 41 57 59 76 109 141 165 194 223 229 231 ]
89: [ 13 16 51 75 100 115 120 126 134 170 226 243 ]
90: [ 1 51 53 57 66 69 91 105 168 174 176 195 245 ]
91: [ 9 15 29 43 79 85 90 110 124 125 140 155 162 172 175 195 196 199 200 214 217 229 242 ]
92: [ 10 20 29 33 36 40 68 73 98 111 115 126 128 175 192 203 206 ]
93: [ 47 63 69 108 147 148 150 159 189 236 250 ]
94: [ 24 50 61 164 175 185 ]
95: [ 22 30 47 68 72 96 103 149 175 202 211 214 231 ]
96: [ 4 5 8 31 37 61 68 95 105 114 118 128 134 136 139 150 163 173 179 185 206 245 247 250 ]
97: [ 1 6 9 10 14 23 52 68 78 128 132 133 213 215 223 237 249 ]
98: [ 26 36 39 53 61 75 76 92 99 108 114 120 126 129 130 154 155 188 194 206 208 224 ]
99: [ 6 7 23 26 53 65 98 101 122 126 137 145 148 155 168 174 187 190 196 210 220 223 224 242 247 250 ]
100: [ 1 9 18 51 64 76 85 89 118 134 135 182 198 199 206 207 225 236 ]
101: [ 30 51 99 154 161 164 235 ]
102: [ 15 27 30 32 85 125 149 155 191 200 216 219 ]
103: [ 15 30 80 95 150 151 159 200 229 ]
104: [ 9 66 74 109 122 135 182 211 222 ]
105: [ 7 12 15 34 44 62 63 90 96 179 190 ]
106: [ 40 48 56 77 115 120 126 132 137 140 150 157 166 198 203 216 242 250 ]
107: [ 3 9 23 50 51 62 78 132 135 153 155 159 168 181 188 194 220 229 ]
108: [ 13 28 32 44 78 93 98 144 152 181 183 187 188 216 220 226 ]
109: [ 29 88 104 130 177 183 246 ]
110: [ 23 37 70 91 119 167 170 181 195 203 204 224 225 ]
111: [ 30 77 92 116 129 193 210 248 249 ]
112: [ 44 54 57 83 115 138 149 157 184 ]
113: [ 8 14 47 57 86 122 149 155 168 174 182 187 197 205 208 216 218 219 225 234 ]
114: [ 1 25 31 36 83 96 98 121 169 175 181 183 195 201 208 226 ]
115: [ 5 7 22 24 32 82 86 89 92 106 112 119 163 182 204 226 231 243 ]
116: [ 1 14 25 34 40 51 68 87 111 127 160 164 171 173 175 ]
117: [ 59 61 84 123 139 158 164 173 175 187 193 195 220 ]
118: [ 7 23 34 37 38 85 96 100 132 138 149 159 179 230 244 247 ]
119: [ 10 20 38 50 59 68 110 115 123 131 193 200 216 237 243 ]
120: [ 4 11 17 36 56 77 89 98 106 134 157 199 219 231 250 ]
121: [ 36 67 69 114 130 140 149 161 242 247 ]
122: [ 15 76 81 83 85 99 104 113 126 131 132 157 174 213 246 ]
123: [ 3 8 22 28 32 45 81 84 117 119 137 162 174 177 208 209 214 216 229 237 ]
124: [ 75 77 91 132 138 179 214 215 225 244 247 ]
125: [ 29 36 57 63 80 91 102 132 169 170 222 228 ]
126: [ 2 20 22 53 63 78 82 89 92 98 99 106 122 138 147 156 188 213 241 243 ]
127: [ 11 14 26 28 39 55 63 116 157 177 180 186 193 216 231 239 250 ]
128: [ 50 51 53 92 96 97 149 150 172 173 194 215 219 225 244 ]
129: [ 5 12 16 32 68 74 98 111 131 148 174 175 177 180 190 215 243 248 ]
130: [ 4 8 30 76 98 109 121 131 134 165 167 199 218 226 236 237 ]
131: [ 29 38 39 56 72 119 122 129 130 143 167 169 198 ]
132: [ 1 7 11 19 29 31 34 38 39 57 75 81 97 106 107 118 122 124 125 143 145 146 174 203 207 229 249 ]
133: [ 15 53 74 75 85 97 141 162 175 182 207 209 211 217 226 ]
134: [ 18 32 89 96 100 120 130 140 142 150 163 191 199 221 222 231 ]
135: [ 8 23 29 42 48 78 100 104 107 153 161 168 172 208 226 ]
136: [ 34 51 66 82 96 156 172 177 183 186 188 190 195 201 205 215 227 234 239 247 ]
137: [ 4 19 43 99 106 123 166 173 188 201 207 247 ]
138: [ 23 57 58 74 78 79 112 118 124 126 148 164 204 222 ]
139: [ 4 9 19 39 52 96 117 156 166 179 184 198 208 239 243 ]
140: [ 13 25 50 54 56 66 70 85 91 106 121 134 142 155 172 195 196 202 206 209 214 220 228 231 246 ]
141: [ 28 39 40 67 79 80 85 88 133 149 153 178 222 240 ]
142: [ 3 5 27 32 39 68 81 134 140 151 158 176 182 208 212 245 ]
143: [ 20 79 131 132 161 173 180 193 202 203 204 205 209 213 214 233 ]
144: [ 24 79 108 150 191 192 209 221 ]
145: [ 33 71 77 99 132 146 249 ]
146: [ 1 19 20 37 44 132 145 150 152 189 219 220 ]
147: [ 13 35 47 51 78 84 93 126 155 176 220 230 ]
148: [ 18 56 79 82 93 99 129 138 165 205 ]
149: [ 16 46 50 70 71 74 95 102 112 113 118 121 128 141 163 166 192 202 236 ]
150: [ 48 68 93 96 103 106 128 134 144 146 191 201 219 225 236 ]
151: [ 4 12 16 42 76 83 103 142 216 223 ]
152: [ 2 32 61 108 146 226 239 247 ]
153: [ 37 42 68 75 84 107 135 141 183 218 234 ]
154: [ 4 11 15 23 61 84 98 101 159 178 228 230 248 ]
155: [ 5 34 36 49 91 98 99 102 107 113 140 147 167 169 193 206 248 ]
156: [ 9 21 23 33 39 42 43 63 66 69 78 126 136 139 163 171 176 183 191 194 206 238 240 ]
157: [ 3 34 38 42 43 65 106 112 120 122 127 165 172 178 189 221 236 ]
158: [ 10 32 57 63 117 142 220 241 ]
159: [ 10 17 29 40 78 93 103 107 118 154 217 ]
160: [ 3 29 33 38 46 48 51 59 116 172 212 216 218 247 ]
161: [ 5 12 23 45 101 121 135 143 194 196 200 220 ]
162: [ 5 24 28 49 91 123 133 173 179 183 184 208 223 233 235 236 238 239 242 ]
163: [ 4 26 85 96 115 134 149 156 167 172 173 214 217 220 ]
164: [ 3 6 11 14 30 34 37 44 57 73 81 94 101 116 117 138 165 178 201 203 215 219 238 ]
165: [ 9 15 43 88 130 148 157 164 170 232 249 ]
166: [ 1 23 24 55 57 80 106 137 139 149 173 237 247 ]
167: [ 23 44 51 55 110 130 131 155 163 189 226 242 247 ]
168: [ 29 32 33 42 61 90 99 107 113 135 199 246 ]
169: [ 43 51 79 114 125 131 155 177 183 186 193 220 222 ]
170: [ 23 40 51 89 110 125 165 178 188 194 230 ]
171: [ 50 116 156 246 ]
172: [ 1 8 16 63 67 68 69 71 72 74 91 128 135 136 140 157 160 163 179 190 200 229 250 ]
173: [ 24 33 42 58 69 96 116 117 128 137 143 162 163 166 183 184 199 203 209 212 223 229 ]
174: [ 38 44 63 90 99 113 122 123 129 132 200 208 209 220 247 ]
175: [ 26 43 68 91 92 94 95 114 116 117 129 133 185 200 217 228 ]
176: [ 6 85 90 142 147 156 183 216 233 238 ]
177: [ 4 20 71 81 109 123 127 129 136 169 189 191 227 ]
178: [ 11 27 30 59 76 78 85 141 154 157 164 170 179 232 ]
179: [ 11 23 43 74 80 96 105 118 124 139 162 172 178 182 188 190 196 213 227 228 ]
180: [ 9 45 66 127 129 143 194 209 215 218 226 241 246 ]
181: [ 52 57 80 107 108 110 114 184 198 ]
182: [ 37 42 57 66 100 104 113 115 133 142 179 209 232 236 243 ]
183: [ 20 47 83 84 108 109 114 136 153 156 162 169 173 176 206 211 214 216 217 218 222 223 239 242 ]
184: [ 2 19 26 58 60 79 112 139 162 173 181 206 212 218 236 242 ]
185: [ 26 47 51 63 94 96 175 234 236 ]
186: [ 10 50 78 127 136 169 192 244 ]
187: [ 38 43 61 84 99 108 113 117 237 ]
188: [ 1 15 30 98 107 108 126 136 137 170 179 191 206 208 234 ]
189: [ 25 37 72 93 146 157 167 177 206 210 246 ]
190: [ 15 18 34 66 84 99 105 129 136 172 179 217 232 240 ]
191: [ 2 6 29 33 61 66 82 102 134 144 150 156 177 188 194 214 236 241 242 ]
192: [ 5 8 12 26 37 39 42 65 74 92 144 149 186 230 242 ]
193: [ 30 46 59 62 67 68 76 87 111 117 119 127 143 155 169 220 238 ]
194: [ 3 28 41 45 47 61 62 79 81 88 98 107 128 156 161 170 180 191 211 220 223 225 243 ]
195: [ 5 27 51 52 53 90 91 110 114 117 136 140 211 ]
196: [ 1 91 99 140 161 179 204 211 216 230 238 ]
197: [ 27 78 113 ]
198: [ 20 43 52 59 71 75 85 100 106 131 139 181 200 202 208 237 247 ]
199: [ 18 21 40 63 86 87 91 100 120 130 134 168 173 217 234 238 239 249 ]
200: [ 8 25 51 77 91 102 103 119 161 172 174 175 198 224 ]
201: [ 5 14 15 37 43 64 67 114 136 137 150 164 204 211 215 222 238 243 244 ]
202: [ 1 34 55 59 61 65 82 85 95 140 143 149 198 230 250 ]
203: [ 16 29 77 87 92 106 110 132 143 164 173 208 239 ]
204: [ 7 34 50 51 75 110 115 138 143 196 201 250 ]
205: [ 39 44 69 83 113 136 143 148 ]
206: [ 7 22 38 76 83 92 96 98 100 140 155 156 183 184 188 189 216 238 246 ]
207: [ 15 100 132 133 137 ]
208: [ 3 13 36 98 113 114 123 135 139 142 162 174 188 198 203 221 226 248 ]
209: [ 29 34 49 77 86 123 133 140 143 144 173 174 180 182 216 231 234 242 ]
210: [ 21 62 76 84 99 111 189 211 ]
211: [ 10 11 29 80 95 104 133 183 194 195 196 201 210 249 ]
212: [ 3 33 37 38 56 86 142 160 173 184 230 ]
213: [ 1 14 38 97 122 126 143 179 ]
214: [ 10 41 49 55 61 71 91 95 123 124 140 143 163 183 191 233 ]
215: [ 15 21 53 54 77 97 124 128 129 136 164 180 201 234 242 ]
216: [ 7 21 41 61 66 85 102 106 108 113 119 123 127 151 160 176 183 196 206 209 ]
217: [ 34 43 46 50 55 66 84 91 133 159 163 175 183 190 199 230 245 ]
218: [ 38 50 60 113 130 153 160 180 183 184 239 ]
219: [ 7 18 28 48 102 113 120 128 146 150 164 232 ]
220: [ 8 37 40 49 99 107 108 117 140 146 147 158 161 163 169 174 193 194 238 242 247 ]
221: [ 10 11 14 23 30 42 66 72 134 144 157 208 ]
222: [ 7 21 37 66 104 125 134 138 141 169 183 201 224 239 ]
223: [ 28 33 37 40 47 53 86 88 97 99 151 162 173 183 194 243 247 ]
224: [ 20 32 98 99 110 200 222 232 ]
225: [ 10 85 100 110 113 124 128 150 194 242 ]
226: [ 47 89 108 114 115 130 133 135 152 167 180 208 228 232 236 250 ]
227: [ 22 24 47 72 136 177 179 ]
228: [ 53 57 64 81 125 140 154 175 179 226 238 ]
229: [ 8 10 40 42 55 76 88 91 103 107 123 132 172 173 ]
230: [ 5 56 60 70 71 81 118 147 154 170 192 196 202 212 217 234 ]
231: [ 19 32 35 45 61 78 88 95 115 120 127 134 140 209 ]
232: [ 21 48 50 65 165 178 182 190 219 224 226 ]
233: [ 80 143 162 176 214 ]
234: [ 8 21 30 43 44 63 69 75 113 136 153 185 188 199 209 215 230 243 ]
235: [ 101 162 239 ]
236: [ 17 29 60 63 93 100 130 149 150 157 162 182 184 185 191 226 240 ]
237: [ 30 40 97 119 123 130 166 187 198 242 ]
238: [ 13 24 36 55 63 156 162 164 176 193 196 199 201 206 220 228 242 ]
239: [ 22 63 127 136 139 152 162 183 199 203 218 222 235 ]
240: [ 19 47 69 141 156 190 236 241 246 249 ]
241: [ 20 22 26 29 44 83 126 158 180 191 240 245 ]
242: [ 2 5 15 23 26 34 39 43 53 65 76 82 91 99 106 121 162 167 183 184 191 192 209 215 220 225 237 238 ]
243: [ 11 12 15 18 66 71 78 80 84 85 89 115 119 126 129 139 182 194 201 223 234 ]
244: [ 9 57 79 118 124 128 186 201 ]
245: [ 90 96 142 217 241 ]
246: [ 13 33 35 40 44 53 66 80 83 109 122 140 168 171 180 189 206 240 247 249 ]
247: [ 7 9 11 44 59 67 96 99 118 121 124 136 137 152 160 166 167 174 198 220 223 246 ]
248: [ 47 65 68 76 78 111 129 154 155 208 ]
249: [ 26 32 67 69 70 83 86 97 111 132 145 165 199 211 240 246 ]
250: [ 15 18 44 49 63 93 96 99 106 120 127 172 202 204 226 ]
