1: [ 26 29 66 118 142 148 164 174 177 180 195 ]
2: [ 8 17 27 28 32 37 39 40 42 54 62 65 75 87 92 102 107 111 127 130 133 136 137 175 177 229 237 ]
3: [ 7 10 63 70 86 98 119 129 158 172 193 224 ]
4: [ 25 44 46 58 80 105 126 139 164 174 181 190 208 211 230 237 240 ]
5: [ 11 14 22 41 52 55 60 80 86 127 128 138 171 208 213 214 220 233 235 240 ]
6: [ 13 46 82 87 95 101 117 119 124 154 179 190 200 212 215 222 ]
7: [ 3 16 21 22 33 44 45 48 67 87 120 144 161 182 191 206 223 245 ]
8: [ 2 24 25 30 42 45 70 74 83 104 108 139 146 159 180 181 183 198 216 224 230 245 247 ]
9: [ 40 72 76 107 128 174 178 197 213 229 ]
10: [ 3 18 33 35 46 72 75 86 88 91 131 143 151 168 212 214 220 232 ]
11: [ 5 78 95 97 103 109 124 134 139 141 171 202 216 235 ]
12: [ 22 38 50 66 72 87 127 130 186 199 227 231 ]
13: [ 6 16 50 57 72 75 84 88 116 119 130 143 164 182 223 243 ]
14: [ 5 17 21 49 75 84 85 86 87 111 118 145 146 147 193 210 212 214 227 ]
15: [ 30 44 95 158 190 198 200 212 235 247 ]
16: [ 7 13 27 30 37 52 77 87 123 158 165 180 195 216 ]
17: [ 2 14 31 46 57 58 87 91 160 177 180 199 219 246 ]
18: [ 10 52 67 123 160 183 220 223 248 249 ]
19: [ 33 47 69 84 89 93 123 147 152 154 164 171 172 175 176 180 186 200 239 ]
20: [ 34 52 104 116 143 154 195 205 221 244 ]
21: [ 7 14 50 64 71 103 130 150 217 ]
22: [ 5 7 12 46 54 85 93 97 107 110 114 124 135 143 159 204 211 223 238 242 ]
23: [ 24 26 28 30 39 45 111 116 160 187 205 233 ]
24: [ 8 23 68 71 81 116 133 144 146 147 186 202 208 211 218 223 232 ]
25: [ 4 8 31 49 55 58 72 108 126 170 171 176 208 223 227 232 234 250 ]
26: [ 1 23 30 130 137 149 193 212 248 ]
27: [ 2 16 102 132 152 165 ]
28: [ 2 23 46 59 73 75 90 98 104 107 140 192 193 195 213 220 224 229 236 ]
29: [ 1 49 61 74 96 110 116 130 138 169 190 191 196 197 218 249 ]
30: [ 8 15 16 23 26 31 48 54 64 77 107 108 123 149 184 214 219 221 242 ]
31: [ 17 25 30 39 47 74 86 87 104 105 106 150 151 154 163 175 192 223 235 ]
32: [ 2 33 54 87 94 102 104 112 120 134 136 137 146 149 162 195 206 220 225 228 232 244 245 ]
33: [ 7 10 19 32 49 129 136 149 150 173 176 177 181 194 205 237 ]
34: [ 20 47 56 61 64 73 96 97 128 136 150 160 161 180 182 183 188 200 205 208 215 224 225 237 ]
35: [ 10 45 53 56 65 88 92 107 114 124 139 149 165 169 199 201 213 246 248 ]
36: [ 50 56 62 81 88 99 116 156 163 183 185 186 192 193 207 215 218 222 233 ]
37: [ 2 16 39 62 71 104 105 109 112 116 118 123 125 128 139 148 172 187 194 196 205 224 ]
38: [ 12 41 89 110 127 177 178 193 201 212 215 ]
39: [ 2 23 31 37 122 173 194 211 218 232 234 238 ]
40: [ 2 9 68 89 97 109 114 116 120 139 176 203 209 212 226 233 ]
41: [ 5 38 49 70 71 116 118 127 136 145 160 172 176 178 186 211 250 ]
42: [ 2 8 65 70 122 138 165 170 174 175 180 186 250 ]
43: [ 105 109 130 132 158 173 176 214 ]
44: [ 4 7 15 77 111 125 139 170 188 195 205 213 230 237 248 ]
45: [ 7 8 23 35 52 60 64 66 73 84 97 100 191 221 241 ]
46: [ 4 6 10 17 22 28 53 79 95 117 124 127 148 155 164 195 214 215 219 239 241 ]
47: [ 19 31 34 55 57 65 74 81 95 97 104 107 111 113 125 130 156 169 175 212 213 220 226 230 233 ]
48: [ 7 30 49 71 73 99 184 194 195 215 233 ]
49: [ 14 25 29 33 41 48 50 58 69 75 96 105 161 177 228 244 ]
50: [ 12 13 21 36 49 54 91 93 120 123 140 144 158 188 230 ]
51: [ 87 126 161 173 234 ]
52: [ 5 16 18 20 45 55 61 79 98 114 116 125 146 147 149 153 170 175 210 235 237 ]
53: [ 35 46 62 107 145 199 214 226 ]
54: [ 2 22 30 32 50 78 109 118 145 174 ]
55: [ 5 25 47 52 57 74 80 94 100 107 113 114 118 121 134 154 163 166 182 184 229 233 ]
56: [ 34 35 36 61 70 85 113 144 145 147 153 161 162 204 211 231 237 ]
57: [ 13 17 47 55 68 69 75 80 86 89 123 129 130 133 138 141 149 160 174 188 238 ]
58: [ 4 17 25 49 83 87 89 162 196 230 231 248 ]
59: [ 28 75 83 87 90 95 99 111 119 129 144 159 184 192 199 210 227 248 ]
60: [ 5 45 66 116 125 136 153 157 159 164 166 188 191 195 211 224 241 ]
61: [ 29 34 52 56 79 112 131 160 166 179 214 215 222 226 249 ]
62: [ 2 36 37 53 66 118 145 188 202 209 217 219 227 229 230 ]
63: [ 3 65 68 139 177 180 203 205 210 244 ]
64: [ 21 30 34 45 82 97 114 130 137 144 147 174 175 200 204 215 222 230 234 237 ]
65: [ 2 35 42 47 63 92 94 127 140 173 174 215 230 232 245 ]
66: [ 1 12 45 60 62 72 73 98 99 105 118 130 149 151 163 184 190 196 216 233 ]
67: [ 7 18 83 97 115 177 233 237 248 ]
68: [ 24 40 57 63 69 93 110 124 135 139 152 166 232 245 ]
69: [ 19 49 57 68 90 129 156 195 217 ]
70: [ 3 8 41 42 56 108 128 133 205 212 219 239 247 ]
71: [ 21 24 37 41 48 106 119 122 125 147 166 180 189 205 208 ]
72: [ 9 10 12 13 25 66 84 91 128 139 147 158 167 172 185 196 220 240 ]
73: [ 28 34 45 48 66 77 124 145 154 238 ]
74: [ 8 29 31 47 55 76 91 97 143 148 151 167 177 199 210 211 213 216 232 242 ]
75: [ 2 10 13 14 28 49 57 59 98 104 130 139 161 178 183 217 221 228 ]
76: [ 9 74 89 110 114 174 175 209 238 248 ]
77: [ 16 30 44 73 85 92 109 119 122 154 159 160 192 242 ]
78: [ 11 54 90 96 97 105 164 169 185 206 230 ]
79: [ 46 52 61 83 103 115 160 180 185 199 200 205 214 ]
80: [ 4 5 55 57 121 128 163 179 215 224 233 248 ]
81: [ 24 36 47 93 104 116 121 152 218 230 232 244 ]
82: [ 6 64 84 141 207 234 ]
83: [ 8 58 59 67 79 130 132 157 163 166 191 194 208 214 242 ]
84: [ 13 14 19 45 72 82 110 118 129 161 163 167 195 205 209 221 229 ]
85: [ 14 22 56 77 93 99 102 144 148 182 205 237 ]
86: [ 3 5 10 14 31 57 103 104 118 144 150 158 171 173 202 ]
87: [ 2 6 7 12 14 16 17 31 32 51 58 59 92 103 106 111 142 145 178 200 232 ]
88: [ 10 13 35 36 93 94 96 122 129 130 144 154 184 217 ]
89: [ 19 38 40 57 58 76 92 109 110 120 129 145 181 201 ]
90: [ 28 59 69 78 102 136 152 ]
91: [ 10 17 50 72 74 99 103 140 161 176 202 240 ]
92: [ 2 35 65 77 87 89 163 172 238 ]
93: [ 19 22 50 68 81 85 88 97 115 124 135 166 170 189 200 206 217 225 231 244 ]
94: [ 32 55 65 88 138 146 176 191 229 ]
95: [ 6 11 15 46 47 59 105 115 152 161 165 221 225 ]
96: [ 29 34 49 78 88 98 117 129 145 170 177 179 201 207 215 217 218 225 228 ]
97: [ 11 22 34 40 45 47 64 67 74 78 93 100 105 139 156 157 170 217 223 237 ]
98: [ 3 28 52 66 75 96 132 157 172 ]
99: [ 36 48 59 66 85 91 120 121 149 218 221 ]
100: [ 45 55 97 113 128 179 215 ]
101: [ 6 115 144 145 152 154 171 174 190 204 224 238 245 ]
102: [ 2 27 32 85 90 108 113 127 137 148 156 160 164 187 190 206 226 231 240 245 246 250 ]
103: [ 11 21 79 86 87 91 105 124 136 155 160 218 ]
104: [ 8 20 28 31 32 37 47 75 81 86 105 119 207 208 216 217 225 ]
105: [ 4 31 37 43 49 66 78 95 97 103 104 115 117 119 133 139 143 188 212 224 ]
106: [ 31 71 87 170 176 181 204 ]
107: [ 2 9 22 28 30 35 47 53 55 112 123 127 145 152 165 169 175 211 212 232 235 ]
108: [ 8 25 30 70 102 130 244 ]
109: [ 11 37 40 43 54 77 89 142 149 160 164 180 200 215 216 232 ]
110: [ 22 29 38 68 76 84 89 114 126 127 129 214 216 ]
111: [ 2 14 23 44 47 59 87 119 124 131 133 208 ]
112: [ 32 37 61 107 115 119 142 154 157 195 210 237 ]
113: [ 47 55 56 100 102 115 117 154 165 175 179 189 203 211 218 240 ]
114: [ 22 35 40 52 55 64 76 110 120 126 161 207 208 245 ]
115: [ 67 79 93 95 101 105 112 113 118 149 156 173 174 189 196 207 ]
116: [ 13 20 23 24 29 36 37 40 41 52 60 81 122 128 131 142 155 170 176 181 221 236 239 247 ]
117: [ 6 46 96 105 113 120 121 122 131 137 151 173 177 180 196 216 ]
118: [ 1 14 37 41 54 55 62 66 84 86 115 133 141 147 163 165 171 182 186 222 226 245 ]
119: [ 3 6 13 59 71 77 104 105 111 112 131 139 148 179 186 221 ]
120: [ 7 32 40 50 89 99 114 117 148 153 178 188 215 217 226 241 244 245 ]
121: [ 55 80 81 99 117 124 136 200 216 219 230 231 240 243 ]
122: [ 39 42 71 77 88 116 117 136 154 155 178 197 230 246 ]
123: [ 16 18 19 30 37 50 57 107 174 202 227 234 247 ]
124: [ 6 11 22 35 46 68 73 93 103 111 121 131 135 149 164 179 180 218 221 ]
125: [ 37 44 47 52 60 71 174 185 208 215 241 245 ]
126: [ 4 25 51 110 114 127 132 146 175 180 186 189 191 197 218 226 229 232 239 245 ]
127: [ 2 5 12 38 41 46 65 102 107 110 126 155 161 167 173 184 190 211 212 215 218 ]
128: [ 5 9 34 37 70 72 80 100 116 161 165 174 208 209 216 227 233 247 ]
129: [ 3 33 57 59 69 84 88 89 96 110 131 152 177 206 229 ]
130: [ 2 12 13 21 26 29 43 47 57 64 66 75 83 88 108 177 198 202 204 205 215 216 217 220 243 ]
131: [ 10 61 111 116 117 119 124 129 149 153 166 188 227 240 250 ]
132: [ 27 43 83 98 126 167 221 ]
133: [ 2 24 57 70 105 111 118 135 209 241 ]
134: [ 11 32 55 166 212 236 248 ]
135: [ 22 68 93 124 133 187 192 195 199 217 ]
136: [ 2 32 33 34 41 60 90 103 121 122 137 143 162 180 189 193 231 237 ]
137: [ 2 26 32 64 102 117 136 167 182 185 224 238 244 ]
138: [ 5 29 42 57 94 143 144 147 171 178 205 241 ]
139: [ 4 8 11 35 37 40 44 63 68 72 75 97 105 119 141 156 161 190 197 208 223 ]
140: [ 28 50 65 91 161 199 203 221 ]
141: [ 11 57 82 118 139 217 222 ]
142: [ 1 87 109 112 116 248 ]
143: [ 10 13 20 22 74 105 136 138 151 169 206 ]
144: [ 7 24 50 56 59 64 85 86 88 101 138 164 184 190 202 213 ]
145: [ 14 41 53 54 56 62 73 87 89 96 101 107 170 171 174 175 180 201 222 233 238 ]
146: [ 8 14 24 32 52 94 126 184 195 208 210 218 227 238 ]
147: [ 14 19 24 52 56 64 71 72 118 138 171 195 236 247 ]
148: [ 1 37 46 74 85 102 119 120 153 172 174 203 204 226 ]
149: [ 26 30 32 33 35 52 57 66 99 109 115 124 131 151 167 170 176 198 207 209 211 229 239 241 244 ]
150: [ 21 31 33 34 86 171 172 204 222 238 248 ]
151: [ 10 31 66 74 117 143 149 161 189 218 ]
152: [ 19 27 68 81 90 95 101 107 129 174 190 231 242 248 ]
153: [ 52 56 60 120 131 148 176 190 201 218 ]
154: [ 6 19 20 31 55 73 77 88 101 112 113 122 162 200 202 211 216 245 249 ]
155: [ 46 103 116 122 127 164 ]
156: [ 36 47 69 97 102 115 139 169 190 240 ]
157: [ 60 83 97 98 112 162 167 210 233 ]
158: [ 3 15 16 43 50 72 86 163 185 186 195 222 ]
159: [ 8 22 59 60 77 168 215 218 235 ]
160: [ 17 18 23 34 41 57 61 77 79 102 103 109 178 181 182 202 204 206 214 ]
161: [ 7 34 49 51 56 75 84 91 95 114 127 128 139 140 151 164 169 172 175 238 248 ]
162: [ 32 56 58 136 154 157 175 182 188 199 204 205 224 234 247 ]
163: [ 31 36 55 66 80 83 84 92 118 158 180 227 ]
164: [ 1 4 13 19 46 60 78 102 109 124 144 155 161 165 177 214 242 245 ]
165: [ 16 27 35 42 95 107 113 118 128 164 175 193 ]
166: [ 55 60 61 68 71 83 93 131 134 170 175 209 222 248 ]
167: [ 72 74 84 127 132 137 149 157 181 195 226 230 232 233 237 ]
168: [ 10 159 226 238 248 250 ]
169: [ 29 35 47 78 107 143 156 161 172 177 188 200 231 ]
170: [ 25 42 44 52 93 96 97 106 116 145 149 166 181 216 233 245 250 ]
171: [ 5 11 19 25 86 101 118 138 145 147 150 199 202 218 ]
172: [ 3 19 37 41 72 92 98 148 150 161 169 180 199 234 ]
173: [ 33 39 43 51 65 86 115 117 127 181 208 244 ]
174: [ 1 4 9 42 54 57 64 65 76 101 115 123 125 128 145 148 152 176 177 205 210 243 ]
175: [ 2 19 31 42 47 52 64 76 107 113 126 145 161 162 165 166 187 232 244 ]
176: [ 19 25 33 40 41 43 91 94 106 116 149 153 174 178 187 215 223 232 244 ]
177: [ 1 2 17 33 38 49 63 67 74 96 117 129 130 164 169 174 214 233 ]
178: [ 9 38 41 75 87 120 122 138 160 176 186 188 214 216 219 223 230 ]
179: [ 6 61 80 96 100 113 119 124 181 184 189 ]
180: [ 1 8 16 17 19 34 42 63 71 79 109 117 124 126 136 145 163 172 199 201 203 204 ]
181: [ 4 8 33 89 106 116 160 167 170 173 179 183 208 220 241 ]
182: [ 7 13 34 55 85 118 137 160 162 188 190 218 221 250 ]
183: [ 8 18 34 36 75 181 209 239 ]
184: [ 30 48 55 59 66 88 127 144 146 179 193 215 248 ]
185: [ 36 72 78 79 125 137 158 ]
186: [ 12 19 24 36 41 42 118 119 126 158 178 194 198 205 209 229 ]
187: [ 23 37 102 135 175 176 188 200 204 238 244 ]
188: [ 34 44 50 57 60 62 105 120 131 162 169 178 182 187 198 206 207 230 240 ]
189: [ 71 93 113 115 126 136 151 179 213 215 223 ]
190: [ 4 6 15 29 66 101 102 127 139 144 152 153 156 182 196 220 227 231 234 ]
191: [ 7 29 45 60 83 94 126 214 ]
192: [ 28 31 36 59 77 135 ]
193: [ 3 14 26 28 36 38 136 165 184 208 209 224 ]
194: [ 33 37 39 48 83 186 209 212 224 228 ]
195: [ 1 16 20 28 32 44 46 48 60 69 84 112 135 146 147 158 167 206 222 235 237 241 242 ]
196: [ 29 37 58 66 72 115 117 190 203 208 221 222 230 ]
197: [ 9 29 122 126 139 235 248 ]
198: [ 8 15 130 149 186 188 200 219 233 ]
199: [ 12 17 35 53 59 74 79 135 140 162 171 172 180 200 201 211 218 225 ]
200: [ 6 15 19 34 64 79 87 93 109 121 154 169 187 198 199 212 ]
201: [ 35 38 89 96 145 153 180 199 ]
202: [ 11 24 62 86 91 123 130 144 154 160 171 241 ]
203: [ 40 63 113 140 148 180 196 205 ]
204: [ 22 56 64 101 106 130 148 150 160 162 180 187 ]
205: [ 20 23 33 34 37 44 63 70 71 79 84 85 130 138 162 174 186 203 228 232 244 ]
206: [ 7 32 78 93 102 129 143 160 188 195 ]
207: [ 36 82 96 104 114 115 149 188 208 213 229 ]
208: [ 4 5 24 25 34 71 83 104 111 114 125 128 139 146 173 181 193 196 207 209 221 245 248 ]
209: [ 40 62 76 84 128 133 149 166 183 186 193 194 208 224 231 238 244 ]
210: [ 14 52 59 63 74 112 146 157 174 237 ]
211: [ 4 22 24 39 41 56 60 74 107 113 127 149 154 199 220 223 232 ]
212: [ 6 10 14 15 26 38 40 47 70 105 107 127 134 194 200 217 234 ]
213: [ 5 9 28 35 44 47 74 144 189 207 ]
214: [ 5 10 14 30 43 46 53 61 79 83 110 160 164 177 178 191 242 243 ]
215: [ 6 34 36 38 46 48 61 64 65 80 96 100 109 120 125 127 130 159 176 184 189 244 249 ]
216: [ 8 11 16 66 74 104 109 110 117 121 128 130 154 170 178 217 221 227 ]
217: [ 21 62 69 75 88 93 96 97 104 120 130 135 141 212 216 235 244 ]
218: [ 24 29 36 39 81 96 99 103 113 124 126 127 146 151 153 159 171 182 199 233 239 250 ]
219: [ 17 30 46 62 70 121 178 198 221 239 ]
220: [ 5 10 18 28 32 47 72 130 181 190 211 224 227 ]
221: [ 20 30 45 75 84 95 99 116 119 124 132 140 182 196 208 216 219 232 245 248 ]
222: [ 6 36 61 64 118 141 145 150 158 166 195 196 236 237 ]
223: [ 7 13 18 22 24 25 31 97 139 176 178 189 211 239 ]
224: [ 3 8 28 34 37 60 80 101 105 137 162 193 194 209 220 249 ]
225: [ 32 34 93 95 96 104 199 ]
226: [ 40 47 53 61 102 118 120 126 148 167 168 230 240 ]
227: [ 12 14 25 59 62 123 128 131 146 163 190 216 220 234 241 250 ]
228: [ 32 49 75 96 194 205 248 ]
229: [ 2 9 28 55 62 84 94 126 129 149 186 207 ]
230: [ 4 8 44 47 50 58 62 64 65 78 81 121 122 167 178 188 196 226 241 ]
231: [ 12 56 58 93 102 121 136 152 169 190 209 ]
232: [ 10 24 25 32 39 65 68 74 81 87 107 109 126 167 175 176 205 211 221 240 ]
233: [ 5 23 36 40 47 48 55 66 67 80 128 145 157 167 170 177 198 218 ]
234: [ 25 39 51 64 82 123 162 172 190 212 227 ]
235: [ 5 11 15 31 52 107 159 195 197 217 ]
236: [ 28 116 134 147 222 ]
237: [ 2 4 33 34 44 52 56 64 67 85 97 112 136 167 195 210 222 250 ]
238: [ 22 39 57 73 76 92 101 137 145 146 150 161 168 187 209 ]
239: [ 19 46 70 116 126 149 183 218 219 223 241 ]
240: [ 4 5 72 91 102 113 121 131 156 188 226 232 249 ]
241: [ 45 46 60 120 125 133 138 149 181 195 202 227 230 239 ]
242: [ 22 30 74 77 83 152 164 195 214 ]
243: [ 13 121 130 174 214 ]
244: [ 20 32 49 63 81 93 108 120 137 149 173 175 176 187 205 209 215 217 245 249 ]
245: [ 7 8 32 65 68 101 102 114 118 120 125 126 154 164 170 208 221 244 ]
246: [ 17 35 102 122 ]
247: [ 8 15 70 116 123 128 147 162 249 ]
248: [ 18 26 35 44 58 59 67 76 80 134 142 150 152 161 166 168 184 197 208 221 228 ]
249: [ 18 29 61 154 215 224 240 244 247 ]
250: [ 25 41 42 102 131 168 170 182 218 227 237 ]
