1: [ 58 63 75 105 135 158 159 165 184 197 200 ]
2: [ 13 63 73 86 100 127 136 137 201 215 222 236 ]
3: [ 25 57 91 117 130 147 151 177 187 204 213 216 ]
4: [ 23 65 73 82 88 102 105 113 184 187 196 200 219 238 ]
5: [ 20 26 45 76 88 105 107 128 130 146 148 170 175 176 199 219 227 230 237 244 ]
6: [ 42 103 113 128 134 144 155 169 178 196 221 234 ]
7: [ 57 78 79 81 82 91 96 104 117 119 140 162 166 170 175 207 219 231 234 242 248 ]
8: [ 11 26 58 100 118 130 217 227 230 231 ]
9: [ 24 75 77 82 87 92 98 145 173 178 195 234 245 ]
10: [ 14 26 56 74 99 102 109 125 147 151 152 191 193 197 212 230 ]
11: [ 8 39 44 46 48 67 69 80 82 92 95 115 130 134 135 162 165 177 196 197 201 ]
12: [ 13 33 36 39 41 65 83 88 89 114 137 154 155 162 165 169 170 176 178 187 198 216 218 232 244 ]
13: [ 2 12 45 61 62 79 82 90 94 135 153 167 205 214 238 245 248 ]
14: [ 10 42 43 86 110 113 115 148 165 179 191 242 ]
15: [ 38 84 100 103 116 118 132 156 163 172 238 250 ]
16: [ 17 19 39 64 67 73 91 130 141 150 157 164 167 177 226 232 244 ]
17: [ 16 48 62 86 143 149 158 185 191 194 201 206 208 219 225 245 ]
18: [ 30 43 60 68 78 118 121 145 148 159 161 163 166 171 175 181 190 200 237 244 245 ]
19: [ 16 31 42 74 96 114 117 119 126 143 146 155 157 161 172 194 199 205 215 216 222 ]
20: [ 5 53 62 73 83 93 106 135 157 176 191 201 203 228 ]
21: [ 26 33 44 45 69 72 106 107 119 124 126 132 141 147 167 214 216 225 236 ]
22: [ 31 45 63 75 91 97 116 128 149 160 161 175 176 211 214 227 236 ]
23: [ 4 44 81 88 100 107 143 145 167 187 190 239 242 ]
24: [ 9 26 49 77 82 83 101 141 142 161 ]
25: [ 3 61 103 131 165 172 181 207 215 236 240 243 ]
26: [ 5 8 10 21 24 52 59 68 73 88 92 121 125 185 203 215 220 223 242 ]
27: [ 33 40 68 70 92 118 170 183 221 246 ]
28: [ 81 96 162 183 187 215 216 ]
29: [ 32 35 43 45 103 117 124 129 131 135 138 150 160 205 210 213 234 ]
30: [ 18 33 38 39 51 82 86 89 105 130 179 184 225 230 ]
31: [ 19 22 34 40 56 63 70 71 72 90 108 114 133 157 158 175 195 211 213 216 223 ]
32: [ 29 37 38 99 110 126 129 140 145 152 156 160 170 172 192 194 214 234 239 242 ]
33: [ 12 21 27 30 50 95 96 119 142 149 169 173 176 205 210 215 229 237 ]
34: [ 31 46 60 67 70 74 87 89 99 114 121 183 202 205 227 231 240 249 ]
35: [ 29 38 70 89 104 135 164 175 206 213 228 238 ]
36: [ 12 43 44 61 62 64 73 95 116 176 187 189 196 207 216 232 239 ]
37: [ 32 54 65 75 102 120 163 187 191 192 228 ]
38: [ 15 30 32 35 54 57 85 98 123 125 127 135 142 150 165 176 177 178 182 218 231 ]
39: [ 11 12 16 30 47 56 73 74 75 80 115 116 121 126 145 220 ]
40: [ 27 31 149 187 190 ]
41: [ 12 90 105 142 160 ]
42: [ 6 14 19 43 54 73 85 112 115 120 122 147 148 152 156 170 180 195 234 248 ]
43: [ 14 18 29 36 42 120 128 144 152 167 179 194 223 226 ]
44: [ 11 21 23 36 51 62 82 91 115 120 139 155 210 218 250 ]
45: [ 5 13 21 22 29 46 110 113 133 144 145 150 193 213 218 223 228 243 ]
46: [ 11 34 45 54 62 67 68 87 90 97 139 145 175 184 199 234 ]
47: [ 39 49 84 101 119 134 143 231 250 ]
48: [ 11 17 64 75 96 104 128 129 130 134 144 154 170 175 233 ]
49: [ 24 47 70 79 86 90 99 113 143 155 164 168 191 228 ]
50: [ 33 61 142 144 148 156 201 223 231 ]
51: [ 30 44 80 82 91 100 104 105 118 123 126 147 154 173 195 217 238 242 ]
52: [ 26 98 109 129 143 144 145 149 167 169 204 232 234 239 ]
53: [ 20 57 60 70 98 102 114 121 135 146 149 170 172 175 184 195 210 ]
54: [ 37 38 42 46 92 127 131 183 195 215 228 237 ]
55: [ 57 88 97 98 110 164 175 ]
56: [ 10 31 39 68 83 99 115 121 204 220 239 248 ]
57: [ 3 7 38 53 55 75 86 99 101 108 121 122 158 190 232 245 248 ]
58: [ 1 8 61 80 92 96 119 137 155 159 168 176 184 200 203 226 ]
59: [ 26 70 79 115 129 137 151 172 228 238 ]
60: [ 18 34 53 64 73 76 79 91 142 173 211 244 ]
61: [ 13 25 36 50 58 62 68 75 99 107 132 139 151 155 204 ]
62: [ 13 17 20 36 44 46 61 76 78 91 98 120 135 137 170 179 194 196 201 211 229 232 240 ]
63: [ 1 2 22 31 108 110 167 172 179 248 ]
64: [ 16 36 48 60 81 83 85 89 95 101 117 124 127 131 137 147 179 180 197 209 237 248 ]
65: [ 4 12 37 90 96 101 102 167 171 182 183 185 189 206 213 222 247 ]
66: [ 95 204 ]
67: [ 11 16 34 46 81 85 117 127 134 140 144 161 216 ]
68: [ 18 26 27 46 56 61 77 91 109 130 131 141 143 164 228 232 235 ]
69: [ 11 21 99 110 111 131 158 235 238 242 244 ]
70: [ 27 31 34 35 49 53 59 90 92 94 138 187 206 211 220 ]
71: [ 31 83 123 135 227 236 250 ]
72: [ 21 31 85 91 105 177 178 199 212 216 ]
73: [ 2 4 16 20 26 36 39 42 60 87 111 112 129 142 165 168 179 180 194 196 205 206 214 216 ]
74: [ 10 19 34 39 76 105 110 115 142 154 175 191 207 223 248 ]
75: [ 1 9 22 37 39 48 57 61 87 95 99 114 115 118 173 204 206 210 235 243 ]
76: [ 5 60 62 74 91 100 103 115 121 139 147 158 165 176 178 182 197 211 212 218 221 240 ]
77: [ 9 24 68 80 94 116 153 158 184 231 244 ]
78: [ 7 18 62 90 95 104 151 160 168 173 202 218 ]
79: [ 7 13 49 59 60 90 96 99 100 156 210 211 213 221 240 243 ]
80: [ 11 39 51 58 77 91 94 139 180 182 195 209 218 224 234 238 242 ]
81: [ 7 23 28 64 67 108 116 183 184 198 217 220 226 230 ]
82: [ 4 7 9 11 13 24 30 44 51 104 108 111 127 155 165 179 199 204 223 233 249 ]
83: [ 12 20 24 56 64 71 93 108 123 132 135 140 146 147 171 173 188 195 207 215 217 ]
84: [ 15 47 98 109 126 135 169 176 191 195 196 215 245 ]
85: [ 38 42 64 67 72 88 105 131 219 228 ]
86: [ 2 14 17 30 49 57 92 110 142 143 147 149 151 157 158 183 184 211 212 218 226 228 ]
87: [ 9 34 46 73 75 96 101 122 137 138 140 141 183 194 234 ]
88: [ 4 5 12 23 26 55 85 92 99 103 137 139 147 154 162 169 218 219 238 239 242 ]
89: [ 12 30 34 35 64 93 142 173 182 193 196 207 219 231 244 ]
90: [ 13 31 41 46 49 65 70 78 79 96 98 121 130 135 144 153 199 208 210 216 232 236 ]
91: [ 3 7 16 22 44 51 60 62 68 72 76 80 97 110 126 135 150 160 174 197 215 221 244 ]
92: [ 9 11 26 27 54 58 70 86 88 96 104 153 156 157 167 191 194 201 206 212 225 234 235 247 ]
93: [ 20 83 89 180 188 192 216 220 232 ]
94: [ 13 70 77 80 102 112 113 114 118 119 130 185 192 229 249 ]
95: [ 11 33 36 64 66 75 78 120 121 122 124 135 146 163 170 206 210 216 219 220 238 243 ]
96: [ 7 19 28 33 48 58 65 79 87 90 92 140 154 206 ]
97: [ 22 46 55 91 113 117 128 131 159 162 172 186 234 ]
98: [ 9 38 52 53 55 62 84 90 105 115 126 132 138 141 142 159 198 217 228 238 247 ]
99: [ 10 32 34 49 56 57 61 69 75 79 88 118 142 162 175 193 206 212 ]
100: [ 2 8 15 23 51 76 79 111 127 144 178 180 187 194 195 244 ]
101: [ 24 47 57 64 65 87 146 184 224 ]
102: [ 4 10 37 53 65 94 109 126 146 179 189 191 207 214 223 231 232 237 ]
103: [ 6 15 25 29 76 88 115 117 143 183 187 191 194 231 248 ]
104: [ 7 35 48 51 78 82 92 132 137 163 170 173 179 207 ]
105: [ 1 4 5 30 41 51 72 74 85 98 132 133 162 175 178 182 198 209 220 240 242 ]
106: [ 20 21 135 214 238 ]
107: [ 5 21 23 61 144 206 234 242 ]
108: [ 31 57 63 81 82 83 134 147 213 232 ]
109: [ 10 52 68 84 102 113 133 148 162 175 206 222 246 ]
110: [ 14 32 45 55 63 69 74 86 91 130 138 173 233 ]
111: [ 69 73 82 100 112 125 148 149 153 167 179 180 183 193 206 211 217 218 220 223 ]
112: [ 42 73 94 111 164 189 195 ]
113: [ 4 6 14 45 49 94 97 109 120 133 151 243 ]
114: [ 12 19 31 34 53 75 94 130 135 152 169 172 196 233 ]
115: [ 11 14 39 42 44 56 59 74 75 76 98 103 150 154 162 165 176 187 221 227 236 247 ]
116: [ 15 22 36 39 77 81 128 132 135 178 218 232 247 ]
117: [ 3 7 19 29 64 67 97 103 122 123 129 132 137 141 145 157 158 176 207 214 216 225 236 ]
118: [ 8 15 18 27 51 75 94 99 121 125 140 157 158 170 185 200 207 213 233 236 247 ]
119: [ 7 19 21 33 47 58 94 128 131 132 137 144 150 176 198 200 225 245 ]
120: [ 37 42 43 44 62 95 113 127 138 141 149 153 185 196 220 ]
121: [ 18 26 34 39 53 56 57 76 90 95 118 137 182 200 204 213 247 ]
122: [ 42 57 87 95 117 174 184 191 198 216 ]
123: [ 38 51 71 83 117 135 149 150 191 195 230 244 ]
124: [ 21 29 64 95 128 134 141 167 170 174 209 224 239 ]
125: [ 10 26 38 111 118 127 157 165 172 175 179 185 192 223 231 ]
126: [ 19 21 32 39 51 84 91 98 102 135 138 161 245 246 ]
127: [ 2 38 54 64 67 82 100 120 125 137 168 172 174 178 180 181 195 209 214 228 231 239 ]
128: [ 5 6 22 43 48 97 116 119 124 134 142 157 170 192 195 218 222 242 245 ]
129: [ 29 32 48 52 59 73 117 137 145 181 196 216 228 238 249 ]
130: [ 3 5 8 11 16 30 48 68 90 94 110 114 134 153 163 166 171 200 211 245 ]
131: [ 25 29 54 64 68 69 85 97 119 154 161 172 179 248 ]
132: [ 15 21 61 83 98 104 105 116 117 119 135 187 215 227 239 ]
133: [ 31 45 105 109 113 169 176 199 ]
134: [ 6 11 47 48 67 108 124 128 130 143 152 156 183 187 189 225 226 231 238 239 ]
135: [ 1 11 13 20 29 35 38 53 62 71 83 84 90 91 95 106 114 116 123 126 132 147 158 172 202 209 213 245 ]
136: [ 2 175 184 227 232 ]
137: [ 2 12 58 59 62 64 87 88 104 117 119 121 127 129 155 157 158 170 200 207 217 237 242 ]
138: [ 29 70 87 98 110 120 126 144 153 155 186 204 ]
139: [ 44 46 61 76 80 88 154 156 158 160 177 182 223 235 244 ]
140: [ 7 32 67 83 87 96 118 168 179 ]
141: [ 16 21 24 68 87 98 117 120 124 158 179 185 194 195 215 230 250 ]
142: [ 24 33 38 41 50 60 73 74 86 89 98 99 128 155 160 205 211 227 231 240 242 247 ]
143: [ 17 19 23 47 49 52 68 86 103 134 147 151 159 179 198 212 223 ]
144: [ 6 43 45 48 50 52 67 90 100 107 119 138 197 210 217 220 237 ]
145: [ 9 18 23 32 39 45 46 52 117 129 149 172 175 199 211 212 225 246 247 ]
146: [ 5 19 53 83 95 101 102 150 160 172 176 188 220 221 239 ]
147: [ 3 10 21 42 51 64 76 83 86 88 108 135 143 159 162 179 214 ]
148: [ 5 14 18 42 50 109 111 154 184 247 ]
149: [ 17 22 33 40 52 53 86 111 120 123 145 153 169 181 185 195 201 204 231 233 237 248 249 ]
150: [ 16 29 38 45 91 115 119 123 146 153 176 177 196 204 211 232 235 240 242 249 ]
151: [ 3 10 59 61 78 86 113 143 180 191 221 237 ]
152: [ 10 32 42 43 114 134 155 194 198 207 210 212 229 238 239 247 ]
153: [ 13 77 90 92 111 120 130 138 149 150 155 208 229 249 ]
154: [ 12 48 51 74 88 96 115 131 139 148 163 172 191 194 206 217 227 236 241 ]
155: [ 6 12 19 44 49 58 61 82 137 138 142 152 153 165 167 176 212 220 223 248 ]
156: [ 15 32 42 50 79 92 134 139 160 164 167 176 195 209 214 216 245 247 ]
157: [ 16 19 20 31 86 92 117 118 125 128 137 159 182 215 218 242 ]
158: [ 1 17 31 57 69 76 77 86 117 118 135 137 139 141 171 198 206 209 217 234 245 ]
159: [ 1 18 58 97 98 143 147 157 165 171 176 185 195 220 ]
160: [ 22 29 32 41 78 91 139 142 146 156 187 206 217 232 ]
161: [ 18 19 22 24 67 126 131 165 166 200 224 237 243 244 ]
162: [ 7 11 12 28 88 97 99 105 109 115 147 198 207 227 243 ]
163: [ 15 18 37 95 104 130 154 165 167 169 191 194 228 242 ]
164: [ 16 35 49 55 68 112 156 175 194 200 234 ]
165: [ 1 11 12 14 25 38 73 76 82 115 125 155 159 161 163 180 185 189 200 219 221 232 ]
166: [ 7 18 130 161 179 195 197 239 ]
167: [ 13 16 21 23 43 52 63 65 92 111 124 155 156 163 170 233 236 246 ]
168: [ 49 58 73 78 127 140 194 232 ]
169: [ 6 12 33 52 84 88 114 133 149 163 218 247 ]
170: [ 5 7 12 27 32 42 48 53 62 95 104 118 124 128 137 167 214 225 239 248 ]
171: [ 18 65 83 130 158 159 187 206 ]
172: [ 15 19 25 32 53 59 63 97 114 125 127 131 135 145 146 154 242 ]
173: [ 9 33 51 60 75 78 83 89 104 110 178 187 193 216 223 241 ]
174: [ 91 122 124 127 199 213 249 ]
175: [ 5 7 18 22 31 35 46 48 53 55 74 99 105 109 125 136 145 164 176 195 198 212 220 244 248 ]
176: [ 5 12 20 22 33 36 38 58 76 84 115 117 119 133 146 150 155 156 159 175 184 186 222 229 233 ]
177: [ 3 11 16 38 72 139 150 184 223 227 ]
178: [ 6 9 12 38 72 76 100 105 116 127 173 181 202 215 ]
179: [ 14 30 43 62 63 64 73 82 102 104 111 125 131 140 141 143 147 166 189 190 195 197 210 ]
180: [ 42 64 73 80 93 100 111 127 151 165 183 203 212 214 228 249 ]
181: [ 18 25 127 129 149 178 189 219 220 225 228 ]
182: [ 38 65 76 80 89 105 121 139 157 187 190 199 ]
183: [ 27 28 34 54 65 81 86 87 103 111 134 180 206 221 229 234 236 246 ]
184: [ 1 4 30 46 53 58 77 81 86 101 122 136 148 176 177 196 217 241 245 ]
185: [ 17 26 65 94 118 120 125 141 149 159 165 200 202 219 222 236 238 241 ]
186: [ 97 138 176 205 206 ]
187: [ 3 4 12 23 28 36 37 40 70 100 103 115 132 134 160 171 173 182 206 215 236 246 248 ]
188: [ 83 93 146 198 236 ]
189: [ 36 65 102 112 134 165 179 181 195 230 248 ]
190: [ 18 23 40 57 179 182 195 211 245 247 ]
191: [ 10 14 17 20 37 49 74 84 92 102 103 122 123 151 154 163 195 199 208 231 234 ]
192: [ 32 37 93 94 125 128 195 197 203 207 220 221 ]
193: [ 10 45 89 99 111 173 199 ]
194: [ 17 19 32 43 62 73 87 92 100 103 141 152 154 163 164 168 200 219 229 247 ]
195: [ 9 31 42 51 53 54 80 83 84 100 112 123 127 128 141 149 156 159 166 175 179 189 190 191 192 218 227 ]
196: [ 4 6 11 36 62 73 84 89 114 120 129 150 184 220 221 226 228 234 ]
197: [ 1 10 11 64 76 91 144 166 179 192 201 211 ]
198: [ 12 81 98 105 119 122 143 152 158 162 175 188 201 206 209 213 219 223 230 247 ]
199: [ 5 19 46 72 82 90 133 145 174 182 191 193 204 207 ]
200: [ 1 4 18 58 118 119 121 130 137 161 164 165 185 194 201 215 243 ]
201: [ 2 11 17 20 50 62 92 149 197 198 200 208 222 225 239 ]
202: [ 34 78 135 178 185 205 213 240 245 250 ]
203: [ 20 26 58 180 192 207 249 ]
204: [ 3 52 56 61 66 75 82 121 138 149 150 199 206 211 217 220 238 ]
205: [ 13 19 29 33 34 73 142 186 202 213 ]
206: [ 17 35 65 70 73 75 92 95 96 99 107 109 111 154 158 160 171 183 186 187 198 204 220 221 245 ]
207: [ 7 25 36 74 83 89 102 104 117 118 137 152 162 192 199 203 242 ]
208: [ 17 90 153 191 201 225 227 229 ]
209: [ 64 80 105 124 127 135 156 158 198 215 241 ]
210: [ 29 33 44 53 75 79 90 95 144 152 179 225 226 227 244 ]
211: [ 22 31 60 62 70 76 79 86 111 130 142 145 150 190 197 204 228 232 234 236 ]
212: [ 10 72 76 86 92 99 143 145 152 155 175 180 229 231 234 247 ]
213: [ 3 29 31 35 45 65 79 108 118 121 135 174 198 202 205 243 248 ]
214: [ 13 21 22 32 73 102 106 117 127 147 156 170 180 225 227 228 232 234 238 241 ]
215: [ 2 19 25 26 28 33 54 83 84 91 132 141 157 178 187 200 209 217 220 224 ]
216: [ 3 12 19 21 28 31 36 67 72 73 90 93 95 117 122 129 156 173 218 228 249 ]
217: [ 8 51 81 83 98 111 137 144 154 158 160 184 204 215 219 ]
218: [ 12 38 44 45 76 78 80 86 88 111 116 128 157 169 195 216 221 222 228 232 ]
219: [ 4 5 7 17 85 88 89 95 165 181 185 194 198 217 224 225 233 239 ]
220: [ 26 39 56 70 81 93 95 105 111 120 144 146 155 159 175 181 192 196 204 206 215 222 226 236 ]
221: [ 6 27 76 79 91 115 146 151 165 183 192 196 206 218 227 232 244 ]
222: [ 2 19 65 109 128 176 185 201 218 220 244 ]
223: [ 26 31 43 45 50 74 82 102 111 125 139 143 155 173 177 198 224 248 ]
224: [ 80 101 124 161 215 219 223 245 ]
225: [ 17 21 30 92 117 119 134 145 170 181 201 208 210 214 219 232 233 ]
226: [ 16 43 58 81 86 134 196 210 220 ]
227: [ 5 8 22 34 71 115 132 136 142 154 162 177 195 208 210 214 221 ]
228: [ 20 35 37 45 49 54 59 68 85 86 98 127 129 163 180 181 196 211 214 216 218 245 ]
229: [ 33 62 94 152 153 176 183 194 208 212 241 ]
230: [ 5 8 10 30 81 123 141 189 198 238 ]
231: [ 7 8 34 38 47 50 77 89 102 103 125 127 134 142 149 191 212 ]
232: [ 12 16 36 52 57 62 68 90 93 102 108 116 136 150 160 165 168 211 214 218 221 225 235 ]
233: [ 48 82 110 114 118 149 167 176 219 225 242 ]
234: [ 6 7 9 29 32 42 46 52 80 87 92 97 107 158 164 183 191 196 211 212 214 ]
235: [ 68 69 75 92 139 150 232 237 238 ]
236: [ 2 21 22 25 71 90 115 117 118 154 167 183 185 187 188 211 220 238 ]
237: [ 5 18 33 54 64 102 137 144 149 151 161 235 238 ]
238: [ 4 13 15 35 51 59 69 80 88 95 98 106 129 134 152 185 204 214 230 235 236 237 248 ]
239: [ 23 32 36 52 56 88 124 127 132 134 146 152 166 170 201 219 246 ]
240: [ 25 34 62 76 79 105 142 150 202 242 ]
241: [ 154 173 184 185 209 214 229 ]
242: [ 7 14 23 26 32 51 69 80 88 105 107 128 137 142 150 157 163 172 207 233 240 ]
243: [ 25 45 75 79 95 113 161 162 200 213 ]
244: [ 5 12 16 18 60 69 77 89 91 100 123 139 161 175 210 221 222 ]
245: [ 9 13 17 18 57 84 119 126 128 130 135 156 158 184 190 202 206 224 228 247 ]
246: [ 27 109 126 145 167 183 187 239 ]
247: [ 65 92 98 115 116 118 121 142 145 148 152 156 169 190 194 198 212 245 ]
248: [ 7 13 42 56 57 63 64 74 103 131 149 155 170 175 187 189 213 223 238 ]
249: [ 34 82 94 129 149 150 153 174 180 203 216 ]
250: [ 15 44 47 71 141 202 ]
