1: [ 24 26 31 105 112 113 142 153 155 156 174 185 195 203 204 215 246 ]
2: [ 15 19 23 43 50 66 72 86 88 91 125 136 160 161 164 182 184 201 247 ]
3: [ 133 146 207 ]
4: [ 31 33 35 78 83 114 120 125 147 160 175 192 194 218 231 ]
5: [ 33 45 51 54 64 70 81 110 111 120 123 125 142 147 152 171 194 208 221 243 249 ]
6: [ 11 31 42 48 50 99 104 106 111 139 202 215 232 240 247 ]
7: [ 20 46 55 103 118 122 149 155 163 166 185 188 196 210 220 239 ]
8: [ 36 42 43 61 70 121 166 192 217 245 ]
9: [ 38 61 62 78 119 126 154 173 217 239 ]
10: [ 21 25 43 47 54 81 82 117 127 133 174 191 195 205 221 ]
11: [ 6 17 46 88 112 124 157 164 221 224 246 ]
12: [ 43 78 108 111 113 160 165 167 201 218 245 ]
13: [ 35 46 79 88 110 118 128 152 221 235 ]
14: [ 15 95 106 181 ]
15: [ 2 14 27 42 46 52 61 94 103 108 112 123 135 136 137 140 141 166 168 182 ]
16: [ 18 58 59 68 70 79 122 140 143 161 178 189 224 249 250 ]
17: [ 11 19 22 54 132 191 205 210 217 245 ]
18: [ 16 27 29 43 76 128 168 171 185 187 188 208 210 211 243 ]
19: [ 2 17 28 56 58 67 79 83 89 120 123 124 143 150 175 210 239 245 ]
20: [ 7 92 124 139 140 143 164 179 247 250 ]
21: [ 10 39 49 51 54 80 94 103 107 120 128 149 151 165 227 233 234 245 ]
22: [ 17 52 63 64 73 87 112 133 137 142 151 167 186 191 192 ]
23: [ 2 78 122 160 180 222 229 ]
24: [ 1 33 60 82 107 188 196 221 ]
25: [ 10 27 36 63 110 113 117 127 135 183 198 202 249 ]
26: [ 1 34 72 95 108 121 142 185 ]
27: [ 15 18 25 80 114 127 138 155 180 187 197 209 217 227 ]
28: [ 19 57 63 94 117 128 153 168 189 201 204 212 231 246 ]
29: [ 18 30 47 54 56 59 76 89 92 97 147 149 153 170 177 202 210 242 250 ]
30: [ 29 97 144 147 196 202 208 220 229 ]
31: [ 1 4 6 33 52 60 65 67 71 92 110 114 115 120 129 137 140 150 173 189 195 214 ]
32: [ 60 77 88 89 95 109 123 129 135 139 142 149 155 206 209 220 ]
33: [ 4 5 24 31 38 64 67 113 114 115 127 129 137 172 182 189 196 ]
34: [ 26 79 87 99 114 250 ]
35: [ 4 13 40 45 76 78 79 99 111 115 120 195 204 227 235 ]
36: [ 8 25 65 85 111 119 146 147 148 152 173 185 193 200 201 229 230 247 ]
37: [ 44 55 73 77 120 143 159 187 214 238 245 ]
38: [ 9 33 60 97 118 173 180 185 198 ]
39: [ 21 54 68 70 133 151 160 161 184 ]
40: [ 35 56 105 108 114 115 209 214 241 ]
41: [ 105 224 ]
42: [ 6 8 15 62 78 81 91 122 145 157 167 192 210 ]
43: [ 2 8 10 12 18 64 67 89 103 112 113 117 156 161 223 235 250 ]
44: [ 37 91 106 113 121 128 135 163 168 175 187 194 195 203 207 227 243 246 249 ]
45: [ 5 35 46 65 73 165 166 183 206 ]
46: [ 7 11 13 15 45 59 78 91 140 204 231 ]
47: [ 10 29 48 105 151 219 223 ]
48: [ 6 47 118 123 135 231 ]
49: [ 21 56 59 67 108 122 132 138 159 178 196 197 ]
50: [ 2 6 93 136 140 144 182 220 242 ]
51: [ 5 21 57 69 99 105 118 125 144 151 161 168 174 177 187 205 218 229 242 245 ]
52: [ 15 22 31 54 62 82 87 108 135 136 143 204 221 236 ]
53: [ 77 82 89 128 148 188 199 224 238 239 245 250 ]
54: [ 5 10 17 21 29 39 52 67 68 77 98 117 139 142 172 173 212 232 239 ]
55: [ 7 37 72 104 129 140 147 246 247 ]
56: [ 19 29 40 49 57 60 61 86 94 104 107 138 160 169 171 232 ]
57: [ 28 51 56 75 85 87 147 149 155 191 196 200 232 239 243 249 ]
58: [ 16 19 88 93 115 121 142 147 175 193 197 209 243 250 ]
59: [ 16 29 46 49 62 65 88 115 119 128 178 202 218 226 233 236 245 ]
60: [ 24 31 32 38 56 81 113 117 129 147 152 158 174 197 242 ]
61: [ 8 9 15 56 100 127 159 161 164 173 178 187 198 202 221 236 242 ]
62: [ 9 42 52 59 102 131 174 204 216 227 242 ]
63: [ 22 25 28 73 81 91 93 101 109 115 127 129 135 137 157 174 186 188 241 249 ]
64: [ 5 22 33 43 68 78 87 120 146 159 164 215 218 239 ]
65: [ 31 36 45 59 72 86 110 117 126 150 151 164 188 192 213 237 248 ]
66: [ 2 75 93 105 109 115 128 165 185 189 209 220 229 249 ]
67: [ 19 31 33 43 49 54 77 100 106 110 112 167 186 205 218 243 ]
68: [ 16 39 54 64 70 82 169 204 207 216 221 227 233 ]
69: [ 51 92 99 110 125 164 192 224 ]
70: [ 5 8 16 39 68 71 72 81 99 105 109 119 138 163 166 173 193 201 205 248 ]
71: [ 31 70 157 158 159 178 183 189 202 249 ]
72: [ 2 26 55 65 70 87 94 98 99 100 110 112 116 131 132 149 211 218 ]
73: [ 22 37 45 63 110 113 116 129 142 162 168 177 199 205 227 ]
74: [ 111 138 155 188 229 241 250 ]
75: [ 57 66 81 94 109 112 125 129 143 156 ]
76: [ 18 29 35 77 132 142 169 196 197 204 222 235 249 ]
77: [ 32 37 53 54 67 76 83 88 144 181 190 199 209 ]
78: [ 4 9 12 23 35 42 46 64 99 102 109 140 161 162 168 169 172 181 182 228 233 249 ]
79: [ 13 16 19 34 35 109 118 127 152 156 178 216 ]
80: [ 21 27 100 107 108 154 181 184 ]
81: [ 5 10 42 60 63 70 75 106 122 141 186 195 204 206 214 220 238 ]
82: [ 10 24 52 53 68 89 117 152 161 183 195 213 239 247 ]
83: [ 4 19 77 85 86 100 127 157 179 246 ]
84: [ 115 165 227 242 ]
85: [ 36 57 83 109 110 112 133 136 150 217 244 ]
86: [ 2 56 65 83 92 96 137 145 146 156 199 207 209 224 227 237 ]
87: [ 22 34 52 57 64 72 91 99 100 125 127 165 201 206 218 220 237 ]
88: [ 2 11 13 32 58 59 77 97 107 111 113 161 177 179 192 198 202 233 242 ]
89: [ 19 29 32 43 53 82 110 135 149 173 181 212 213 228 234 ]
90: [ 120 221 242 ]
91: [ 2 42 44 46 63 87 92 93 99 118 142 161 177 178 185 189 195 210 234 ]
92: [ 20 29 31 69 86 91 96 148 154 155 167 202 206 210 214 220 227 242 ]
93: [ 50 58 63 66 91 117 140 160 ]
94: [ 15 21 28 56 72 75 111 122 128 146 173 242 ]
95: [ 14 26 32 105 118 157 170 184 224 239 245 ]
96: [ 86 92 97 120 183 191 209 249 ]
97: [ 29 30 38 88 96 104 112 122 153 171 173 218 241 247 250 ]
98: [ 54 72 105 106 118 122 171 185 223 226 236 242 ]
99: [ 6 34 35 51 69 70 72 78 87 91 104 109 123 130 148 163 172 175 205 218 ]
100: [ 61 67 72 80 83 87 103 165 169 178 193 197 204 227 242 ]
101: [ 63 111 112 140 154 162 172 182 191 ]
102: [ 62 78 132 142 146 163 165 173 174 175 177 209 210 222 229 245 ]
103: [ 7 15 21 43 100 106 129 170 178 182 184 216 220 236 ]
104: [ 6 55 56 97 99 115 117 148 186 188 192 195 199 200 206 214 226 243 ]
105: [ 1 40 41 47 51 66 70 95 98 106 117 146 152 198 201 213 218 230 234 ]
106: [ 6 14 44 67 81 98 103 105 110 113 134 172 193 200 214 232 238 239 241 245 ]
107: [ 21 24 56 80 88 175 202 227 ]
108: [ 12 15 26 40 49 52 80 117 131 165 178 213 216 229 ]
109: [ 32 63 66 70 75 78 79 85 99 132 149 152 198 235 246 ]
110: [ 5 13 25 31 65 67 69 72 73 85 89 106 129 176 180 181 187 198 216 219 241 244 ]
111: [ 5 6 12 35 36 74 88 94 101 114 173 179 204 206 223 230 241 ]
112: [ 1 11 15 22 43 67 72 75 85 97 101 139 149 204 222 230 246 ]
113: [ 1 12 25 33 43 44 60 73 88 106 115 165 179 181 184 189 215 216 ]
114: [ 4 27 31 33 34 40 111 135 176 206 207 219 222 238 ]
115: [ 31 33 35 40 58 59 63 66 84 104 113 120 182 183 184 199 211 224 234 235 237 240 248 ]
116: [ 72 73 132 143 192 206 245 247 ]
117: [ 10 25 28 43 54 60 65 82 93 104 105 108 131 160 174 206 229 239 247 248 ]
118: [ 7 13 38 48 51 79 91 95 98 140 141 150 152 153 156 175 210 218 ]
119: [ 9 36 59 70 145 157 197 238 ]
120: [ 4 5 19 21 31 35 37 64 90 96 115 135 157 163 184 213 217 235 247 ]
121: [ 8 26 44 58 133 137 161 164 173 178 181 194 213 243 ]
122: [ 7 16 23 42 49 81 94 97 98 133 160 167 195 230 ]
123: [ 5 15 19 32 48 99 132 135 155 180 181 201 214 226 227 231 ]
124: [ 11 19 20 128 134 146 183 ]
125: [ 2 4 5 51 69 75 87 129 133 138 155 161 166 167 174 200 204 246 ]
126: [ 9 65 206 223 ]
127: [ 10 25 27 33 61 63 79 83 87 153 164 165 229 ]
128: [ 13 18 21 28 44 53 59 66 94 124 151 188 192 194 202 249 250 ]
129: [ 31 32 33 55 60 63 73 75 103 110 125 132 149 160 188 190 205 226 242 ]
130: [ 99 143 ]
131: [ 62 72 108 117 169 173 179 187 188 201 202 217 232 233 236 241 ]
132: [ 17 49 72 76 102 109 116 123 129 136 140 142 153 161 162 217 238 240 ]
133: [ 3 10 22 39 85 121 122 125 151 188 192 202 224 243 ]
134: [ 106 124 224 ]
135: [ 15 25 32 44 48 52 63 89 114 120 123 148 174 199 204 205 223 231 ]
136: [ 2 15 50 52 85 132 142 143 156 169 210 213 226 240 ]
137: [ 15 22 31 33 63 86 121 155 160 165 173 196 ]
138: [ 27 49 56 70 74 125 157 197 218 ]
139: [ 6 20 32 54 112 140 150 186 212 224 241 ]
140: [ 15 16 20 31 46 50 55 78 93 101 118 132 139 146 152 189 195 198 204 207 217 223 227 247 ]
141: [ 15 81 118 142 167 205 223 242 ]
142: [ 1 5 22 26 32 54 58 73 76 91 102 132 136 141 156 160 166 169 217 223 224 240 241 ]
143: [ 16 19 20 37 52 75 116 130 136 144 147 162 165 172 201 209 220 229 232 245 246 247 ]
144: [ 30 50 51 77 143 152 155 210 219 ]
145: [ 42 86 119 161 169 181 225 232 ]
146: [ 3 36 64 86 94 102 105 124 140 167 181 202 203 218 221 248 250 ]
147: [ 4 5 29 30 36 55 57 58 60 143 155 218 223 228 231 248 ]
148: [ 36 53 92 99 104 135 155 169 173 180 184 ]
149: [ 7 21 29 32 57 72 89 109 112 129 157 160 194 197 207 219 226 ]
150: [ 19 31 65 85 118 139 172 177 195 197 245 250 ]
151: [ 21 22 39 47 51 65 128 133 164 194 201 220 227 ]
152: [ 5 13 36 60 79 82 105 109 118 140 144 163 172 185 211 217 237 246 ]
153: [ 1 28 29 97 118 127 132 158 165 178 180 185 188 201 214 227 231 ]
154: [ 9 80 92 101 160 174 211 ]
155: [ 1 7 27 32 57 74 92 123 125 137 144 147 148 172 181 184 193 211 224 246 ]
156: [ 1 43 75 79 86 118 136 142 164 198 224 ]
157: [ 11 42 63 71 83 95 119 120 138 149 169 172 191 192 232 247 249 ]
158: [ 60 71 153 212 233 ]
159: [ 37 49 61 64 71 161 183 190 192 203 205 243 245 249 ]
160: [ 2 4 12 23 39 56 93 117 122 129 137 142 149 154 162 164 175 184 188 225 235 242 243 ]
161: [ 2 16 39 43 51 61 78 82 88 91 121 125 132 145 159 205 206 207 218 ]
162: [ 73 78 101 132 143 160 197 199 247 ]
163: [ 7 44 70 99 102 120 152 169 210 ]
164: [ 2 11 20 61 64 65 69 121 127 151 156 160 196 207 221 227 245 ]
165: [ 12 21 45 66 84 87 100 102 108 113 127 137 143 153 167 172 175 186 236 237 ]
166: [ 7 8 15 45 70 125 142 223 ]
167: [ 12 22 42 67 92 122 125 141 146 165 187 195 209 210 231 234 ]
168: [ 15 18 28 44 51 73 78 233 245 ]
169: [ 56 68 76 78 100 131 136 142 145 148 157 163 176 180 181 182 195 196 200 201 203 205 213 229 243 ]
170: [ 29 95 103 248 ]
171: [ 5 18 56 97 98 211 216 224 ]
172: [ 33 54 78 99 101 106 143 150 152 155 157 165 208 209 233 235 ]
173: [ 9 31 36 38 54 61 70 89 94 97 102 111 121 131 137 148 196 ]
174: [ 1 10 51 60 62 63 102 117 125 135 154 181 197 205 206 209 221 224 225 228 241 ]
175: [ 4 19 44 58 99 102 107 118 160 165 182 206 226 ]
176: [ 110 114 169 196 210 249 ]
177: [ 29 51 73 88 91 102 150 198 235 244 ]
178: [ 16 49 59 61 71 79 91 100 103 108 121 153 185 189 196 199 200 232 245 249 ]
179: [ 20 83 88 111 113 131 204 229 234 ]
180: [ 23 27 38 110 123 148 153 169 250 ]
181: [ 14 77 78 80 89 110 113 121 123 145 146 155 169 174 184 194 245 250 ]
182: [ 2 15 33 50 78 101 103 115 169 175 191 216 218 244 249 ]
183: [ 25 45 71 82 96 115 124 159 241 245 246 250 ]
184: [ 2 39 80 95 103 113 115 120 148 155 160 181 194 201 216 ]
185: [ 1 7 18 26 36 38 66 91 98 152 153 178 187 196 203 210 220 223 233 234 ]
186: [ 22 63 67 81 104 139 165 189 206 233 246 ]
187: [ 18 27 37 44 51 61 110 131 167 185 223 ]
188: [ 7 18 24 53 63 65 74 104 128 129 131 133 153 160 220 233 249 250 ]
189: [ 16 28 31 33 66 71 91 113 140 178 186 194 199 222 243 250 ]
190: [ 77 129 159 200 227 232 234 ]
191: [ 10 17 22 57 96 101 157 182 211 240 249 ]
192: [ 4 8 22 42 65 69 88 104 116 128 133 157 159 195 196 208 209 215 223 236 247 ]
193: [ 36 58 70 100 106 155 220 ]
194: [ 4 5 44 121 128 149 151 181 184 189 213 216 ]
195: [ 1 10 31 35 44 81 82 91 104 122 140 150 167 169 192 237 239 ]
196: [ 7 24 30 33 49 57 76 137 164 169 173 176 178 185 192 214 218 ]
197: [ 27 49 58 60 76 100 119 138 149 150 162 174 205 224 227 230 235 244 249 ]
198: [ 25 38 61 88 105 109 110 140 156 177 ]
199: [ 53 73 77 86 104 115 135 162 178 189 207 218 226 ]
200: [ 36 57 104 106 125 169 178 190 203 206 217 219 234 239 ]
201: [ 2 12 28 36 70 87 105 123 131 143 151 153 169 184 216 248 ]
202: [ 6 25 29 30 59 61 71 88 92 107 128 131 133 146 210 237 ]
203: [ 1 44 146 159 169 185 200 ]
204: [ 1 28 35 46 52 62 68 76 81 100 111 112 125 135 140 179 206 224 232 ]
205: [ 10 17 51 67 70 73 99 129 135 141 159 161 169 174 197 220 237 ]
206: [ 32 45 81 87 92 104 111 114 116 117 126 161 174 175 186 200 204 218 221 222 246 ]
207: [ 3 44 68 86 114 140 149 161 164 199 233 ]
208: [ 5 18 30 172 192 217 241 ]
209: [ 27 32 40 58 66 77 86 96 102 143 167 172 174 192 218 241 ]
210: [ 7 17 18 19 29 42 91 92 102 118 136 144 163 167 176 185 202 218 228 250 ]
211: [ 18 72 115 152 154 155 171 191 227 233 245 ]
212: [ 28 54 89 139 158 239 241 248 ]
213: [ 65 82 89 105 108 120 121 136 169 194 214 223 244 ]
214: [ 31 37 40 81 92 104 106 123 153 196 213 234 247 ]
215: [ 1 6 64 113 192 237 ]
216: [ 62 68 79 103 108 110 113 171 182 184 194 201 241 243 ]
217: [ 8 9 17 27 85 120 131 132 140 142 152 200 208 227 228 235 ]
218: [ 4 12 51 59 64 67 72 87 97 99 105 118 138 146 147 161 182 196 199 206 209 210 229 248 250 ]
219: [ 47 110 114 144 149 200 235 ]
220: [ 7 30 32 50 66 81 87 92 103 143 151 185 188 193 205 221 225 233 247 ]
221: [ 5 10 11 13 24 52 61 68 90 146 164 174 206 220 226 ]
222: [ 23 76 102 112 114 189 206 237 ]
223: [ 43 47 98 111 126 135 140 141 142 147 166 185 187 192 213 233 250 ]
224: [ 11 16 41 53 69 86 95 115 133 134 139 142 155 156 171 174 197 204 231 239 241 247 ]
225: [ 145 160 174 220 ]
226: [ 59 98 104 123 129 136 149 175 199 221 ]
227: [ 21 27 35 44 62 68 73 84 86 92 100 107 123 140 151 153 164 190 197 211 217 ]
228: [ 78 89 147 174 210 217 229 238 242 ]
229: [ 23 30 36 51 66 74 102 108 117 127 143 169 179 218 228 242 248 ]
230: [ 36 105 111 112 122 197 ]
231: [ 4 28 46 48 123 135 147 153 167 224 ]
232: [ 6 54 56 57 106 131 143 145 157 178 190 204 249 250 ]
233: [ 21 59 68 78 88 131 158 168 172 185 186 188 207 211 220 223 246 ]
234: [ 21 89 91 105 115 167 179 185 190 200 214 242 ]
235: [ 13 35 43 76 109 115 120 160 172 177 197 217 219 242 ]
236: [ 52 59 61 98 103 131 165 192 239 ]
237: [ 65 86 87 115 152 165 195 202 205 215 222 243 ]
238: [ 37 53 81 106 114 119 132 228 ]
239: [ 7 9 19 53 54 57 64 82 95 106 117 195 200 212 224 236 245 ]
240: [ 6 115 132 136 142 191 244 ]
241: [ 40 63 74 97 106 110 111 131 139 142 174 183 208 209 212 216 224 244 ]
242: [ 29 50 51 60 61 62 84 88 90 92 94 98 100 129 141 160 228 229 234 235 246 247 250 ]
243: [ 5 18 44 57 58 67 104 121 133 159 160 169 189 216 237 ]
244: [ 85 110 177 182 197 213 240 241 ]
245: [ 8 12 17 19 21 37 51 53 59 95 102 106 116 143 150 159 164 168 178 181 183 211 239 ]
246: [ 1 11 28 44 55 83 109 112 125 143 152 155 183 186 206 233 242 249 ]
247: [ 2 6 20 36 55 82 97 116 117 120 140 143 157 162 192 214 220 224 242 ]
248: [ 65 70 115 117 146 147 170 201 212 218 229 ]
249: [ 5 16 25 44 57 63 66 71 76 78 96 128 157 159 176 178 182 188 191 197 232 246 ]
250: [ 16 20 29 34 43 53 58 74 97 128 146 150 180 181 183 188 189 210 218 223 232 242 ]
