1: [ 20 44 54 60 62 63 79 92 122 136 147 160 238 242 246 ]
2: [ 6 10 49 53 116 120 208 229 246 248 ]
3: [ 40 47 171 189 220 249 ]
4: [ 12 68 80 83 105 112 122 154 156 159 163 172 177 180 212 239 ]
5: [ 23 36 51 57 58 65 70 71 78 80 93 118 119 126 128 146 175 213 225 228 238 246 ]
6: [ 2 23 32 85 92 114 115 124 145 150 157 168 170 183 200 237 246 ]
7: [ 26 31 49 73 80 93 124 130 164 233 240 241 244 247 249 ]
8: [ 75 119 141 175 218 ]
9: [ 34 40 45 69 89 106 169 172 177 192 203 211 221 243 ]
10: [ 2 26 27 29 63 108 147 153 169 189 195 213 215 224 228 239 241 ]
11: [ 12 15 25 41 42 77 104 110 122 166 209 244 ]
12: [ 4 11 13 30 35 39 47 91 99 128 145 166 176 226 ]
13: [ 12 24 27 36 42 56 64 75 139 150 171 177 195 213 230 240 ]
14: [ 22 77 92 129 137 139 227 232 ]
15: [ 11 33 35 51 76 91 96 115 117 123 124 126 137 141 148 159 160 167 173 183 190 200 208 228 243 247 ]
16: [ 58 89 103 138 225 ]
17: [ 22 64 73 95 96 117 130 180 193 225 ]
18: [ 19 32 39 44 45 53 62 87 99 107 110 121 132 149 151 158 160 161 178 195 214 218 ]
19: [ 18 25 33 40 60 85 91 98 103 138 153 169 179 189 209 225 228 232 ]
20: [ 1 32 57 64 72 114 127 144 150 ]
21: [ 23 28 45 81 101 139 144 160 209 228 ]
22: [ 14 17 23 25 31 46 53 58 63 87 99 109 155 160 162 177 231 ]
23: [ 5 6 21 22 33 39 47 90 97 99 102 138 167 172 194 196 204 236 ]
24: [ 13 45 56 58 74 98 137 171 180 212 ]
25: [ 11 19 22 31 42 89 92 116 118 120 130 134 165 172 204 208 227 228 ]
26: [ 7 10 59 72 73 86 88 92 109 120 127 154 155 157 158 172 197 202 223 ]
27: [ 10 13 39 54 57 74 96 117 153 191 230 ]
28: [ 21 38 53 60 63 66 72 77 99 108 140 150 177 202 ]
29: [ 10 33 103 110 115 138 171 174 236 ]
30: [ 12 56 86 98 118 121 140 141 144 147 154 157 158 164 165 178 183 186 241 ]
31: [ 7 22 25 44 50 106 136 137 148 181 199 200 222 244 247 ]
32: [ 6 18 20 60 81 90 122 150 170 175 245 249 ]
33: [ 15 19 23 29 50 157 239 ]
34: [ 9 35 59 61 75 104 106 118 125 137 140 159 160 167 170 183 194 196 199 213 238 ]
35: [ 12 15 34 42 62 93 101 107 119 124 162 174 179 186 187 188 195 205 222 226 246 247 ]
36: [ 5 13 50 56 77 78 80 99 121 122 123 128 136 160 163 173 201 204 214 217 218 222 244 245 ]
37: [ 47 50 52 62 64 72 85 91 102 118 134 139 141 146 175 180 233 ]
38: [ 28 72 84 88 105 126 183 224 225 242 246 ]
39: [ 12 18 23 27 72 77 124 142 145 172 183 194 202 206 225 227 ]
40: [ 3 9 19 60 64 135 144 149 158 161 164 171 179 210 232 ]
41: [ 11 68 77 95 134 189 ]
42: [ 11 13 25 35 46 55 57 64 81 83 93 124 129 144 156 171 193 196 207 228 ]
43: [ 87 129 132 147 167 192 ]
44: [ 1 18 31 47 60 72 128 139 183 186 189 204 ]
45: [ 9 18 21 24 88 101 108 113 129 165 166 167 174 196 201 229 230 238 ]
46: [ 22 42 74 77 125 130 156 194 241 248 ]
47: [ 3 12 23 37 44 58 91 93 116 134 152 155 160 164 171 195 ]
48: [ 81 139 157 159 228 241 242 ]
49: [ 2 7 60 73 97 99 136 150 157 162 169 188 197 206 221 244 249 250 ]
50: [ 31 33 36 37 53 88 89 141 144 149 157 189 228 ]
51: [ 5 15 66 71 81 87 94 124 125 147 167 178 191 199 217 219 ]
52: [ 37 82 86 106 115 121 153 168 172 184 206 226 228 233 244 ]
53: [ 2 18 22 28 50 56 60 81 85 94 135 161 166 175 233 236 ]
54: [ 1 27 61 94 99 106 112 121 145 148 151 156 159 160 161 164 170 194 227 238 247 ]
55: [ 42 98 204 ]
56: [ 13 24 30 36 53 74 95 96 123 138 140 145 157 162 183 195 199 218 230 233 ]
57: [ 5 20 27 42 66 96 98 106 132 146 150 161 201 202 211 227 242 248 ]
58: [ 5 16 22 24 47 60 61 74 76 87 145 159 170 174 181 204 206 214 215 235 241 249 ]
59: [ 26 34 68 75 136 174 195 ]
60: [ 1 19 28 32 40 44 49 53 58 71 82 122 129 225 240 241 243 ]
61: [ 34 54 58 71 107 112 180 183 189 194 195 199 241 250 ]
62: [ 1 18 35 37 78 120 140 154 156 166 196 203 220 234 ]
63: [ 1 10 22 28 99 105 112 136 161 171 230 ]
64: [ 13 17 20 37 40 42 80 89 110 127 139 175 218 248 ]
65: [ 5 74 87 103 214 ]
66: [ 28 51 57 81 162 176 177 183 219 248 ]
67: [ 112 157 183 226 229 239 240 ]
68: [ 4 41 59 75 87 92 100 102 105 150 164 175 192 201 209 212 217 223 225 233 ]
69: [ 9 134 209 214 228 ]
70: [ 5 121 143 183 ]
71: [ 5 51 60 61 75 109 150 159 169 173 202 215 230 234 236 246 248 249 ]
72: [ 20 26 28 37 38 39 44 93 98 104 105 134 150 156 157 161 186 203 207 215 228 229 ]
73: [ 7 17 26 49 74 132 146 157 193 217 219 226 ]
74: [ 24 27 46 56 58 65 73 93 108 117 127 133 141 178 182 194 223 225 238 246 247 249 ]
75: [ 8 13 34 59 68 71 78 83 182 183 193 206 228 ]
76: [ 15 58 78 122 140 158 189 225 249 ]
77: [ 11 14 28 36 39 41 46 81 83 96 122 152 176 181 200 237 248 ]
78: [ 5 36 62 75 76 87 113 119 157 170 199 218 ]
79: [ 1 92 97 108 110 113 142 159 247 248 ]
80: [ 4 5 7 36 64 83 152 169 175 203 209 247 ]
81: [ 21 32 42 48 51 53 66 77 92 125 132 186 208 217 231 ]
82: [ 52 60 140 165 191 233 237 238 ]
83: [ 4 42 75 77 80 89 107 113 118 148 153 160 162 166 197 216 218 232 233 239 ]
84: [ 38 98 101 174 204 249 ]
85: [ 6 19 37 53 92 150 154 158 161 174 180 186 221 230 244 ]
86: [ 26 30 52 96 154 162 190 212 229 ]
87: [ 18 22 43 51 58 65 68 78 102 109 111 115 138 160 180 210 216 ]
88: [ 26 38 45 50 103 108 162 180 203 204 ]
89: [ 9 16 25 50 64 83 124 140 153 154 160 180 194 214 222 233 247 ]
90: [ 23 32 103 128 186 195 205 214 ]
91: [ 12 15 19 37 47 109 146 169 175 178 191 201 203 210 215 238 ]
92: [ 1 6 14 25 26 68 79 81 85 93 99 112 122 202 215 225 246 ]
93: [ 5 7 35 42 47 72 74 92 102 109 118 131 152 170 171 201 210 228 241 ]
94: [ 51 53 54 102 116 121 127 159 173 208 230 231 ]
95: [ 17 41 56 99 121 122 139 160 169 214 219 ]
96: [ 15 17 27 56 57 77 86 113 114 116 118 124 129 135 136 150 157 164 171 177 195 203 216 237 239 ]
97: [ 23 49 79 99 125 139 143 ]
98: [ 19 24 30 55 57 72 84 129 132 136 174 212 223 227 235 ]
99: [ 12 18 22 23 28 36 49 54 63 92 95 97 112 124 139 143 156 157 161 175 180 185 187 192 208 211 228 ]
100: [ 68 198 ]
101: [ 21 35 45 84 108 152 235 ]
102: [ 23 37 68 87 93 94 104 105 108 111 124 131 154 160 168 179 222 225 ]
103: [ 16 19 29 65 88 90 106 110 114 116 157 163 169 173 187 195 197 233 247 ]
104: [ 11 34 72 102 116 129 140 141 181 200 228 230 ]
105: [ 4 38 63 68 72 102 110 121 178 188 215 233 ]
106: [ 9 31 34 52 54 57 103 133 145 152 ]
107: [ 18 35 61 83 117 118 122 138 177 190 191 214 231 238 243 ]
108: [ 10 28 45 74 79 88 101 102 130 159 161 166 176 186 197 225 249 ]
109: [ 22 26 71 87 91 93 110 148 171 193 218 ]
110: [ 11 18 29 64 79 103 105 109 136 138 139 155 164 167 180 182 224 225 230 233 ]
111: [ 87 102 123 134 177 227 241 242 ]
112: [ 4 54 61 63 67 92 99 150 159 167 178 228 ]
113: [ 45 78 79 83 96 129 150 196 199 207 211 ]
114: [ 6 20 96 103 137 144 159 173 177 198 203 223 228 236 ]
115: [ 6 15 29 52 87 123 156 167 173 182 217 218 ]
116: [ 2 25 47 94 96 103 104 144 148 149 159 174 177 180 194 198 201 202 205 206 214 227 233 234 239 240 ]
117: [ 15 17 27 74 107 123 167 178 201 235 ]
118: [ 5 25 30 34 37 83 93 96 107 168 194 244 ]
119: [ 5 8 35 78 122 128 134 169 186 189 216 227 248 ]
120: [ 2 25 26 62 129 135 198 215 247 ]
121: [ 18 30 36 52 54 70 94 95 105 136 139 141 147 149 168 232 236 246 ]
122: [ 1 4 11 32 36 60 76 77 92 95 107 119 141 168 171 178 185 192 218 226 235 238 ]
123: [ 15 36 56 111 115 117 129 154 189 201 237 ]
124: [ 6 7 15 35 39 42 51 89 96 99 102 134 173 177 186 205 225 232 ]
125: [ 34 46 51 81 97 140 161 167 179 192 195 216 223 247 249 ]
126: [ 5 15 38 135 160 174 180 190 195 213 ]
127: [ 20 26 64 74 94 206 221 223 230 ]
128: [ 5 12 36 44 90 119 182 202 230 249 ]
129: [ 14 42 43 45 60 96 98 104 113 120 123 156 168 177 182 227 230 ]
130: [ 7 17 25 46 108 152 154 160 183 192 249 ]
131: [ 93 102 161 180 ]
132: [ 18 43 57 73 81 98 144 183 199 232 233 ]
133: [ 74 106 140 141 171 177 209 236 249 ]
134: [ 25 37 41 47 69 72 111 119 124 154 172 174 199 209 217 247 ]
135: [ 40 53 96 120 126 136 148 179 185 187 193 198 208 238 ]
136: [ 1 31 36 49 59 63 96 98 110 121 135 147 152 171 180 182 197 227 242 244 245 ]
137: [ 14 15 24 31 34 114 144 153 155 218 ]
138: [ 16 19 23 29 56 87 107 110 145 205 214 220 238 ]
139: [ 13 14 21 37 44 48 64 95 97 99 110 121 157 159 179 185 195 196 197 221 223 ]
140: [ 28 30 34 56 62 76 82 89 104 125 133 148 166 181 193 196 197 204 218 227 235 ]
141: [ 8 15 30 37 50 74 104 121 122 133 144 148 174 182 194 195 202 224 229 ]
142: [ 39 79 155 172 174 176 183 202 203 209 240 ]
143: [ 70 97 99 150 165 169 175 217 233 ]
144: [ 20 21 30 40 42 50 114 116 132 137 141 157 183 184 197 211 246 ]
145: [ 6 12 39 54 56 58 106 138 155 178 192 194 196 204 207 230 ]
146: [ 5 37 57 73 91 153 195 230 ]
147: [ 1 10 30 43 51 121 136 163 172 183 194 201 208 ]
148: [ 15 31 54 83 109 116 135 140 141 160 244 ]
149: [ 18 40 50 116 121 168 ]
150: [ 6 13 20 28 32 49 57 68 71 72 85 96 112 113 143 188 196 197 200 236 244 ]
151: [ 18 54 174 180 236 ]
152: [ 47 77 80 93 101 106 130 136 181 ]
153: [ 10 19 27 52 83 89 137 146 182 ]
154: [ 4 26 30 62 85 86 89 102 123 130 134 164 166 168 208 243 ]
155: [ 22 26 47 110 137 142 145 190 204 229 240 ]
156: [ 4 42 46 54 62 72 99 115 129 157 162 172 219 242 247 ]
157: [ 6 26 30 33 48 49 50 56 67 72 73 78 96 99 103 139 144 156 214 226 ]
158: [ 18 26 30 40 76 85 213 215 ]
159: [ 4 15 34 48 54 58 71 79 94 108 112 114 116 139 186 196 206 222 244 247 ]
160: [ 1 15 18 21 22 34 36 47 54 83 87 89 95 102 126 130 148 169 182 193 194 217 227 245 ]
161: [ 18 40 53 54 57 63 72 85 99 108 125 131 176 213 235 ]
162: [ 22 35 49 56 66 83 86 88 156 167 172 178 191 198 199 204 205 231 ]
163: [ 4 36 103 147 238 ]
164: [ 7 30 40 47 54 68 96 110 154 246 247 ]
165: [ 25 30 45 82 143 194 202 218 239 244 ]
166: [ 11 12 45 53 62 83 108 140 154 172 183 ]
167: [ 15 23 34 43 45 51 110 112 115 117 125 162 172 182 217 248 ]
168: [ 6 52 102 118 121 122 129 149 154 173 198 219 227 239 242 ]
169: [ 9 10 19 49 71 80 91 95 103 119 143 160 175 ]
170: [ 6 32 34 54 58 78 93 202 215 223 ]
171: [ 3 13 24 29 40 42 47 63 93 96 109 122 133 136 175 201 213 215 239 ]
172: [ 4 9 23 25 26 39 52 134 142 147 156 162 166 167 174 184 198 204 225 233 248 ]
173: [ 15 36 71 94 103 114 115 124 168 227 246 ]
174: [ 29 35 45 58 59 84 85 98 116 126 134 141 142 151 172 189 203 230 ]
175: [ 5 8 32 37 53 64 68 80 91 99 143 169 171 176 212 217 231 238 246 ]
176: [ 12 66 77 108 142 161 175 182 209 ]
177: [ 4 9 13 22 28 66 96 107 111 114 116 124 129 133 181 203 211 217 226 234 243 249 ]
178: [ 18 30 51 74 91 105 112 117 122 145 162 196 202 216 222 236 ]
179: [ 19 35 40 102 125 135 139 247 ]
180: [ 4 17 24 37 61 85 87 88 89 99 110 116 126 131 136 151 204 219 225 229 ]
181: [ 31 58 77 104 140 152 177 200 204 209 247 ]
182: [ 74 75 110 115 128 129 136 141 153 160 167 176 198 218 221 226 238 239 241 243 ]
183: [ 6 15 30 34 38 39 44 56 61 66 67 70 75 130 132 142 144 147 166 194 236 ]
184: [ 52 144 172 186 199 203 228 ]
185: [ 99 122 135 139 193 206 210 ]
186: [ 30 35 44 72 81 85 90 108 119 124 159 184 189 196 209 ]
187: [ 35 99 103 135 197 227 ]
188: [ 35 49 105 150 211 213 226 ]
189: [ 3 10 19 41 44 50 61 76 119 123 174 186 206 219 223 240 242 ]
190: [ 15 86 107 126 155 202 ]
191: [ 27 51 82 91 107 162 192 201 207 221 232 ]
192: [ 9 43 68 99 122 125 130 145 191 211 222 ]
193: [ 17 42 73 75 109 135 140 160 185 ]
194: [ 23 34 39 46 54 61 74 89 116 118 141 145 147 160 165 183 ]
195: [ 10 13 18 35 47 56 59 61 90 96 103 125 126 139 141 146 200 229 237 ]
196: [ 23 34 42 45 62 113 139 140 145 150 159 178 186 219 234 ]
197: [ 26 49 83 103 108 136 139 140 144 150 187 227 ]
198: [ 100 114 116 120 135 162 168 172 182 215 220 221 244 ]
199: [ 31 34 51 56 61 78 113 132 134 162 184 204 206 210 223 224 248 ]
200: [ 6 15 31 77 104 150 181 195 219 246 ]
201: [ 36 45 57 68 91 93 116 117 123 147 171 191 216 ]
202: [ 26 28 39 57 71 92 116 128 141 142 165 170 178 190 227 ]
203: [ 9 62 72 80 88 91 96 114 142 174 177 184 227 228 238 ]
204: [ 23 25 36 44 55 58 84 88 140 145 155 162 172 180 181 199 226 229 230 236 240 247 ]
205: [ 35 90 116 124 138 162 207 223 239 247 ]
206: [ 39 49 52 58 75 116 127 159 185 189 199 248 ]
207: [ 42 72 113 145 191 205 ]
208: [ 2 15 25 81 94 99 135 147 154 211 231 238 244 248 ]
209: [ 11 19 21 68 69 80 133 134 142 176 181 186 219 228 236 240 248 ]
210: [ 40 87 91 93 185 199 236 246 ]
211: [ 9 57 99 113 144 177 188 192 208 216 223 ]
212: [ 4 24 68 86 98 175 ]
213: [ 5 10 13 34 126 158 161 171 188 249 ]
214: [ 18 36 58 65 69 89 90 95 107 116 138 157 217 232 234 ]
215: [ 10 58 71 72 91 92 105 120 158 170 171 198 217 225 230 ]
216: [ 83 87 96 119 125 178 201 211 231 245 ]
217: [ 36 51 68 73 81 115 134 143 160 167 175 177 214 215 220 229 231 ]
218: [ 8 18 36 56 64 78 83 109 115 122 137 140 165 182 ]
219: [ 51 66 73 95 156 168 180 189 196 200 209 224 226 232 248 ]
220: [ 3 62 138 198 217 ]
221: [ 9 49 85 127 139 182 191 198 ]
222: [ 31 35 36 89 102 159 178 192 232 239 241 ]
223: [ 26 68 74 98 114 125 127 139 170 189 199 205 211 240 ]
224: [ 10 38 110 141 199 219 ]
225: [ 5 16 17 19 38 39 60 68 74 76 92 102 108 110 124 172 180 215 236 ]
226: [ 12 35 52 67 73 122 157 177 182 188 204 219 247 ]
227: [ 14 25 39 54 57 98 111 116 119 129 136 140 160 168 173 187 197 202 203 235 242 ]
228: [ 5 10 15 19 21 25 42 48 50 52 69 72 75 93 99 104 112 114 184 203 209 240 248 ]
229: [ 2 45 67 72 86 141 155 180 195 204 217 230 236 ]
230: [ 13 27 45 56 63 71 85 94 104 110 127 128 129 145 146 174 204 215 229 240 246 ]
231: [ 22 81 94 107 162 175 208 216 217 ]
232: [ 14 19 40 83 121 124 132 191 214 219 222 ]
233: [ 7 37 52 53 56 68 82 83 89 103 105 110 116 132 143 172 ]
234: [ 62 71 116 177 196 214 ]
235: [ 58 98 101 117 122 140 161 227 ]
236: [ 23 29 53 71 114 121 133 150 151 178 183 204 209 210 225 229 244 ]
237: [ 6 77 82 96 123 195 ]
238: [ 1 5 34 45 54 74 82 91 107 122 135 138 163 175 182 203 208 ]
239: [ 4 10 33 67 83 96 116 165 168 171 182 205 222 ]
240: [ 7 13 60 67 116 142 155 189 204 209 223 228 230 ]
241: [ 7 10 30 46 48 58 60 61 93 111 182 222 ]
242: [ 1 38 48 57 111 136 156 168 189 227 ]
243: [ 9 15 60 107 154 177 182 ]
244: [ 7 11 31 36 49 52 85 118 136 148 150 159 165 198 208 236 ]
245: [ 32 36 136 160 216 ]
246: [ 1 2 5 6 35 38 71 74 92 121 144 164 173 175 200 210 230 ]
247: [ 7 15 31 35 54 74 79 80 89 103 120 125 134 156 159 164 179 181 204 205 226 ]
248: [ 2 46 57 64 66 71 77 79 119 167 172 199 206 208 209 219 228 ]
249: [ 3 7 32 49 58 71 74 76 84 108 125 128 130 133 177 213 ]
250: [ 49 61 ]
