1: [ 25 53 55 72 74 81 87 90 116 129 150 164 176 179 180 206 210 213 230 234 ]
2: [ 10 14 100 105 119 122 128 151 161 181 194 197 199 201 208 214 ]
3: [ 56 64 78 105 125 137 140 144 145 158 181 184 202 203 207 226 243 ]
4: [ 14 21 33 38 39 57 59 65 84 125 126 132 138 152 176 198 206 225 230 ]
5: [ 23 36 63 81 95 113 119 160 166 191 202 216 223 233 242 245 ]
6: [ 20 52 53 77 88 159 173 193 208 224 ]
7: [ 8 22 25 80 90 97 129 167 178 203 ]
8: [ 7 10 29 51 55 62 72 95 189 207 ]
9: [ 11 17 27 38 54 56 70 76 81 92 141 163 176 184 192 216 222 234 248 ]
10: [ 2 8 17 22 39 113 153 172 214 248 ]
11: [ 9 18 45 58 84 109 112 143 144 149 152 179 180 208 218 233 244 248 ]
12: [ 15 36 57 76 107 122 132 162 164 166 236 237 245 249 ]
13: [ 17 22 141 157 162 250 ]
14: [ 2 4 23 36 45 84 95 109 128 137 138 139 184 188 190 227 245 ]
15: [ 12 67 86 93 196 207 ]
16: [ 18 43 45 58 60 61 83 94 104 117 150 152 159 164 178 181 202 203 205 208 249 250 ]
17: [ 9 10 13 21 24 29 38 76 84 110 161 174 200 202 219 230 239 ]
18: [ 11 16 29 43 51 54 85 100 144 178 192 194 234 235 ]
19: [ 23 33 40 78 105 126 130 140 156 181 207 233 234 ]
20: [ 6 26 42 59 72 79 108 115 132 138 157 159 232 240 243 249 ]
21: [ 4 17 28 67 111 171 182 ]
22: [ 7 10 13 26 29 45 48 99 112 118 144 150 162 192 207 223 233 ]
23: [ 5 14 19 28 31 40 45 68 82 86 89 101 121 138 141 145 149 153 159 171 177 193 ]
24: [ 17 29 36 67 104 114 122 131 133 146 151 247 ]
25: [ 1 7 29 33 42 56 57 85 95 136 171 178 182 235 236 241 ]
26: [ 20 22 59 69 81 84 95 101 124 129 142 146 152 200 208 242 245 ]
27: [ 9 46 72 94 102 115 116 122 164 168 177 184 195 200 207 220 224 230 238 247 ]
28: [ 21 23 38 53 55 67 76 93 143 148 154 162 163 172 177 179 187 207 225 235 ]
29: [ 8 17 18 22 24 25 47 77 102 114 119 120 124 144 145 149 179 193 207 216 224 ]
30: [ 54 59 66 94 98 136 154 211 222 ]
31: [ 23 57 102 129 182 248 ]
32: [ 35 46 53 59 78 89 105 125 144 153 158 169 178 185 191 221 ]
33: [ 4 19 25 67 70 97 118 124 140 152 156 181 243 ]
34: [ 41 82 94 119 137 158 169 171 201 203 207 231 236 239 ]
35: [ 32 75 108 110 131 132 179 205 238 ]
36: [ 5 12 14 24 69 84 90 97 101 110 158 174 177 185 229 234 ]
37: [ 77 113 117 157 163 177 205 217 233 ]
38: [ 4 9 17 28 67 100 108 124 126 135 138 176 187 197 205 228 238 ]
39: [ 4 10 43 61 63 94 104 123 129 132 141 177 178 183 207 245 247 ]
40: [ 19 23 47 51 81 101 105 118 141 152 182 199 220 228 231 ]
41: [ 34 48 56 91 138 149 150 225 247 249 ]
42: [ 20 25 70 84 94 123 137 160 167 179 181 195 239 241 247 ]
43: [ 16 18 39 64 70 78 87 108 129 172 177 197 209 ]
44: [ 77 101 168 184 213 219 ]
45: [ 11 14 16 22 23 77 90 102 110 116 135 136 147 202 207 233 236 ]
46: [ 27 32 117 131 153 180 193 197 219 231 240 244 ]
47: [ 29 40 57 68 69 81 100 129 141 153 208 218 240 245 ]
48: [ 22 41 62 84 115 121 126 151 162 188 194 214 229 ]
49: [ 72 80 90 111 120 164 170 175 209 249 ]
50: [ 52 68 76 89 93 101 123 141 159 192 197 202 ]
51: [ 8 18 40 80 106 121 175 ]
52: [ 6 50 65 107 134 143 160 170 180 219 221 224 229 239 240 245 250 ]
53: [ 1 6 28 32 67 70 76 84 99 112 121 130 132 165 200 242 ]
54: [ 9 18 30 56 69 70 131 133 150 231 244 ]
55: [ 1 8 28 56 98 105 126 132 139 145 164 179 182 198 213 236 ]
56: [ 3 9 25 41 54 55 62 67 101 129 132 161 164 171 173 187 197 224 227 ]
57: [ 4 12 25 31 47 66 89 99 110 117 149 161 163 176 216 228 240 248 249 ]
58: [ 11 16 81 95 106 117 126 148 159 179 209 211 246 248 249 ]
59: [ 4 20 26 30 32 72 94 104 129 150 179 181 236 249 ]
60: [ 16 69 90 136 150 164 197 ]
61: [ 16 39 78 88 118 124 125 140 169 177 190 191 216 219 220 226 242 ]
62: [ 8 48 56 65 182 185 ]
63: [ 5 39 155 223 233 245 ]
64: [ 3 43 97 106 108 141 146 206 218 224 236 238 ]
65: [ 4 52 62 76 201 217 231 ]
66: [ 30 57 89 96 97 122 142 156 171 210 236 245 247 ]
67: [ 15 21 24 28 33 38 53 56 106 110 117 129 133 158 183 234 243 247 ]
68: [ 23 47 50 96 112 115 119 126 140 156 169 195 203 ]
69: [ 26 36 47 54 60 75 123 124 129 152 154 155 157 181 199 207 243 ]
70: [ 9 33 42 43 53 54 78 99 105 106 159 177 195 197 236 246 249 ]
71: [ 116 140 143 233 ]
72: [ 1 8 20 27 49 59 108 112 116 139 141 146 151 166 177 196 203 231 ]
73: [ 137 141 203 213 222 ]
74: [ 1 83 133 156 181 190 242 ]
75: [ 35 69 87 106 112 116 132 140 141 155 159 182 183 184 185 219 238 ]
76: [ 9 12 17 28 50 53 65 83 89 93 123 134 137 171 192 194 220 ]
77: [ 6 29 37 44 45 83 96 122 143 152 167 189 205 209 212 231 239 240 ]
78: [ 3 19 32 43 61 70 89 91 95 133 135 137 142 150 156 199 205 238 250 ]
79: [ 20 85 117 122 128 149 208 211 222 237 ]
80: [ 7 49 51 91 95 103 108 119 135 140 152 159 167 182 188 197 213 216 217 224 241 245 249 ]
81: [ 1 5 9 26 40 47 58 101 122 139 144 163 171 211 224 226 ]
82: [ 23 34 134 144 184 194 203 ]
83: [ 16 74 76 77 94 111 165 174 176 179 194 241 ]
84: [ 4 11 14 17 26 36 42 48 53 139 154 214 223 229 246 ]
85: [ 18 25 79 99 109 113 143 152 176 205 208 249 ]
86: [ 15 23 120 126 130 203 217 ]
87: [ 1 43 75 101 139 141 143 171 200 201 236 ]
88: [ 6 61 179 182 211 ]
89: [ 23 32 50 57 66 76 78 98 109 114 115 129 145 153 155 162 174 184 209 219 ]
90: [ 1 7 36 45 49 60 105 141 151 170 175 176 182 196 197 ]
91: [ 41 78 80 138 145 155 170 173 195 201 250 ]
92: [ 9 202 231 ]
93: [ 15 28 50 76 106 118 154 182 203 209 213 224 246 247 ]
94: [ 16 27 30 34 39 42 59 83 95 110 113 121 143 158 166 171 175 183 189 210 222 225 236 ]
95: [ 5 8 14 25 26 58 78 80 94 99 121 129 134 138 139 147 158 161 189 214 215 249 ]
96: [ 66 68 77 97 113 170 216 231 247 ]
97: [ 7 33 36 64 66 96 136 158 208 227 ]
98: [ 30 55 89 186 190 219 227 238 ]
99: [ 22 53 57 70 85 95 105 107 108 118 119 192 203 211 220 235 242 247 249 ]
100: [ 2 18 38 47 105 108 121 128 182 216 230 245 ]
101: [ 23 26 36 40 44 50 56 81 87 108 113 115 126 153 158 159 176 200 216 ]
102: [ 27 29 31 45 132 151 167 203 231 ]
103: [ 80 117 126 145 179 ]
104: [ 16 24 39 59 164 ]
105: [ 2 3 19 32 40 55 70 90 99 100 107 115 129 159 193 211 216 230 231 232 237 238 242 ]
106: [ 51 58 64 67 70 75 93 132 139 149 155 167 169 180 197 203 222 224 241 ]
107: [ 12 52 99 105 109 114 138 169 203 210 231 ]
108: [ 20 35 38 43 64 72 80 99 100 101 115 128 130 136 145 146 160 182 186 187 199 211 222 224 ]
109: [ 11 14 85 89 107 155 198 219 220 223 235 238 ]
110: [ 17 35 36 45 57 67 94 135 154 167 243 250 ]
111: [ 21 49 83 161 165 167 172 174 204 208 219 223 ]
112: [ 11 22 53 68 72 75 115 150 154 155 224 248 ]
113: [ 5 10 37 85 94 96 101 134 136 162 164 186 191 204 207 231 247 ]
114: [ 24 29 89 107 162 166 168 195 209 219 220 222 233 249 ]
115: [ 20 27 48 68 89 101 105 108 112 118 162 177 190 191 231 ]
116: [ 1 27 45 71 72 75 122 142 181 198 218 242 249 ]
117: [ 16 37 46 57 58 67 79 103 118 119 133 144 158 159 174 191 227 248 250 ]
118: [ 22 33 40 61 93 99 115 117 132 149 237 ]
119: [ 2 5 29 34 68 80 99 117 122 129 152 162 173 174 210 213 231 240 242 ]
120: [ 29 49 86 154 179 186 208 230 236 ]
121: [ 23 48 51 53 94 95 100 158 164 172 203 212 ]
122: [ 2 12 24 27 66 77 79 81 116 119 143 158 166 182 186 198 206 215 250 ]
123: [ 39 42 50 69 76 129 146 183 203 ]
124: [ 26 29 33 38 61 69 164 210 212 234 ]
125: [ 3 4 32 61 154 199 202 212 219 231 247 ]
126: [ 4 19 38 48 55 58 68 86 101 103 144 158 176 215 222 235 236 238 ]
127: [ 134 171 183 ]
128: [ 2 14 79 100 108 141 152 155 158 178 189 193 196 223 242 ]
129: [ 1 7 26 31 39 43 47 56 59 67 69 89 95 105 119 123 150 158 210 227 ]
130: [ 19 53 86 108 149 152 158 164 181 213 218 ]
131: [ 24 35 46 54 135 146 166 176 184 186 192 197 207 213 214 220 224 231 233 242 244 ]
132: [ 4 12 20 35 39 53 55 56 75 102 106 118 133 135 136 142 147 152 153 158 176 186 218 ]
133: [ 24 54 67 74 78 117 132 138 145 152 156 164 168 170 176 197 213 214 227 242 ]
134: [ 52 76 82 95 113 127 136 159 217 230 ]
135: [ 38 45 78 80 110 131 132 159 173 213 221 230 ]
136: [ 25 30 45 60 97 108 113 132 134 139 142 162 164 ]
137: [ 3 14 34 42 73 76 78 145 151 157 179 199 200 237 ]
138: [ 4 14 20 23 38 41 91 95 107 133 141 156 174 191 229 245 249 ]
139: [ 14 55 72 81 84 87 95 106 136 146 148 149 157 193 222 ]
140: [ 3 19 33 61 68 71 75 80 141 171 177 194 198 205 210 215 218 222 231 236 ]
141: [ 9 13 23 39 40 47 50 64 72 73 75 87 90 128 138 140 157 169 170 213 219 220 236 239 249 ]
142: [ 26 66 78 116 132 136 208 ]
143: [ 11 28 52 71 77 85 87 94 122 150 194 ]
144: [ 3 11 18 22 29 32 81 82 117 126 148 152 160 197 200 223 230 ]
145: [ 3 23 29 55 89 91 103 108 133 137 162 179 202 207 221 228 249 ]
146: [ 24 26 64 72 108 123 131 139 149 164 174 179 240 ]
147: [ 45 95 132 199 222 230 ]
148: [ 28 58 139 144 162 187 219 229 236 ]
149: [ 11 23 29 41 57 79 106 118 130 139 146 201 207 218 224 ]
150: [ 1 16 22 41 54 59 60 78 112 129 143 151 153 177 178 189 195 197 210 212 233 ]
151: [ 2 24 48 72 90 102 137 150 159 165 176 179 180 184 192 212 224 242 ]
152: [ 4 11 16 26 33 40 69 77 80 85 119 128 130 132 133 144 185 208 215 223 247 248 ]
153: [ 10 23 32 46 47 89 101 132 150 185 199 200 211 235 244 ]
154: [ 28 30 69 84 93 110 112 120 125 163 166 180 186 203 207 214 224 230 ]
155: [ 63 69 75 89 91 106 109 112 128 178 181 185 192 194 210 231 ]
156: [ 19 33 66 68 74 78 133 138 182 200 203 207 208 211 213 216 219 223 250 ]
157: [ 13 20 37 69 137 139 141 166 188 236 ]
158: [ 3 32 34 36 67 94 95 97 101 117 121 122 126 128 129 130 132 167 169 192 198 246 ]
159: [ 6 16 20 23 50 58 70 75 80 101 105 117 134 135 151 167 233 ]
160: [ 5 42 52 108 144 193 201 ]
161: [ 2 17 56 57 95 111 181 182 189 200 203 213 ]
162: [ 12 13 22 28 48 89 113 114 115 119 136 145 148 170 174 178 212 ]
163: [ 9 28 37 57 81 154 183 213 247 ]
164: [ 1 12 16 27 49 55 56 60 104 113 121 124 130 133 136 146 181 219 231 240 247 ]
165: [ 53 83 111 151 184 194 196 ]
166: [ 5 12 72 94 114 122 131 154 157 173 184 197 240 ]
167: [ 7 42 77 80 102 106 110 111 158 159 196 199 205 210 225 247 ]
168: [ 27 44 114 133 183 189 234 ]
169: [ 32 34 61 68 106 107 141 158 172 199 200 211 213 220 223 239 243 ]
170: [ 49 52 90 91 96 133 141 162 189 220 ]
171: [ 21 23 25 34 56 66 76 81 87 94 127 140 174 189 190 196 198 199 207 209 225 227 242 ]
172: [ 10 28 43 111 121 169 179 183 194 214 237 ]
173: [ 6 56 91 119 135 166 191 192 197 200 210 ]
174: [ 17 36 83 89 111 117 119 138 146 162 171 213 219 ]
175: [ 49 51 90 94 204 207 223 248 249 ]
176: [ 1 4 9 38 57 83 85 90 101 126 131 132 133 151 183 193 ]
177: [ 23 27 28 36 37 39 43 61 70 72 115 140 150 187 202 217 ]
178: [ 7 16 18 25 32 39 128 150 155 162 192 196 221 224 ]
179: [ 1 11 28 29 35 42 55 58 59 83 88 103 120 137 145 146 151 172 214 222 226 235 247 ]
180: [ 1 11 46 52 106 151 154 199 207 208 211 ]
181: [ 2 3 16 19 33 42 59 69 74 116 130 155 161 164 189 208 214 221 224 ]
182: [ 21 25 31 40 55 62 75 80 88 90 93 100 108 122 156 161 205 228 241 ]
183: [ 39 67 75 94 123 127 163 168 172 176 184 192 200 235 ]
184: [ 3 9 14 27 44 75 82 89 131 151 165 166 183 192 196 213 216 218 222 229 238 ]
185: [ 32 36 62 75 152 153 155 193 202 206 239 243 248 249 ]
186: [ 98 108 113 120 122 131 132 154 192 210 ]
187: [ 28 38 56 108 148 177 213 ]
188: [ 14 48 80 157 241 247 ]
189: [ 8 77 94 95 128 150 161 168 170 171 181 198 234 ]
190: [ 14 61 74 98 115 171 206 ]
191: [ 5 32 61 113 115 117 138 173 216 219 222 229 ]
192: [ 9 18 22 50 76 99 131 151 155 158 173 178 183 184 186 196 201 208 222 226 238 ]
193: [ 6 23 29 46 105 128 139 160 176 185 196 210 215 223 245 ]
194: [ 2 18 48 76 82 83 140 143 155 165 172 213 229 ]
195: [ 27 42 68 70 91 114 150 211 235 ]
196: [ 15 72 90 128 165 167 171 178 184 192 193 212 217 228 244 249 ]
197: [ 2 38 43 46 50 56 60 70 80 90 106 131 133 144 150 166 173 213 220 ]
198: [ 4 55 109 116 122 140 158 171 189 221 244 ]
199: [ 2 40 69 78 108 125 137 147 153 167 169 171 180 218 233 ]
200: [ 17 26 27 53 87 101 137 144 153 156 161 169 173 183 209 210 215 217 ]
201: [ 2 34 65 87 91 149 160 192 211 213 222 231 ]
202: [ 3 5 16 17 45 50 92 125 145 177 185 212 217 221 ]
203: [ 3 7 16 34 68 72 73 82 86 93 99 102 106 107 121 123 154 156 161 215 242 249 ]
204: [ 111 113 175 239 248 ]
205: [ 16 35 37 38 77 78 85 140 167 182 221 233 234 ]
206: [ 1 4 64 122 185 190 ]
207: [ 3 8 15 19 22 27 28 29 34 39 45 69 113 131 145 149 154 156 171 175 180 213 240 243 ]
208: [ 2 6 11 16 26 47 79 85 97 111 120 142 152 156 180 181 192 209 229 ]
209: [ 43 49 58 77 89 93 114 171 200 208 216 220 228 ]
210: [ 1 66 94 107 119 124 129 140 150 155 167 173 186 193 200 212 235 ]
211: [ 30 58 79 81 88 99 105 108 153 156 169 180 195 201 223 238 248 249 ]
212: [ 77 121 124 125 150 151 162 196 202 210 239 ]
213: [ 1 44 55 73 80 93 119 130 131 133 135 141 156 161 163 169 174 184 187 194 197 201 207 220 ]
214: [ 2 10 48 84 95 131 133 154 172 179 181 231 239 242 ]
215: [ 95 122 126 140 152 193 200 203 225 243 ]
216: [ 5 9 29 57 61 80 96 100 101 105 156 184 191 209 220 221 223 233 ]
217: [ 37 65 80 86 134 177 196 200 202 219 ]
218: [ 11 47 64 116 130 132 140 149 184 199 ]
219: [ 17 44 46 52 61 75 89 98 109 111 114 125 141 148 156 164 174 191 217 220 222 223 234 ]
220: [ 27 40 61 76 99 109 114 131 141 169 170 197 209 213 216 219 ]
221: [ 32 52 135 145 178 181 198 202 205 216 ]
222: [ 9 30 73 79 94 106 108 114 126 139 140 147 179 184 191 192 201 219 231 ]
223: [ 5 22 63 84 109 111 128 144 152 156 169 175 193 211 216 219 242 247 249 ]
224: [ 6 27 29 52 56 64 80 81 93 106 108 112 131 149 151 154 178 181 239 246 ]
225: [ 4 28 41 94 167 171 215 233 236 ]
226: [ 3 61 81 179 192 ]
227: [ 14 56 97 98 117 129 133 171 229 241 ]
228: [ 38 40 57 145 182 196 209 239 ]
229: [ 36 48 52 84 138 148 184 191 194 208 227 237 238 ]
230: [ 1 4 17 27 100 105 120 134 135 144 147 154 239 ]
231: [ 34 40 46 54 65 72 77 92 96 102 105 107 113 115 119 125 131 140 155 164 201 214 222 ]
232: [ 20 105 235 ]
233: [ 5 11 19 22 37 45 63 71 114 131 150 159 199 205 216 225 ]
234: [ 1 9 18 19 36 67 124 168 189 205 219 240 ]
235: [ 18 25 28 99 109 126 153 179 183 195 210 232 239 243 249 ]
236: [ 12 25 34 45 55 59 64 66 70 87 94 120 126 140 141 148 157 225 249 ]
237: [ 12 79 105 118 137 172 229 ]
238: [ 27 35 38 64 75 78 98 105 109 126 184 192 211 229 ]
239: [ 17 34 42 52 77 141 169 185 204 212 214 224 228 230 235 247 ]
240: [ 20 46 47 52 57 77 119 146 164 166 207 234 ]
241: [ 25 42 80 83 106 182 188 227 242 248 ]
242: [ 5 26 53 61 74 99 105 116 119 128 131 133 151 171 203 214 223 241 250 ]
243: [ 3 20 33 67 69 110 169 185 207 215 235 245 ]
244: [ 11 46 54 131 153 196 198 ]
245: [ 5 12 14 26 39 47 52 63 66 80 100 138 193 243 ]
246: [ 58 70 84 93 158 224 247 250 ]
247: [ 24 27 39 41 42 66 67 93 96 99 113 125 152 163 164 167 179 188 223 239 246 ]
248: [ 9 10 11 31 57 58 112 117 152 175 185 204 211 241 ]
249: [ 12 16 20 41 49 57 58 59 70 80 85 95 99 114 116 138 141 145 175 185 196 203 211 223 235 236 ]
250: [ 13 16 52 78 91 110 117 122 156 242 246 ]
