1: [ 26 54 57 102 117 152 175 185 213 222 226 246 ]
2: [ 5 28 36 41 45 59 65 76 92 103 117 128 130 132 138 173 200 205 220 225 235 236 246 ]
3: [ 42 46 50 64 80 99 102 105 117 130 151 152 211 234 237 248 249 ]
4: [ 5 14 27 47 96 110 111 114 116 117 121 130 149 154 170 175 178 181 183 207 214 223 235 ]
5: [ 2 4 32 36 68 108 110 138 163 164 182 199 200 227 ]
6: [ 25 28 41 55 74 76 83 122 161 184 219 239 246 249 ]
7: [ 11 12 16 25 36 43 56 64 69 70 87 89 137 154 155 165 171 186 192 206 209 240 248 ]
8: [ 10 37 39 43 55 71 76 107 115 119 135 146 163 196 215 222 247 ]
9: [ 35 62 64 68 118 124 134 141 185 193 201 219 ]
10: [ 8 16 17 99 107 117 139 144 149 171 205 249 ]
11: [ 7 29 31 34 35 41 51 76 82 85 99 112 115 123 140 160 164 178 180 183 187 250 ]
12: [ 7 39 43 53 86 96 108 114 118 119 122 150 152 156 160 166 200 203 208 209 240 243 247 ]
13: [ 89 128 135 139 150 163 175 187 189 197 222 239 241 ]
14: [ 4 38 50 74 90 98 105 113 121 123 129 135 138 173 195 196 200 206 242 245 249 ]
15: [ 31 44 48 55 64 76 94 138 148 159 166 217 219 239 ]
16: [ 7 10 47 57 83 91 106 118 135 139 146 155 159 163 172 210 217 219 227 233 241 243 248 ]
17: [ 10 33 35 45 63 69 79 89 105 118 121 141 145 162 172 174 206 225 228 234 ]
18: [ 37 94 109 134 145 156 158 172 188 208 217 242 ]
19: [ 58 76 79 83 102 112 116 118 146 162 198 199 200 ]
20: [ 33 53 66 105 127 144 151 152 153 175 188 228 237 243 ]
21: [ 38 109 161 167 185 199 233 ]
22: [ 91 101 132 142 163 174 184 185 225 235 243 ]
23: [ 43 64 66 99 135 161 210 213 ]
24: [ 32 105 116 133 138 149 154 205 206 215 220 222 241 ]
25: [ 6 7 26 27 32 33 45 46 54 60 75 117 132 143 157 201 221 224 236 244 ]
26: [ 1 25 41 47 63 65 74 90 102 134 135 139 140 168 191 ]
27: [ 4 25 34 44 83 85 92 94 104 105 143 149 159 167 174 177 189 200 212 223 227 229 231 ]
28: [ 2 6 34 38 76 81 87 97 98 125 137 185 212 213 237 240 245 ]
29: [ 11 30 40 47 49 53 55 58 60 70 73 96 110 147 157 161 169 185 198 199 225 227 231 236 246 ]
30: [ 29 69 99 118 119 168 170 226 ]
31: [ 11 15 42 65 74 81 116 145 181 185 195 211 223 224 232 234 ]
32: [ 5 24 25 58 60 144 176 200 211 214 226 232 233 238 ]
33: [ 17 20 25 45 46 48 59 64 79 92 136 201 203 240 ]
34: [ 11 27 28 53 58 59 62 89 101 128 129 139 143 174 194 211 ]
35: [ 9 11 17 68 83 121 125 145 148 171 181 189 209 211 219 223 224 229 240 ]
36: [ 2 5 7 72 92 105 106 126 157 164 166 185 200 213 221 227 233 236 ]
37: [ 8 18 177 235 ]
38: [ 14 21 28 42 45 48 88 120 124 129 142 153 191 210 212 231 ]
39: [ 8 12 119 165 179 194 197 203 205 231 248 ]
40: [ 29 125 154 187 193 223 239 246 ]
41: [ 2 6 11 26 53 54 67 87 92 106 120 184 205 216 226 232 237 243 248 ]
42: [ 3 31 38 52 96 124 142 164 166 187 198 223 249 250 ]
43: [ 7 8 12 23 80 85 149 169 172 190 216 227 229 246 250 ]
44: [ 15 27 49 50 86 88 100 110 135 154 160 163 166 192 194 200 213 228 229 238 ]
45: [ 2 17 25 33 38 54 75 88 91 99 101 102 112 132 150 163 166 191 197 232 236 239 246 ]
46: [ 3 25 33 80 157 159 227 237 ]
47: [ 4 16 26 29 63 65 67 70 84 93 98 111 114 121 130 194 199 208 215 248 ]
48: [ 15 33 38 75 86 124 195 216 221 ]
49: [ 29 44 63 96 102 106 187 205 214 ]
50: [ 3 14 44 52 60 71 84 87 89 92 97 98 133 146 159 163 164 183 189 199 203 249 ]
51: [ 11 55 86 105 146 149 170 187 222 247 ]
52: [ 42 50 61 83 90 160 169 186 194 222 ]
53: [ 12 20 29 34 41 82 94 106 171 178 206 233 240 ]
54: [ 1 25 41 45 93 137 186 200 208 226 ]
55: [ 6 8 15 29 51 61 74 84 95 100 145 150 161 182 187 189 205 207 227 247 ]
56: [ 7 75 87 96 100 117 122 138 166 168 169 176 197 206 208 243 244 ]
57: [ 1 16 98 100 154 ]
58: [ 19 29 32 34 71 76 87 101 104 113 142 151 152 169 189 194 195 197 217 231 ]
59: [ 2 33 34 67 111 116 139 200 211 219 226 ]
60: [ 25 29 32 50 189 196 232 ]
61: [ 52 55 72 106 111 154 175 187 208 222 227 ]
62: [ 9 34 65 68 72 75 79 92 94 99 105 114 128 188 200 223 ]
63: [ 17 26 47 49 73 86 91 115 119 140 141 149 161 168 185 200 214 233 237 246 ]
64: [ 3 7 9 15 23 33 75 83 97 109 112 117 139 161 181 199 208 209 215 219 233 241 ]
65: [ 2 26 31 47 62 89 102 213 224 ]
66: [ 20 23 74 77 106 130 ]
67: [ 41 47 59 71 88 102 203 225 ]
68: [ 5 9 35 62 72 76 130 141 161 172 177 178 ]
69: [ 7 17 30 79 80 93 101 108 129 131 147 179 186 224 248 ]
70: [ 7 29 47 156 167 177 229 ]
71: [ 8 50 58 67 91 127 145 152 154 155 163 165 167 173 178 186 211 228 241 ]
72: [ 36 61 62 68 101 123 132 138 191 196 205 223 ]
73: [ 29 63 81 88 101 120 135 145 149 177 179 183 210 212 217 ]
74: [ 6 14 26 31 55 66 75 84 98 126 128 144 170 173 181 193 199 213 215 223 235 240 242 244 ]
75: [ 25 45 48 56 62 64 74 79 95 145 189 205 210 213 225 234 236 ]
76: [ 2 6 8 11 15 19 28 58 68 87 91 96 98 138 166 181 186 189 207 231 241 ]
77: [ 66 91 ]
78: [ 93 102 148 161 185 186 208 ]
79: [ 17 19 33 62 69 75 96 117 152 158 181 196 221 ]
80: [ 3 43 46 69 89 90 91 130 147 150 158 187 193 198 203 206 215 222 240 ]
81: [ 28 31 73 101 142 159 213 240 248 ]
82: [ 11 53 139 195 199 212 227 ]
83: [ 6 16 19 27 35 52 64 100 112 115 122 142 165 168 169 177 236 239 244 248 ]
84: [ 47 50 55 74 98 105 107 166 181 199 215 224 ]
85: [ 11 27 43 108 126 135 142 192 194 247 ]
86: [ 12 44 48 51 63 89 99 102 108 129 141 144 160 168 169 176 183 185 187 199 225 227 234 239 ]
87: [ 7 28 41 50 56 58 76 119 138 191 209 212 213 218 222 223 229 234 237 246 ]
88: [ 38 44 45 67 73 98 106 114 153 157 177 202 203 239 ]
89: [ 7 13 17 34 50 65 80 86 145 177 178 191 195 197 199 233 239 243 249 ]
90: [ 14 26 52 80 134 145 214 230 ]
91: [ 16 22 45 63 71 76 77 80 106 164 167 177 ]
92: [ 2 27 33 36 41 50 62 103 147 172 198 200 205 207 243 249 ]
93: [ 47 54 69 78 100 121 124 137 142 150 161 162 208 223 ]
94: [ 15 18 27 53 62 114 115 120 137 164 187 234 ]
95: [ 55 75 123 130 139 179 199 204 ]
96: [ 4 12 29 42 49 56 76 79 133 138 148 151 152 158 170 183 221 232 248 ]
97: [ 28 50 64 194 215 223 ]
98: [ 14 28 47 50 57 74 76 84 88 106 128 139 162 175 177 192 197 199 205 218 230 232 236 ]
99: [ 3 10 11 23 30 45 62 86 110 132 180 200 213 217 ]
100: [ 44 55 56 57 83 93 131 135 138 140 141 173 ]
101: [ 22 34 45 58 69 72 73 81 116 123 148 150 198 ]
102: [ 1 3 19 26 45 49 65 67 78 86 110 115 124 129 148 165 181 215 234 237 240 ]
103: [ 2 92 118 142 148 153 240 242 ]
104: [ 27 58 131 163 186 229 248 ]
105: [ 3 14 17 20 24 27 36 51 62 84 131 132 147 150 195 206 209 221 245 ]
106: [ 16 36 41 49 53 61 66 88 91 98 112 121 132 140 141 168 178 191 202 213 235 243 248 ]
107: [ 8 10 84 132 ]
108: [ 5 12 69 85 86 113 199 ]
109: [ 18 21 64 112 148 159 176 192 209 ]
110: [ 4 5 29 44 99 102 116 121 131 134 160 178 199 216 241 ]
111: [ 4 47 59 61 120 133 198 211 224 227 ]
112: [ 11 19 45 64 83 106 109 135 139 181 198 ]
113: [ 14 58 108 148 174 ]
114: [ 4 12 47 62 88 94 125 130 137 139 141 157 193 195 200 209 249 ]
115: [ 8 11 63 83 94 102 155 164 207 249 ]
116: [ 4 19 24 31 59 101 110 127 141 159 161 171 172 173 208 222 225 248 ]
117: [ 1 2 3 4 10 25 56 64 79 150 233 239 ]
118: [ 9 12 16 17 19 30 103 123 159 188 199 205 222 ]
119: [ 8 12 30 39 63 87 179 182 ]
120: [ 38 41 73 94 111 139 148 220 ]
121: [ 4 14 17 35 47 93 106 110 129 134 176 194 223 225 241 ]
122: [ 6 12 56 83 144 156 203 209 248 ]
123: [ 11 14 72 95 101 118 151 169 186 198 220 221 ]
124: [ 9 38 42 48 93 102 150 151 154 169 173 175 240 248 ]
125: [ 28 35 40 114 148 164 178 192 229 246 ]
126: [ 36 74 85 129 142 144 161 163 194 199 212 216 ]
127: [ 20 71 116 132 145 212 234 235 246 ]
128: [ 2 13 34 62 74 98 141 165 198 226 230 ]
129: [ 14 34 38 69 86 102 121 126 132 163 175 189 238 244 248 ]
130: [ 2 3 4 47 66 68 80 95 114 135 140 149 151 159 164 173 184 196 212 233 ]
131: [ 69 100 104 105 110 144 150 161 163 164 166 179 194 201 232 246 ]
132: [ 2 22 25 45 72 99 105 106 107 127 129 141 181 187 242 ]
133: [ 24 50 96 111 146 164 168 205 ]
134: [ 9 18 26 90 110 121 142 156 157 192 ]
135: [ 8 13 14 16 23 26 44 73 85 100 112 130 142 148 180 203 204 218 221 224 238 ]
136: [ 33 149 167 180 185 191 221 229 ]
137: [ 7 28 54 93 94 114 150 154 168 183 ]
138: [ 2 5 14 15 24 56 72 76 87 96 100 152 164 170 178 187 194 198 200 204 215 222 228 240 ]
139: [ 10 13 16 26 34 59 64 82 95 98 112 114 120 152 169 197 198 220 242 249 ]
140: [ 11 26 63 100 106 130 148 177 186 240 ]
141: [ 9 17 63 68 86 100 106 114 116 128 132 159 168 171 175 176 179 180 217 226 233 239 ]
142: [ 22 38 42 58 81 83 85 93 103 126 134 135 152 173 208 217 224 235 ]
143: [ 25 27 34 153 161 167 179 194 208 244 ]
144: [ 10 20 32 74 86 122 126 131 170 176 181 228 ]
145: [ 17 18 31 35 55 71 73 75 89 90 127 157 159 169 188 198 199 222 234 247 ]
146: [ 8 16 19 50 51 133 171 217 243 ]
147: [ 29 69 80 92 105 161 168 236 238 ]
148: [ 15 35 78 96 101 102 103 109 113 120 125 135 140 159 166 179 198 199 202 211 229 231 243 ]
149: [ 4 10 24 27 43 51 63 73 130 136 185 193 214 245 ]
150: [ 12 13 45 55 80 93 101 105 117 124 131 137 151 163 208 221 245 ]
151: [ 3 20 58 96 123 124 130 150 194 212 ]
152: [ 1 3 12 20 58 71 79 96 138 139 142 155 157 170 187 194 205 219 222 239 240 ]
153: [ 20 38 88 103 143 165 186 209 212 ]
154: [ 4 7 24 40 44 57 61 71 124 137 184 219 246 ]
155: [ 7 16 71 115 152 161 168 233 ]
156: [ 12 18 70 122 134 158 160 171 211 223 ]
157: [ 25 29 36 46 88 114 134 145 152 194 207 214 231 241 249 ]
158: [ 18 79 80 96 156 175 241 ]
159: [ 15 16 27 46 50 81 109 116 118 130 141 145 148 177 194 198 206 234 ]
160: [ 11 12 44 52 86 110 156 170 172 199 230 ]
161: [ 6 21 23 29 55 63 64 68 78 93 116 126 131 143 147 155 163 178 191 226 241 243 245 ]
162: [ 17 19 93 98 164 178 203 213 ]
163: [ 5 8 13 16 22 44 45 50 71 104 126 129 131 150 161 166 205 215 219 221 ]
164: [ 5 11 36 42 50 91 94 115 125 130 131 133 138 162 180 189 230 232 237 244 249 ]
165: [ 7 39 71 83 102 128 153 187 192 229 ]
166: [ 12 15 36 42 44 45 56 76 84 131 148 163 167 185 187 205 207 229 232 239 ]
167: [ 21 27 70 71 91 136 143 166 177 180 182 195 213 218 229 233 244 247 249 ]
168: [ 26 30 56 63 83 86 106 133 137 141 147 155 186 190 195 206 212 214 219 ]
169: [ 29 43 52 56 58 83 86 123 124 139 145 181 192 220 222 239 ]
170: [ 4 30 51 74 96 138 144 152 160 224 ]
171: [ 7 10 35 53 116 141 146 156 196 212 214 225 242 244 247 ]
172: [ 16 17 18 43 68 92 116 160 177 183 204 243 ]
173: [ 2 14 71 74 100 116 124 130 142 203 220 241 247 248 ]
174: [ 17 22 27 34 113 187 215 250 ]
175: [ 1 4 13 20 61 98 124 129 141 158 177 184 185 220 240 ]
176: [ 32 56 86 109 121 141 144 185 215 227 236 249 ]
177: [ 27 37 68 70 73 83 88 89 91 98 140 159 167 172 175 188 215 232 233 ]
178: [ 4 11 53 68 71 89 106 110 125 138 161 162 219 ]
179: [ 39 69 73 95 119 131 141 143 148 185 238 248 ]
180: [ 11 99 135 136 141 164 167 194 ]
181: [ 4 31 35 64 74 76 79 84 102 112 132 144 169 187 223 233 242 249 ]
182: [ 5 55 119 167 186 196 209 ]
183: [ 4 11 50 73 86 96 137 172 184 206 ]
184: [ 6 22 41 130 154 175 183 ]
185: [ 1 9 21 22 28 29 31 36 63 78 86 136 149 166 175 176 179 189 196 204 224 240 243 ]
186: [ 7 52 54 69 71 76 78 104 123 140 153 168 182 187 198 203 205 219 227 243 248 ]
187: [ 11 13 40 42 49 51 55 61 80 86 94 132 138 152 165 166 174 181 186 188 210 ]
188: [ 18 20 62 118 145 177 187 199 210 ]
189: [ 13 27 35 50 55 58 60 75 76 129 164 185 192 215 220 233 240 ]
190: [ 43 168 202 224 229 231 239 ]
191: [ 26 38 45 72 87 89 106 136 161 205 230 235 ]
192: [ 7 44 85 98 109 125 134 165 169 189 220 240 ]
193: [ 9 40 74 80 114 149 212 227 ]
194: [ 34 39 44 47 52 58 85 97 121 126 131 138 143 151 152 157 159 180 211 220 233 234 ]
195: [ 14 31 48 58 82 89 105 114 167 168 206 243 ]
196: [ 8 14 60 72 79 130 171 182 185 202 232 245 247 250 ]
197: [ 13 39 45 56 58 89 98 139 ]
198: [ 19 29 42 80 92 101 111 112 123 128 138 139 145 148 159 186 210 220 221 ]
199: [ 5 19 21 29 47 50 64 74 82 84 86 89 95 98 108 110 118 126 145 148 160 188 213 223 234 ]
200: [ 2 5 12 14 19 27 32 36 44 54 59 62 63 92 99 114 138 220 231 237 245 ]
201: [ 9 25 33 131 215 ]
202: [ 88 106 148 190 196 246 ]
203: [ 12 33 39 50 67 80 88 122 135 162 173 186 216 221 229 237 ]
204: [ 95 135 138 172 185 211 ]
205: [ 2 10 24 39 41 49 55 72 75 92 98 118 133 152 163 166 186 191 209 215 ]
206: [ 7 14 17 24 53 56 80 105 159 168 183 195 213 227 ]
207: [ 4 55 76 92 115 157 166 208 220 232 ]
208: [ 12 18 47 54 56 61 64 78 93 116 142 143 150 207 ]
209: [ 7 12 35 64 87 105 109 114 122 153 182 205 ]
210: [ 16 23 38 73 75 187 188 198 213 214 ]
211: [ 3 31 32 34 35 59 71 111 148 156 194 204 216 223 225 242 246 249 ]
212: [ 27 28 38 73 82 87 126 127 130 151 153 168 171 193 216 229 230 ]
213: [ 1 23 28 36 44 65 74 75 81 87 99 106 162 167 199 206 210 222 227 231 241 ]
214: [ 4 32 49 63 90 149 157 168 171 210 233 239 249 ]
215: [ 8 24 47 64 74 80 84 97 102 138 163 174 176 177 189 201 205 222 244 ]
216: [ 41 43 48 110 126 203 211 212 225 234 ]
217: [ 15 16 18 58 73 99 141 142 146 219 222 228 229 244 ]
218: [ 87 98 135 167 ]
219: [ 6 9 15 16 35 59 64 152 154 163 168 178 186 217 ]
220: [ 2 24 120 123 139 169 173 175 189 192 194 198 200 207 223 226 243 ]
221: [ 25 36 48 79 96 105 123 135 136 150 163 198 203 245 ]
222: [ 1 8 13 24 51 52 61 80 87 116 118 138 145 152 169 213 215 217 227 248 ]
223: [ 4 27 31 35 40 42 62 72 74 87 93 97 121 156 181 199 211 220 232 ]
224: [ 25 31 35 65 69 84 111 135 142 170 185 190 227 231 232 247 ]
225: [ 2 17 22 29 67 75 86 116 121 171 211 216 230 239 ]
226: [ 1 30 32 41 54 59 128 141 161 220 ]
227: [ 5 16 27 29 36 43 46 55 61 82 86 111 176 186 193 206 213 222 224 ]
228: [ 17 20 44 71 138 144 217 ]
229: [ 27 35 43 44 70 87 104 125 136 148 165 166 167 190 203 212 217 230 243 249 ]
230: [ 90 98 128 160 164 191 212 225 229 ]
231: [ 27 29 38 39 58 76 148 157 190 200 213 224 237 ]
232: [ 31 32 41 45 60 96 98 131 164 166 177 196 207 223 224 244 ]
233: [ 16 21 32 36 53 63 64 89 117 130 141 155 167 177 181 189 194 214 234 245 ]
234: [ 3 17 31 75 86 87 94 102 127 145 159 194 199 216 233 237 239 241 ]
235: [ 2 4 22 37 74 106 127 142 191 ]
236: [ 2 25 29 36 45 75 83 98 147 176 ]
237: [ 3 20 28 41 46 63 87 102 164 200 203 231 234 ]
238: [ 32 44 129 135 147 179 ]
239: [ 6 13 15 40 45 83 86 88 89 117 141 152 166 169 190 214 225 234 ]
240: [ 7 12 28 33 35 53 74 80 81 102 103 124 138 140 152 175 185 189 192 ]
241: [ 13 16 24 64 71 76 110 121 157 158 161 173 213 234 247 ]
242: [ 14 18 74 103 132 139 171 181 211 249 ]
243: [ 12 16 20 22 41 56 89 92 106 146 148 161 172 185 186 195 220 229 ]
244: [ 25 56 74 83 129 143 164 167 171 215 217 232 248 250 ]
245: [ 14 28 105 149 150 161 196 200 221 233 ]
246: [ 1 2 6 29 40 43 45 63 87 125 127 131 154 202 211 ]
247: [ 8 12 51 55 85 145 167 171 173 196 224 241 ]
248: [ 3 7 16 39 41 47 69 81 83 96 104 106 116 122 124 129 173 179 186 222 244 ]
249: [ 3 6 10 14 42 50 89 92 114 115 139 157 164 167 176 181 211 214 229 242 ]
250: [ 11 42 43 174 196 244 ]
