1: [ 3 11 26 87 113 163 213 231 ]
2: [ 34 44 90 95 117 188 230 ]
3: [ 1 6 29 31 49 78 113 121 132 141 143 174 241 242 245 ]
4: [ 10 47 62 66 72 86 106 109 113 130 179 190 221 ]
5: [ 7 21 38 44 45 60 65 79 89 124 168 188 194 195 205 228 239 ]
6: [ 3 8 22 44 135 138 142 151 168 172 180 193 230 236 242 250 ]
7: [ 5 42 44 46 55 60 80 100 110 154 199 208 ]
8: [ 6 11 58 66 86 88 114 137 145 179 181 184 185 235 ]
9: [ 17 19 22 43 77 91 99 111 128 130 141 167 173 200 214 216 226 229 232 250 ]
10: [ 4 11 12 37 68 109 115 116 121 139 193 204 207 ]
11: [ 1 8 10 18 52 73 87 106 127 134 146 147 185 217 ]
12: [ 10 22 25 45 132 140 174 185 210 213 241 242 248 ]
13: [ 15 19 28 30 34 40 41 87 94 99 104 107 110 150 153 169 205 214 233 235 244 ]
14: [ 15 188 224 ]
15: [ 13 14 24 30 57 61 62 88 100 105 114 138 148 149 150 157 169 188 215 ]
16: [ 39 61 81 202 206 ]
17: [ 9 22 25 35 48 67 84 149 154 165 169 217 222 225 227 232 240 247 ]
18: [ 11 30 49 52 96 98 113 153 202 223 228 229 234 248 ]
19: [ 9 13 25 44 83 138 149 150 159 160 192 206 209 224 ]
20: [ 22 25 26 52 53 60 121 203 216 217 224 ]
21: [ 5 29 44 52 76 88 136 143 155 169 179 180 191 198 205 212 225 233 237 ]
22: [ 6 9 12 17 20 65 211 213 249 ]
23: [ 45 83 91 117 119 136 151 168 205 210 215 235 249 ]
24: [ 15 27 58 68 73 107 109 112 114 131 173 197 205 208 237 244 ]
25: [ 12 17 19 20 33 49 50 74 75 109 112 179 182 195 202 230 ]
26: [ 1 20 73 86 136 142 146 169 210 244 ]
27: [ 24 35 38 39 47 53 63 68 78 87 101 106 112 126 157 245 246 ]
28: [ 13 32 34 38 42 89 124 150 159 189 215 233 241 242 ]
29: [ 3 21 37 46 59 65 87 127 162 163 176 213 235 ]
30: [ 13 15 18 35 54 74 76 94 110 121 134 174 192 195 214 219 243 ]
31: [ 3 38 110 122 150 157 158 170 228 237 244 ]
32: [ 28 35 43 44 48 53 78 120 137 147 160 166 194 202 217 240 243 247 250 ]
33: [ 25 40 61 62 63 67 78 104 105 136 144 151 166 177 180 188 200 205 208 217 227 246 ]
34: [ 2 13 28 44 73 74 107 132 133 137 140 150 155 194 201 203 208 228 233 247 249 ]
35: [ 17 27 30 32 40 70 78 93 106 130 149 150 182 186 189 197 201 206 228 234 ]
36: [ 130 136 146 154 229 230 250 ]
37: [ 10 29 43 45 50 57 61 97 125 130 175 195 197 226 234 243 249 ]
38: [ 5 27 28 31 109 110 139 200 234 249 ]
39: [ 16 27 45 60 120 129 136 141 165 177 181 185 227 234 ]
40: [ 13 33 35 41 44 63 92 130 158 174 176 195 214 221 230 235 250 ]
41: [ 13 40 49 68 106 134 165 204 214 224 249 250 ]
42: [ 7 28 50 51 65 80 83 104 116 121 133 149 166 174 194 226 236 241 ]
43: [ 9 32 37 87 118 125 142 200 236 ]
44: [ 2 5 6 7 19 21 32 34 40 60 64 85 90 125 139 179 198 ]
45: [ 5 12 23 37 39 46 54 117 176 200 212 234 245 ]
46: [ 7 29 45 52 61 62 82 110 111 152 164 165 172 177 181 194 199 218 242 247 ]
47: [ 4 27 57 72 81 87 93 123 155 218 247 ]
48: [ 17 32 54 78 82 112 145 147 148 149 179 181 211 214 215 227 248 ]
49: [ 3 18 25 41 50 93 133 169 225 ]
50: [ 25 37 42 49 75 84 94 103 107 110 138 169 177 219 227 240 250 ]
51: [ 42 60 71 90 92 101 128 142 214 240 ]
52: [ 11 18 20 21 46 70 73 104 108 112 115 123 160 164 168 187 189 211 218 220 227 235 241 ]
53: [ 20 27 32 160 164 172 181 185 204 206 224 228 230 233 242 ]
54: [ 30 45 48 83 105 147 ]
55: [ 7 63 75 87 89 92 99 101 119 151 158 167 168 171 195 240 247 ]
56: [ 69 87 92 97 131 136 149 176 205 214 234 250 ]
57: [ 15 37 47 106 114 120 141 189 194 204 234 ]
58: [ 8 24 72 88 182 188 189 196 212 215 249 ]
59: [ 29 137 157 197 ]
60: [ 5 7 20 39 44 51 78 87 103 194 196 204 217 236 242 248 ]
61: [ 15 16 33 37 46 103 107 109 122 123 129 134 146 156 160 183 199 212 221 230 231 239 245 ]
62: [ 4 15 33 46 95 102 110 146 149 156 166 175 177 178 223 ]
63: [ 27 33 40 55 68 80 82 88 111 117 121 141 175 189 198 214 224 236 ]
64: [ 44 77 106 110 230 ]
65: [ 5 22 29 42 68 81 93 99 113 124 125 152 161 215 227 239 247 248 ]
66: [ 4 8 75 89 142 159 186 190 201 206 210 234 ]
67: [ 17 33 79 142 164 165 172 188 202 214 240 ]
68: [ 10 24 27 41 63 65 71 90 99 114 115 126 130 145 148 149 154 165 194 201 217 230 242 ]
69: [ 56 92 106 157 178 195 200 201 ]
70: [ 35 52 83 106 115 123 129 147 230 234 ]
71: [ 51 68 75 133 141 150 157 217 ]
72: [ 4 47 58 76 147 157 229 241 ]
73: [ 11 24 26 34 52 75 79 125 128 143 164 182 201 204 206 222 246 ]
74: [ 25 30 34 99 109 112 133 156 177 186 203 206 212 224 ]
75: [ 25 50 55 66 71 73 92 120 136 137 140 158 165 174 197 201 202 212 ]
76: [ 21 30 72 77 88 107 114 124 133 141 145 154 164 174 181 187 199 206 209 217 222 239 244 ]
77: [ 9 64 76 111 116 138 144 149 159 163 177 195 246 ]
78: [ 3 27 32 33 35 48 60 90 123 131 172 226 245 247 ]
79: [ 5 67 73 95 128 145 204 206 ]
80: [ 7 42 63 167 168 227 ]
81: [ 16 47 65 97 121 184 194 240 ]
82: [ 46 48 63 94 95 113 122 154 185 218 222 230 242 ]
83: [ 19 23 42 54 70 85 94 106 112 118 121 126 128 130 193 241 ]
84: [ 17 50 131 137 167 189 195 198 203 222 ]
85: [ 44 83 127 137 189 239 241 250 ]
86: [ 4 8 26 88 90 95 146 157 198 ]
87: [ 1 11 13 27 29 43 47 55 56 60 90 92 100 102 121 155 163 164 195 204 208 224 ]
88: [ 8 15 21 58 63 76 86 104 151 182 188 197 ]
89: [ 5 28 55 66 96 110 132 138 153 166 182 203 215 249 ]
90: [ 2 44 51 68 78 86 87 102 115 118 138 153 154 159 187 205 217 221 224 ]
91: [ 9 23 97 99 105 110 111 112 117 122 123 138 144 173 184 206 212 217 222 227 ]
92: [ 40 51 55 56 69 75 87 96 112 116 117 147 203 209 220 227 ]
93: [ 35 47 49 65 94 103 123 128 154 169 178 180 192 195 210 214 226 245 249 ]
94: [ 13 30 50 82 83 93 119 123 124 150 152 162 169 179 189 206 219 249 ]
95: [ 2 62 79 82 86 101 102 105 113 123 128 143 161 175 217 237 ]
96: [ 18 89 92 122 130 151 161 175 236 ]
97: [ 37 56 81 91 100 109 110 130 133 145 158 169 171 187 189 192 209 234 245 ]
98: [ 18 126 127 146 157 166 217 240 ]
99: [ 9 13 55 65 68 74 91 111 117 185 223 224 ]
100: [ 7 15 87 97 106 146 183 196 210 234 ]
101: [ 27 51 55 95 111 122 156 172 181 187 196 206 211 230 236 ]
102: [ 62 87 90 95 112 116 121 130 149 152 166 169 174 180 200 213 ]
103: [ 50 60 61 93 107 172 182 217 ]
104: [ 13 33 42 52 88 112 142 147 164 182 192 198 ]
105: [ 15 33 54 91 95 107 136 157 158 170 194 203 216 227 ]
106: [ 4 11 27 35 41 57 64 69 70 83 100 112 119 143 154 161 163 178 182 185 186 208 240 ]
107: [ 13 24 34 50 61 76 103 105 111 123 130 136 151 156 180 181 183 193 213 243 ]
108: [ 52 117 120 129 148 156 157 178 193 200 206 239 ]
109: [ 4 10 24 25 38 61 74 97 110 120 127 142 159 169 191 213 232 242 248 ]
110: [ 7 13 30 31 38 46 50 62 64 89 91 97 109 112 127 183 195 211 212 220 230 237 ]
111: [ 9 46 63 77 91 99 101 107 113 149 244 ]
112: [ 24 25 27 48 52 74 83 91 92 102 104 106 110 128 132 194 209 217 ]
113: [ 1 3 4 18 65 82 95 111 121 184 188 211 240 242 ]
114: [ 8 15 24 57 68 76 121 128 130 160 168 189 198 200 205 ]
115: [ 10 52 68 70 90 119 142 145 158 191 209 213 230 239 249 ]
116: [ 10 42 77 92 102 119 165 194 203 ]
117: [ 2 23 45 63 91 92 99 108 133 174 180 211 230 236 250 ]
118: [ 43 83 90 131 199 210 211 234 ]
119: [ 23 55 94 106 115 116 122 137 157 183 185 205 214 216 218 234 246 ]
120: [ 32 39 57 75 108 109 128 131 140 163 177 186 191 209 214 215 ]
121: [ 3 10 20 30 42 63 81 83 87 102 113 114 133 135 139 159 161 170 203 250 ]
122: [ 31 61 82 91 96 101 119 123 142 153 165 166 185 205 235 239 241 242 ]
123: [ 47 52 61 70 78 91 93 94 95 107 122 125 163 173 197 208 249 ]
124: [ 5 28 65 76 94 132 154 176 182 ]
125: [ 37 43 44 65 73 123 172 213 240 241 ]
126: [ 27 68 83 98 136 149 182 190 195 ]
127: [ 11 29 85 98 109 110 183 210 218 224 ]
128: [ 9 51 73 79 83 93 95 112 114 120 140 163 165 174 175 176 183 194 197 203 208 ]
129: [ 39 61 70 108 143 183 197 199 201 204 212 ]
130: [ 4 9 35 36 37 40 68 83 96 97 102 107 114 142 151 177 202 ]
131: [ 24 56 78 84 118 120 145 160 174 201 204 223 225 230 240 249 ]
132: [ 3 12 34 89 112 124 161 163 188 197 204 210 235 240 ]
133: [ 34 42 49 71 74 76 97 117 121 168 185 193 194 199 210 233 ]
134: [ 11 30 41 61 163 164 187 209 214 245 ]
135: [ 6 121 141 142 174 178 186 189 209 220 ]
136: [ 21 23 26 33 36 39 56 75 105 107 126 180 183 223 ]
137: [ 8 32 34 59 75 84 85 119 163 175 202 203 217 218 243 246 ]
138: [ 6 15 19 50 77 89 90 91 147 157 189 ]
139: [ 10 38 44 121 ]
140: [ 12 34 75 120 128 155 168 185 ]
141: [ 3 9 39 57 63 71 76 135 142 174 184 217 ]
142: [ 6 26 43 51 66 67 104 109 115 122 130 135 141 143 149 180 198 205 210 211 244 ]
143: [ 3 21 73 95 106 129 142 151 165 199 221 225 229 241 249 ]
144: [ 33 77 91 154 157 186 194 201 208 241 244 246 ]
145: [ 8 48 68 76 79 97 115 131 189 209 230 232 233 ]
146: [ 11 26 36 61 62 86 98 100 147 163 169 178 194 202 203 205 208 229 243 250 ]
147: [ 11 32 48 54 70 72 92 104 138 146 159 169 203 242 244 249 ]
148: [ 15 48 68 108 149 176 185 224 233 244 ]
149: [ 15 17 19 35 42 48 56 62 68 77 102 111 126 142 148 152 156 158 165 217 218 ]
150: [ 13 15 19 28 31 34 35 71 94 151 152 161 180 213 225 ]
151: [ 6 23 33 55 88 96 107 130 143 150 160 183 197 203 205 241 242 245 ]
152: [ 46 65 94 102 149 150 163 184 226 ]
153: [ 13 18 89 90 122 200 205 224 ]
154: [ 7 17 36 68 76 82 90 93 106 124 144 172 189 213 244 245 250 ]
155: [ 21 34 47 87 140 175 180 189 195 215 225 248 ]
156: [ 61 62 74 101 107 108 149 157 250 ]
157: [ 15 27 31 59 69 71 72 86 98 105 108 119 138 144 156 159 189 191 231 ]
158: [ 31 40 55 75 97 105 115 149 165 173 182 202 222 223 241 ]
159: [ 19 28 66 77 90 109 121 147 157 165 170 172 174 196 197 236 ]
160: [ 19 32 52 53 61 114 131 151 162 164 172 211 250 ]
161: [ 65 95 96 106 121 132 150 193 200 213 218 243 249 ]
162: [ 29 94 160 177 187 201 238 ]
163: [ 1 29 77 87 106 120 123 128 132 134 137 146 152 165 189 224 230 236 242 ]
164: [ 46 52 53 67 73 76 87 104 134 160 167 169 184 187 198 200 212 221 225 239 243 246 ]
165: [ 17 39 41 46 67 68 75 116 122 128 143 149 158 159 163 168 169 175 176 192 217 228 237 ]
166: [ 32 33 42 62 89 98 102 122 168 177 196 197 204 208 211 215 225 241 ]
167: [ 9 55 80 84 164 175 178 185 188 207 243 ]
168: [ 5 6 23 52 55 80 114 133 140 165 166 194 195 200 212 243 ]
169: [ 13 15 17 21 26 49 50 93 94 97 102 109 146 147 164 165 170 181 182 187 195 224 227 235 236 ]
170: [ 31 105 121 159 169 172 182 197 201 211 215 ]
171: [ 55 97 197 206 ]
172: [ 6 46 53 67 78 101 103 125 154 159 160 170 178 188 215 229 ]
173: [ 9 24 91 123 158 224 242 ]
174: [ 3 12 30 40 42 75 76 102 117 128 131 135 141 159 214 223 227 230 240 248 ]
175: [ 37 62 63 95 96 128 137 155 165 167 198 206 213 ]
176: [ 29 40 45 56 124 128 148 165 211 223 229 233 242 243 244 ]
177: [ 33 39 46 50 62 74 77 120 130 162 166 208 223 225 226 240 ]
178: [ 62 69 93 106 108 135 146 167 172 187 194 209 214 229 ]
179: [ 4 8 21 25 44 48 94 187 208 ]
180: [ 6 21 33 93 102 107 117 136 142 150 155 198 204 214 ]
181: [ 8 39 46 48 53 76 101 107 169 203 214 244 247 ]
182: [ 25 35 58 73 88 89 103 104 106 124 126 158 169 170 213 222 236 ]
183: [ 61 100 107 110 119 127 128 129 136 151 ]
184: [ 8 81 91 113 141 152 164 194 226 230 ]
185: [ 8 11 12 39 53 82 99 106 119 122 133 140 148 167 197 198 240 245 ]
186: [ 35 66 74 106 120 135 144 234 ]
187: [ 52 76 90 97 101 134 162 164 169 178 179 190 197 201 217 239 ]
188: [ 2 5 14 15 33 58 67 88 113 132 167 172 218 233 241 248 ]
189: [ 28 35 52 57 58 63 84 85 94 97 114 135 138 145 154 155 157 163 194 196 224 226 240 245 ]
190: [ 4 66 126 187 192 199 210 227 243 ]
191: [ 21 109 115 120 157 235 ]
192: [ 19 30 93 97 104 165 190 227 ]
193: [ 6 10 83 107 108 133 161 195 196 197 239 241 ]
194: [ 5 32 34 42 46 57 60 68 81 105 112 116 128 133 144 146 168 178 184 189 198 238 ]
195: [ 5 25 30 37 40 55 69 77 84 87 93 110 126 155 168 169 193 198 199 205 214 218 227 ]
196: [ 58 60 100 101 159 166 189 193 227 243 250 ]
197: [ 24 35 37 59 75 88 123 128 129 132 151 159 166 170 171 185 187 193 199 202 214 224 240 ]
198: [ 21 44 63 84 86 104 114 142 164 175 180 185 194 195 203 206 208 215 218 234 ]
199: [ 7 46 61 76 118 129 133 143 190 195 197 204 206 250 ]
200: [ 9 33 38 43 45 69 102 108 114 153 161 164 168 203 210 211 217 237 248 ]
201: [ 34 35 66 68 69 73 75 129 131 144 162 170 187 209 219 228 237 240 ]
202: [ 16 18 25 32 67 75 130 137 146 158 197 206 215 239 244 246 249 ]
203: [ 20 34 74 84 89 92 105 116 121 128 137 146 147 151 181 198 200 217 228 240 243 245 ]
204: [ 10 41 53 57 60 73 79 87 129 131 132 166 180 199 208 213 217 244 ]
205: [ 5 13 21 23 24 33 56 90 114 119 122 142 146 151 153 195 218 222 225 229 234 240 244 250 ]
206: [ 16 19 35 53 66 73 74 76 79 91 94 101 108 171 175 198 199 202 213 215 224 244 ]
207: [ 10 167 215 ]
208: [ 7 24 33 34 87 106 123 128 144 146 166 177 179 198 204 220 ]
209: [ 19 76 92 97 112 115 120 134 135 145 178 201 248 249 ]
210: [ 12 23 26 66 93 100 118 127 132 133 142 190 200 219 ]
211: [ 22 48 52 101 110 113 117 118 142 160 166 170 176 200 243 ]
212: [ 21 45 58 61 74 75 91 110 129 164 168 223 ]
213: [ 1 12 22 29 102 107 109 115 125 150 154 161 175 182 204 206 241 245 ]
214: [ 9 13 30 40 41 48 51 56 63 67 93 119 120 134 174 178 180 181 195 197 217 221 240 244 247 ]
215: [ 15 23 28 48 58 65 89 120 155 166 170 172 198 202 206 207 221 223 241 ]
216: [ 9 20 105 119 229 240 ]
217: [ 11 17 20 32 33 60 68 71 76 90 91 95 98 103 112 137 141 149 165 187 200 203 204 214 233 239 ]
218: [ 46 47 52 82 119 127 137 149 161 188 195 198 205 223 229 240 ]
219: [ 30 50 94 201 210 228 240 ]
220: [ 52 92 110 135 208 ]
221: [ 4 40 61 90 143 164 214 215 225 ]
222: [ 17 73 76 82 84 91 158 182 205 250 ]
223: [ 18 62 99 131 136 158 174 176 177 212 215 218 ]
224: [ 14 19 20 41 53 63 74 87 90 99 127 148 153 163 169 173 189 197 206 230 233 235 ]
225: [ 17 21 49 131 143 150 155 164 166 177 205 221 ]
226: [ 9 37 42 78 93 152 177 184 189 ]
227: [ 17 33 39 48 50 52 65 80 91 92 105 169 174 190 192 195 196 249 ]
228: [ 5 18 31 34 35 53 165 201 203 219 244 ]
229: [ 9 18 36 72 143 146 172 176 178 205 216 218 231 248 ]
230: [ 2 6 25 36 40 53 61 64 68 70 82 101 110 115 117 131 145 163 174 184 224 249 ]
231: [ 1 61 157 229 234 ]
232: [ 9 17 109 145 246 248 ]
233: [ 13 21 28 34 53 133 145 148 176 188 217 224 244 ]
234: [ 18 35 37 38 39 45 56 57 66 70 97 100 118 119 186 198 205 231 236 247 ]
235: [ 8 13 23 29 40 52 122 132 169 191 224 ]
236: [ 6 42 43 60 63 96 101 117 159 163 169 182 234 ]
237: [ 21 24 31 95 110 165 200 201 245 ]
238: [ 162 194 249 ]
239: [ 5 61 65 76 85 108 115 122 164 187 193 202 217 ]
240: [ 17 32 50 51 55 67 81 98 106 113 125 131 132 174 177 185 189 197 201 203 205 214 216 218 219 247 ]
241: [ 3 12 28 42 52 72 83 85 122 125 143 144 151 158 166 188 193 213 215 ]
242: [ 3 6 12 28 46 53 60 68 82 109 113 122 147 151 163 173 176 ]
243: [ 30 32 37 107 137 146 161 164 167 168 176 190 196 203 211 246 250 ]
244: [ 13 24 26 31 76 111 142 144 147 148 154 176 181 202 204 205 206 214 228 233 ]
245: [ 3 27 45 61 78 93 97 134 151 154 185 189 203 213 237 ]
246: [ 27 33 73 77 119 137 144 164 202 232 243 ]
247: [ 17 32 34 46 47 55 65 78 181 214 234 240 ]
248: [ 12 18 48 60 65 109 155 174 188 200 209 229 232 ]
249: [ 22 23 34 37 38 41 58 89 93 94 115 123 131 143 147 161 202 209 227 230 238 ]
250: [ 6 9 32 36 40 41 50 56 85 117 121 146 154 156 160 196 199 205 222 243 ]
