1: [ 2 18 49 57 62 63 72 108 111 117 118 124 127 144 148 160 178 199 203 220 237 ]
2: [ 1 23 24 31 43 64 73 74 85 87 88 94 110 120 127 143 171 193 207 219 224 ]
3: [ 21 114 168 176 198 246 248 ]
4: [ 25 36 43 56 63 67 69 85 99 114 145 157 179 182 217 221 231 ]
5: [ 7 20 30 41 42 43 66 73 83 104 132 145 167 201 ]
6: [ 33 64 68 85 109 111 130 136 171 173 202 215 229 249 ]
7: [ 5 18 26 27 29 62 77 95 99 109 113 123 124 139 153 187 194 203 210 248 ]
8: [ 20 33 39 99 117 119 120 191 204 215 218 222 234 ]
9: [ 20 30 73 74 86 91 94 138 164 166 184 196 201 232 237 238 241 ]
10: [ 30 44 45 63 72 80 88 125 136 152 154 160 207 214 225 232 240 241 249 ]
11: [ 19 97 101 138 166 176 185 214 228 ]
12: [ 29 49 84 97 113 118 145 162 168 212 228 243 245 ]
13: [ 14 15 44 66 77 107 113 122 126 128 142 170 181 183 188 199 231 234 ]
14: [ 13 30 66 83 118 170 200 242 ]
15: [ 13 29 47 62 110 170 193 194 227 231 245 ]
16: [ 41 47 56 63 64 74 80 81 84 88 98 99 101 113 157 165 181 209 216 225 239 249 ]
17: [ 30 36 44 55 78 87 88 89 91 108 118 148 161 207 209 213 222 232 250 ]
18: [ 1 7 31 35 37 50 67 69 80 97 100 130 137 139 140 169 179 213 216 232 ]
19: [ 11 22 24 27 37 47 65 73 82 112 118 126 129 158 190 209 237 ]
20: [ 5 8 9 24 52 54 55 64 78 113 116 118 119 127 139 143 149 180 188 200 204 215 217 ]
21: [ 3 49 65 73 83 125 129 162 167 175 216 217 249 ]
22: [ 19 42 49 50 52 56 57 106 111 120 175 185 224 230 241 ]
23: [ 2 32 60 69 85 90 93 105 106 135 136 148 190 203 206 223 231 ]
24: [ 2 19 20 66 83 122 139 144 156 168 171 184 189 212 228 230 231 240 241 ]
25: [ 4 30 40 68 74 82 90 102 105 106 148 149 184 195 211 216 227 228 ]
26: [ 7 29 48 58 120 125 151 209 236 ]
27: [ 7 19 39 57 65 69 76 147 159 173 177 184 185 199 207 209 222 243 244 ]
28: [ 39 43 45 56 67 75 91 115 125 136 142 161 163 173 179 189 191 ]
29: [ 7 12 15 26 45 124 135 139 174 205 249 ]
30: [ 5 9 10 14 17 25 41 114 121 124 151 157 162 175 196 205 224 225 ]
31: [ 2 18 48 49 59 63 117 119 132 169 179 233 238 239 ]
32: [ 23 36 85 92 139 213 233 ]
33: [ 6 8 61 97 128 238 ]
34: [ 46 66 88 93 118 135 147 198 220 231 241 ]
35: [ 18 42 46 49 97 116 122 126 133 154 166 176 189 201 210 229 246 249 ]
36: [ 4 17 32 50 73 80 88 116 120 127 138 139 163 166 186 196 206 237 238 ]
37: [ 18 19 77 84 89 121 148 172 202 227 244 ]
38: [ 51 65 172 197 215 218 ]
39: [ 8 27 28 99 124 139 149 170 173 191 218 228 230 ]
40: [ 25 55 57 60 80 90 105 138 162 181 185 189 199 217 229 ]
41: [ 5 16 30 49 56 81 85 120 121 161 173 175 202 204 214 231 232 239 ]
42: [ 5 22 35 46 48 52 77 85 108 115 120 137 138 161 168 172 210 212 237 245 250 ]
43: [ 2 4 5 28 99 104 129 130 133 140 144 148 166 168 170 177 182 192 209 212 218 224 226 240 250 ]
44: [ 10 13 17 47 74 99 132 136 148 162 170 174 204 215 ]
45: [ 10 28 29 68 96 131 145 154 173 178 240 ]
46: [ 34 35 42 64 70 74 82 85 102 133 151 179 188 216 219 223 240 241 249 ]
47: [ 15 16 19 44 48 60 89 110 130 215 218 229 235 ]
48: [ 26 31 42 47 58 63 65 74 83 94 111 121 126 134 145 156 177 205 216 ]
49: [ 1 12 21 22 31 35 41 50 54 80 83 91 105 108 113 116 130 157 168 193 241 ]
50: [ 18 22 36 49 62 86 91 111 171 244 ]
51: [ 38 53 69 103 104 125 127 141 150 152 160 168 169 172 175 196 216 234 239 250 ]
52: [ 20 22 42 75 108 154 166 185 201 ]
53: [ 51 88 89 140 168 178 192 237 242 ]
54: [ 20 49 58 65 68 69 96 146 148 154 161 170 230 ]
55: [ 17 20 40 65 74 83 99 113 121 135 137 168 189 190 207 ]
56: [ 4 16 22 28 41 65 89 221 227 ]
57: [ 1 22 27 40 83 84 87 88 113 126 157 159 164 194 199 207 219 224 237 ]
58: [ 26 48 54 70 77 79 81 87 103 111 114 154 165 179 184 197 227 228 241 ]
59: [ 31 68 72 94 136 155 216 225 233 250 ]
60: [ 23 40 47 90 91 95 110 115 146 159 174 175 190 197 201 228 237 239 250 ]
61: [ 33 91 137 159 192 237 240 ]
62: [ 1 7 15 50 75 95 98 103 109 113 126 140 148 158 172 188 221 223 233 242 246 ]
63: [ 1 4 10 16 31 48 100 102 121 143 231 ]
64: [ 2 6 16 20 46 70 107 110 135 162 188 216 243 247 ]
65: [ 19 21 27 38 48 54 55 56 84 105 123 138 162 165 173 178 182 196 200 202 213 244 ]
66: [ 5 13 14 24 34 87 88 90 99 115 117 118 149 165 219 227 229 230 250 ]
67: [ 4 18 28 95 104 131 234 238 242 ]
68: [ 6 25 45 54 59 85 105 119 132 137 145 158 164 165 169 205 227 250 ]
69: [ 4 18 23 27 51 54 70 88 89 138 145 182 206 236 238 239 ]
70: [ 46 58 64 69 76 93 147 162 193 207 226 ]
71: [ 80 147 153 170 204 227 250 ]
72: [ 1 10 59 77 95 123 128 129 138 154 179 184 238 249 ]
73: [ 2 5 9 19 21 36 76 89 120 123 129 175 177 181 185 204 215 ]
74: [ 2 9 16 25 44 46 48 55 85 92 100 130 148 159 168 173 224 249 ]
75: [ 28 52 62 88 104 105 121 142 160 162 193 207 ]
76: [ 27 70 73 81 125 143 160 176 196 220 ]
77: [ 7 13 37 42 58 72 109 120 126 162 170 192 197 204 214 216 245 246 250 ]
78: [ 17 20 97 105 111 178 212 233 ]
79: [ 58 114 141 173 209 233 ]
80: [ 10 16 18 36 40 49 71 88 101 112 122 125 190 201 ]
81: [ 16 41 58 76 111 119 150 186 193 214 231 245 ]
82: [ 19 25 46 90 97 107 124 140 156 175 193 202 ]
83: [ 5 14 21 24 48 49 55 57 97 127 145 159 203 214 216 ]
84: [ 12 16 37 57 65 106 112 115 117 135 138 150 154 166 208 209 ]
85: [ 2 4 6 23 32 41 42 46 68 74 109 112 153 165 178 186 191 193 206 219 228 239 ]
86: [ 9 50 169 175 208 212 221 241 ]
87: [ 2 17 57 58 66 90 117 207 238 240 ]
88: [ 2 10 16 17 34 36 53 57 66 69 75 80 105 115 133 146 187 201 207 209 212 213 217 218 221 222 226 228 234 243 248 ]
89: [ 17 37 47 53 56 69 73 133 136 192 231 237 ]
90: [ 23 25 40 60 66 82 87 99 100 110 111 131 140 177 197 198 202 204 234 ]
91: [ 9 17 28 49 50 60 61 105 120 131 140 154 204 211 214 225 230 233 ]
92: [ 32 74 123 126 129 133 139 147 183 184 196 197 225 234 240 243 ]
93: [ 23 34 70 97 124 137 143 145 146 147 152 157 184 209 239 ]
94: [ 2 9 48 59 107 120 132 141 145 203 221 230 231 246 250 ]
95: [ 7 60 62 67 72 126 169 203 209 211 214 ]
96: [ 45 54 101 119 131 226 248 ]
97: [ 11 12 18 33 35 78 82 83 93 98 100 107 134 136 146 147 168 176 193 194 207 216 233 ]
98: [ 16 62 97 104 126 186 204 208 234 ]
99: [ 4 7 8 16 39 43 44 55 66 90 109 123 131 140 149 152 165 175 181 186 190 195 212 239 ]
100: [ 18 63 74 90 97 118 121 172 176 192 212 213 ]
101: [ 11 16 80 96 107 116 119 133 181 239 248 ]
102: [ 25 46 63 128 157 185 221 240 245 ]
103: [ 51 58 62 133 ]
104: [ 5 43 51 67 75 98 109 117 136 138 163 181 190 212 ]
105: [ 23 25 40 49 65 68 75 78 88 91 115 127 166 193 194 206 209 229 250 ]
106: [ 22 23 25 84 118 129 130 221 234 248 ]
107: [ 13 64 82 94 97 101 111 145 168 184 190 215 235 245 246 ]
108: [ 1 17 42 49 52 204 221 231 ]
109: [ 6 7 62 77 85 99 104 118 122 127 149 203 228 229 232 ]
110: [ 2 15 47 60 64 90 111 140 143 176 185 219 221 242 ]
111: [ 1 6 22 48 50 58 78 81 90 107 110 148 159 161 162 164 167 180 186 194 197 233 249 ]
112: [ 19 80 84 85 113 120 147 154 161 182 194 237 ]
113: [ 7 12 13 16 20 49 55 57 62 112 147 150 185 189 205 212 ]
114: [ 3 4 30 58 79 117 125 128 129 135 137 146 174 176 222 231 ]
115: [ 28 42 60 66 84 88 105 121 127 131 150 169 174 183 202 207 214 ]
116: [ 20 35 36 49 101 143 144 165 206 212 232 233 ]
117: [ 1 8 31 66 84 87 104 114 121 138 142 146 154 155 162 164 198 199 210 216 221 232 239 242 ]
118: [ 1 12 14 17 19 20 34 66 100 106 109 123 126 127 158 194 196 211 227 237 240 241 ]
119: [ 8 20 31 68 81 96 101 129 154 180 185 197 232 ]
120: [ 2 8 22 26 36 41 42 73 77 91 94 112 126 136 159 181 184 186 241 ]
121: [ 30 37 41 48 55 63 75 100 115 117 130 148 156 176 179 186 203 204 207 211 219 224 243 ]
122: [ 13 24 35 80 109 143 150 168 196 212 214 250 ]
123: [ 7 65 72 73 92 99 118 153 160 240 ]
124: [ 1 7 29 30 39 82 93 133 156 220 250 ]
125: [ 10 21 26 28 51 76 80 114 135 139 146 168 181 186 198 207 209 228 231 240 ]
126: [ 13 19 35 48 57 62 77 92 95 98 118 120 137 162 191 210 220 232 ]
127: [ 1 2 20 36 51 83 105 109 115 118 146 159 167 173 200 209 219 238 239 ]
128: [ 13 33 72 102 114 133 134 151 158 160 168 169 172 203 209 213 215 230 243 245 ]
129: [ 19 21 43 72 73 92 106 114 119 145 188 191 214 228 ]
130: [ 6 18 43 47 49 74 106 121 134 159 160 165 173 204 209 213 221 241 245 ]
131: [ 45 67 90 91 96 99 115 138 143 149 176 185 205 245 ]
132: [ 5 31 44 68 94 177 203 230 241 ]
133: [ 35 43 46 88 89 92 101 103 124 128 139 148 155 166 178 181 194 221 223 227 249 ]
134: [ 48 97 128 130 169 194 205 214 223 224 ]
135: [ 23 29 34 55 64 84 114 125 151 157 158 165 198 201 210 212 220 240 245 ]
136: [ 6 10 23 28 44 59 89 97 104 120 178 185 233 234 247 250 ]
137: [ 18 42 55 61 68 93 114 126 162 185 224 ]
138: [ 9 11 36 40 42 65 69 72 84 104 117 131 139 161 201 215 237 246 ]
139: [ 7 18 20 24 29 32 36 39 92 125 133 138 144 154 157 178 188 195 225 ]
140: [ 18 43 53 62 82 90 91 99 110 147 153 156 168 200 211 213 ]
141: [ 51 79 94 145 152 164 169 176 196 199 229 ]
142: [ 13 28 75 117 ]
143: [ 2 20 63 76 93 110 116 122 131 148 176 177 178 182 190 197 217 ]
144: [ 1 24 43 116 139 148 165 221 244 ]
145: [ 4 5 12 45 48 68 69 83 93 94 107 129 141 169 177 184 221 231 233 248 ]
146: [ 54 60 88 93 97 114 117 125 127 161 173 205 223 232 247 ]
147: [ 27 34 70 71 92 93 97 112 113 140 154 227 238 ]
148: [ 1 17 23 25 37 43 44 54 62 74 111 121 133 143 144 181 184 245 249 ]
149: [ 20 25 39 66 99 109 131 190 193 200 218 226 ]
150: [ 51 81 84 113 115 122 161 174 184 185 186 221 225 226 ]
151: [ 26 30 46 128 135 ]
152: [ 10 51 93 99 141 153 202 ]
153: [ 7 71 85 123 140 152 157 176 179 193 199 231 247 ]
154: [ 10 35 45 52 54 58 72 84 91 112 117 119 139 147 161 168 176 180 182 191 216 235 241 ]
155: [ 59 117 133 192 197 ]
156: [ 24 48 82 121 124 140 172 197 209 ]
157: [ 4 16 30 49 57 93 102 135 139 153 178 234 ]
158: [ 19 62 68 118 128 135 166 197 233 ]
159: [ 27 57 60 61 74 83 111 120 127 130 179 197 209 215 218 219 222 ]
160: [ 1 10 51 75 76 123 128 130 165 224 ]
161: [ 17 28 41 42 54 111 112 138 146 150 154 162 168 175 195 214 221 ]
162: [ 12 21 30 40 44 64 65 70 75 77 111 117 126 137 161 173 177 196 208 230 238 ]
163: [ 28 36 104 165 166 180 233 ]
164: [ 9 57 68 111 117 141 179 220 ]
165: [ 16 58 65 66 68 85 99 116 130 135 144 160 163 174 178 195 198 207 213 229 ]
166: [ 9 11 35 36 43 52 84 105 133 158 163 179 190 211 220 238 247 ]
167: [ 5 21 111 127 177 203 237 240 ]
168: [ 3 12 24 42 43 49 51 53 55 74 97 107 122 125 128 140 154 161 173 181 190 200 233 ]
169: [ 18 31 51 68 86 95 115 128 134 141 145 171 198 246 247 249 250 ]
170: [ 13 14 15 39 43 44 54 71 77 193 216 ]
171: [ 2 6 24 50 169 185 188 220 222 224 ]
172: [ 37 38 42 51 62 100 128 156 184 205 218 ]
173: [ 6 27 28 39 41 45 65 74 79 127 130 146 162 168 176 179 182 183 213 224 228 232 241 ]
174: [ 29 44 60 114 115 150 165 225 ]
175: [ 21 22 30 41 51 60 73 82 86 99 161 199 200 222 224 236 248 ]
176: [ 3 11 35 76 97 100 110 114 121 131 141 143 153 154 173 185 186 189 211 222 ]
177: [ 27 43 48 73 90 132 143 145 162 167 184 195 233 245 ]
178: [ 1 45 53 65 78 85 133 136 139 143 157 165 200 207 ]
179: [ 4 18 28 31 46 58 72 121 153 159 164 166 173 233 ]
180: [ 20 111 119 154 163 233 ]
181: [ 13 16 40 73 99 101 104 120 125 133 148 168 189 196 202 204 216 232 238 ]
182: [ 4 43 65 69 112 143 154 173 186 192 224 ]
183: [ 13 92 115 173 199 209 228 231 ]
184: [ 9 24 25 27 58 72 92 93 107 120 145 148 150 172 177 211 212 213 237 ]
185: [ 11 22 27 40 52 73 102 110 113 119 131 136 137 150 171 176 191 193 199 213 228 237 248 ]
186: [ 36 81 85 98 99 111 120 121 125 150 176 182 207 211 214 216 229 231 237 250 ]
187: [ 7 88 193 194 245 ]
188: [ 13 20 46 62 64 129 139 171 201 203 212 227 ]
189: [ 24 28 35 40 55 113 176 181 212 ]
190: [ 19 23 55 60 80 99 104 107 143 149 166 168 201 205 215 228 ]
191: [ 8 28 39 85 126 129 154 185 ]
192: [ 43 53 61 77 89 100 155 182 221 222 ]
193: [ 2 15 49 70 75 81 82 85 97 105 149 153 170 185 187 194 200 201 212 234 ]
194: [ 7 15 57 97 105 111 112 118 133 134 187 193 204 212 213 234 ]
195: [ 25 99 139 161 165 177 ]
196: [ 9 30 36 51 65 76 92 118 122 141 162 181 206 208 213 216 241 ]
197: [ 38 58 60 77 90 92 111 119 143 155 156 158 159 202 206 215 222 ]
198: [ 3 34 90 117 125 135 165 169 200 211 ]
199: [ 1 13 27 40 57 117 141 153 175 183 185 203 206 227 231 238 248 ]
200: [ 14 20 65 127 140 149 168 175 178 193 198 223 228 ]
201: [ 5 9 35 52 60 80 88 135 138 188 190 193 216 ]
202: [ 6 37 41 65 82 90 115 152 181 197 220 240 ]
203: [ 1 7 23 83 94 95 109 121 128 132 167 188 199 207 219 222 231 233 249 ]
204: [ 8 20 41 44 71 73 77 90 91 98 108 121 130 181 194 213 228 242 250 ]
205: [ 29 30 48 68 113 131 134 146 172 190 213 ]
206: [ 23 36 69 85 105 116 196 197 199 208 250 ]
207: [ 2 10 17 27 55 57 70 75 87 88 97 115 121 125 165 178 186 203 215 233 234 248 ]
208: [ 84 86 98 162 196 206 ]
209: [ 16 17 19 26 27 43 79 84 88 93 95 105 125 127 128 130 156 159 183 213 242 ]
210: [ 7 35 42 117 126 135 222 238 ]
211: [ 25 91 95 118 121 140 166 176 184 186 198 ]
212: [ 12 24 42 43 78 86 88 99 100 104 113 116 122 135 184 188 189 193 194 250 ]
213: [ 17 18 32 65 88 100 128 130 140 165 173 184 185 194 196 204 205 209 225 232 237 249 ]
214: [ 10 11 41 77 81 83 91 95 115 122 129 134 161 186 215 217 226 228 ]
215: [ 6 8 20 38 44 47 73 107 128 138 159 190 197 207 214 227 ]
216: [ 16 18 21 25 46 48 51 59 64 77 83 97 117 154 170 181 186 196 201 221 ]
217: [ 4 20 21 40 88 143 214 234 240 ]
218: [ 8 38 39 43 47 88 149 159 172 237 250 ]
219: [ 2 46 57 66 85 110 121 127 159 203 220 227 ]
220: [ 1 34 76 124 126 135 164 166 171 202 219 241 ]
221: [ 4 56 62 86 88 94 102 106 108 110 117 130 133 144 145 150 161 192 216 227 ]
222: [ 8 17 27 88 114 159 171 175 176 192 197 203 210 224 229 ]
223: [ 23 46 62 133 134 146 200 ]
224: [ 2 22 30 43 57 74 121 134 137 160 171 173 175 182 222 228 236 239 ]
225: [ 10 16 30 59 91 92 139 150 174 213 228 ]
226: [ 43 70 88 96 149 150 214 248 ]
227: [ 15 25 37 56 58 66 68 71 118 133 147 188 199 215 219 221 240 ]
228: [ 11 12 24 25 39 58 60 85 88 109 125 129 173 183 185 190 200 204 214 224 225 246 ]
229: [ 6 35 40 47 66 105 109 141 165 186 222 230 232 ]
230: [ 22 24 39 54 66 91 94 128 132 162 229 ]
231: [ 4 13 15 23 24 34 41 63 81 89 94 108 114 125 145 153 183 186 199 203 232 ]
232: [ 9 10 17 18 41 109 116 117 119 126 146 173 181 213 229 231 245 250 ]
233: [ 31 32 59 62 78 79 91 97 111 116 136 145 158 163 168 177 179 180 203 207 244 ]
234: [ 8 13 51 67 88 90 92 98 106 136 157 193 194 207 217 ]
235: [ 47 107 154 236 ]
236: [ 26 69 175 224 235 245 ]
237: [ 1 9 19 36 42 53 57 60 61 89 112 118 138 167 184 185 186 213 218 245 248 250 ]
238: [ 9 31 33 36 67 69 72 87 127 147 162 166 181 199 210 244 246 ]
239: [ 16 31 41 51 60 69 85 93 99 101 117 127 224 ]
240: [ 10 24 43 45 46 61 87 92 102 118 123 125 135 167 202 217 227 ]
241: [ 9 10 22 24 34 46 49 58 86 118 120 130 132 154 173 196 220 248 ]
242: [ 14 53 62 67 110 117 204 209 ]
243: [ 12 27 64 88 92 121 128 ]
244: [ 27 37 50 65 144 233 238 ]
245: [ 12 15 42 77 81 102 107 128 130 131 135 148 177 187 232 236 237 ]
246: [ 3 35 62 77 94 107 138 169 228 238 ]
247: [ 64 136 146 153 166 169 248 ]
248: [ 3 7 88 96 101 106 145 175 185 199 207 226 237 241 247 ]
249: [ 6 10 16 21 29 35 46 72 74 111 133 148 169 203 213 ]
250: [ 17 42 43 51 59 60 66 68 71 77 94 105 122 124 136 169 186 204 206 212 218 232 237 ]
