1: [ 11 14 17 39 41 45 56 75 79 97 112 119 128 138 145 166 168 171 172 186 193 204 210 231 245 ]
2: [ 5 28 40 53 56 61 75 88 90 107 116 160 201 209 217 234 239 ]
3: [ 17 38 134 144 147 162 165 174 202 ]
4: [ 21 36 62 75 79 87 95 113 122 139 146 153 164 181 192 194 198 215 229 234 ]
5: [ 2 8 35 81 100 168 172 175 214 ]
6: [ 19 55 57 79 90 130 160 187 242 ]
7: [ 61 90 127 145 163 227 241 ]
8: [ 5 21 23 52 61 71 93 103 116 120 152 160 165 166 191 199 243 248 ]
9: [ 49 72 110 123 134 137 138 172 186 193 222 ]
10: [ 53 64 95 165 214 ]
11: [ 1 47 66 67 75 84 90 93 97 105 108 109 134 187 193 194 198 202 208 216 218 222 242 ]
12: [ 17 34 45 50 59 64 69 72 81 85 86 91 106 109 149 151 158 159 193 202 211 ]
13: [ 29 45 66 77 198 211 ]
14: [ 1 17 28 46 71 101 119 160 ]
15: [ 87 90 92 119 121 137 138 150 158 166 179 215 225 232 235 239 247 248 249 ]
16: [ 17 33 37 66 69 70 97 117 121 126 164 167 185 194 198 201 214 219 226 ]
17: [ 1 3 12 14 16 31 39 49 65 66 79 80 91 98 116 118 126 134 135 180 186 195 203 211 214 241 250 ]
18: [ 116 140 147 163 168 169 188 200 215 220 222 225 236 ]
19: [ 6 62 64 72 80 113 130 135 152 165 167 176 193 194 200 206 226 236 239 244 245 ]
20: [ 28 68 81 88 121 193 210 220 ]
21: [ 4 8 22 52 56 61 129 131 134 138 169 170 192 210 214 233 242 ]
22: [ 21 46 60 61 138 150 157 210 232 241 245 ]
23: [ 8 28 44 90 121 143 144 148 175 212 223 231 ]
24: [ 49 96 216 220 ]
25: [ 28 29 33 53 54 75 88 92 103 106 115 120 127 136 137 168 177 190 192 217 226 236 240 ]
26: [ 27 45 50 52 66 70 88 91 105 110 115 124 160 168 185 194 204 205 213 215 219 220 225 250 ]
27: [ 26 42 70 106 114 149 191 194 208 211 232 ]
28: [ 2 14 20 23 25 29 47 48 49 70 77 91 97 113 118 121 150 170 184 218 219 223 246 ]
29: [ 13 25 28 43 48 72 104 110 117 135 149 181 206 227 249 ]
30: [ 50 92 95 133 164 188 221 224 250 ]
31: [ 17 39 64 81 110 117 136 173 218 ]
32: [ 73 117 ]
33: [ 16 25 38 57 61 67 69 71 73 75 101 121 145 173 179 200 243 244 ]
34: [ 12 39 46 52 62 80 85 87 88 125 142 149 161 169 183 227 ]
35: [ 5 67 97 152 156 183 ]
36: [ 4 47 57 129 151 236 248 ]
37: [ 16 38 52 65 79 101 134 142 148 150 168 215 250 ]
38: [ 3 33 37 42 86 101 113 133 179 180 181 184 187 188 207 230 239 ]
39: [ 1 17 31 34 66 73 98 134 148 158 178 193 201 ]
40: [ 2 45 140 149 165 176 192 223 250 ]
41: [ 1 63 90 91 115 138 139 157 166 198 209 218 230 240 241 ]
42: [ 27 38 44 47 49 55 96 102 106 109 183 190 214 216 226 ]
43: [ 29 61 83 85 90 130 181 191 192 194 236 ]
44: [ 23 42 64 78 91 115 134 154 168 180 191 213 215 236 ]
45: [ 1 12 13 26 40 52 64 68 87 116 126 130 133 155 158 190 201 205 246 ]
46: [ 14 22 34 47 50 64 76 95 111 113 205 217 227 240 ]
47: [ 11 28 36 42 46 50 67 96 115 117 129 144 177 183 192 193 220 ]
48: [ 28 29 61 67 81 127 128 135 153 181 183 185 189 198 214 236 249 ]
49: [ 9 17 24 28 42 65 73 95 128 144 156 158 163 205 223 229 ]
50: [ 12 26 30 46 47 55 69 81 92 95 103 127 134 151 176 188 201 205 210 224 226 ]
51: [ 110 121 138 156 158 172 174 187 212 247 ]
52: [ 8 21 26 34 37 45 61 77 90 91 94 129 173 194 212 233 ]
53: [ 2 10 25 60 74 82 117 158 198 213 ]
54: [ 25 65 69 88 109 132 160 177 207 212 228 230 240 242 ]
55: [ 6 42 50 63 71 74 94 106 107 140 169 193 194 240 248 ]
56: [ 1 2 21 132 142 145 232 248 ]
57: [ 6 33 36 75 77 82 108 111 139 152 166 172 188 191 222 248 ]
58: [ 99 134 189 245 250 ]
59: [ 12 135 189 192 194 ]
60: [ 22 53 63 66 101 103 195 243 ]
61: [ 2 7 8 21 22 33 43 48 52 117 126 163 171 179 199 207 217 220 247 ]
62: [ 4 19 34 70 72 75 82 86 95 122 151 169 170 175 189 192 208 217 ]
63: [ 41 55 60 71 90 91 104 134 151 155 167 202 247 ]
64: [ 10 12 19 31 44 45 46 70 81 89 129 140 160 167 173 177 184 248 ]
65: [ 17 37 49 54 66 70 72 73 82 87 98 107 133 145 161 180 185 215 226 234 248 ]
66: [ 11 13 16 17 26 39 60 65 71 72 81 90 118 157 165 177 189 210 244 ]
67: [ 11 33 35 47 48 70 71 84 131 143 146 167 213 218 225 229 231 235 244 ]
68: [ 20 45 98 141 163 173 196 221 226 247 ]
69: [ 12 16 33 50 54 74 75 82 148 149 153 160 180 209 239 241 250 ]
70: [ 16 26 27 28 62 64 65 67 73 111 117 128 145 157 158 160 169 203 205 221 225 239 248 ]
71: [ 8 14 33 55 63 66 67 80 82 84 106 108 125 151 161 175 183 213 230 247 ]
72: [ 9 12 19 29 62 65 66 98 132 133 134 145 157 165 166 197 214 222 230 242 245 250 ]
73: [ 32 33 39 49 65 70 77 102 104 155 159 167 174 187 189 198 202 216 220 235 241 245 ]
74: [ 53 55 69 82 114 135 136 147 174 196 202 208 ]
75: [ 1 2 4 11 25 33 57 62 69 77 116 131 132 150 165 183 196 208 220 231 ]
76: [ 46 128 133 150 166 167 212 213 220 223 ]
77: [ 13 28 52 57 73 75 82 83 134 150 152 160 163 169 185 210 230 233 ]
78: [ 44 81 83 85 90 132 134 142 150 151 166 167 175 232 235 239 ]
79: [ 1 4 6 17 37 89 95 97 106 119 120 138 142 150 175 182 187 232 239 245 247 ]
80: [ 17 19 34 71 96 99 103 114 120 147 169 181 239 245 250 ]
81: [ 5 12 20 31 48 50 64 66 78 91 104 107 111 119 128 137 160 161 165 172 193 211 223 226 ]
82: [ 53 57 62 65 69 71 74 77 104 145 168 178 179 212 242 ]
83: [ 43 77 78 88 95 103 104 133 151 153 165 201 210 ]
84: [ 11 67 71 163 168 221 ]
85: [ 12 34 43 78 93 106 141 147 159 173 182 192 ]
86: [ 12 38 62 110 115 122 137 142 143 144 180 190 191 244 246 248 ]
87: [ 4 15 34 45 65 92 104 114 117 121 126 127 128 136 156 161 165 171 174 179 199 200 202 217 ]
88: [ 2 20 25 26 34 54 83 95 126 129 139 150 157 193 205 210 231 245 ]
89: [ 64 79 104 110 112 115 122 135 152 188 222 226 ]
90: [ 2 6 7 11 15 23 41 43 52 63 66 78 119 134 138 139 160 176 185 196 204 210 215 220 ]
91: [ 12 17 26 28 41 44 52 63 81 137 149 151 152 161 165 202 243 245 ]
92: [ 15 25 30 50 87 94 95 97 100 116 164 165 200 216 225 ]
93: [ 8 11 85 163 164 186 197 223 236 ]
94: [ 52 55 92 132 201 ]
95: [ 4 10 30 46 49 50 62 79 83 88 92 99 133 161 165 167 168 169 172 196 206 207 212 214 233 241 ]
96: [ 24 42 47 80 102 115 118 129 153 156 158 176 201 223 231 241 245 ]
97: [ 1 11 16 28 35 79 92 107 121 134 144 153 172 176 190 200 ]
98: [ 17 39 65 68 72 121 137 194 209 236 ]
99: [ 58 80 95 104 106 122 128 193 221 242 ]
100: [ 5 92 103 133 166 180 193 218 ]
101: [ 14 33 37 38 60 117 125 126 143 247 ]
102: [ 42 73 96 104 107 169 171 177 189 196 222 ]
103: [ 8 25 50 60 80 83 100 108 110 114 121 165 220 221 223 228 232 ]
104: [ 29 63 73 81 82 83 87 89 99 102 113 115 118 125 129 151 168 179 202 221 234 238 ]
105: [ 11 26 110 132 145 158 169 175 196 205 246 ]
106: [ 12 25 27 42 55 71 79 85 99 126 138 153 156 183 193 207 214 225 229 241 ]
107: [ 2 55 65 81 97 102 108 119 144 169 170 185 194 196 224 226 239 249 ]
108: [ 11 57 71 103 107 138 145 150 152 153 155 156 165 184 189 198 214 215 218 240 247 ]
109: [ 11 12 42 54 115 137 149 152 159 186 189 196 224 225 237 240 ]
110: [ 9 26 29 31 51 86 89 103 105 115 119 136 147 149 170 196 215 222 ]
111: [ 46 57 70 81 219 234 240 243 ]
112: [ 1 89 126 140 149 178 186 209 229 240 242 ]
113: [ 4 19 28 38 46 104 172 205 207 210 218 247 ]
114: [ 27 74 80 87 103 138 143 162 211 223 225 243 ]
115: [ 25 26 41 44 47 86 89 96 104 109 110 155 157 161 174 201 226 234 ]
116: [ 2 8 17 18 45 75 92 126 162 217 231 ]
117: [ 16 29 31 32 47 53 61 70 87 101 141 153 158 167 180 208 211 223 238 ]
118: [ 17 28 66 96 104 128 149 160 161 178 189 199 202 205 211 226 239 ]
119: [ 1 14 15 79 81 90 107 110 133 166 175 178 196 222 224 225 ]
120: [ 8 25 79 80 157 161 175 199 223 ]
121: [ 15 16 20 23 28 33 51 87 97 98 103 135 136 137 152 170 172 181 221 239 247 ]
122: [ 4 62 86 89 99 125 206 209 233 240 ]
123: [ 9 160 199 214 216 235 ]
124: [ 26 129 143 182 228 ]
125: [ 34 71 101 104 122 146 168 176 222 ]
126: [ 16 17 45 61 87 88 101 106 112 116 132 141 145 150 151 165 212 218 243 247 249 ]
127: [ 7 25 48 50 87 144 151 184 211 ]
128: [ 1 48 49 70 76 81 87 99 118 143 144 149 168 213 215 219 245 ]
129: [ 21 36 47 52 64 88 96 104 124 158 161 165 185 186 216 217 218 227 240 ]
130: [ 6 19 43 45 220 ]
131: [ 21 67 75 132 134 144 152 157 162 163 167 203 208 215 248 ]
132: [ 54 56 72 75 78 94 105 126 131 137 149 159 174 186 220 227 236 244 250 ]
133: [ 30 38 45 65 72 76 83 95 100 119 135 140 142 146 159 170 177 178 201 212 216 243 ]
134: [ 3 9 11 17 21 37 39 44 50 58 63 72 77 78 90 97 131 135 140 149 150 153 183 222 ]
135: [ 17 19 29 48 59 74 89 121 133 134 137 146 157 160 174 238 ]
136: [ 25 31 74 87 110 121 152 179 191 196 209 216 219 222 236 ]
137: [ 9 15 25 81 86 91 98 109 121 132 135 144 146 162 163 168 179 180 197 201 217 218 221 250 ]
138: [ 1 9 15 21 22 41 51 79 90 106 108 114 140 144 153 173 190 207 222 224 243 249 ]
139: [ 4 41 57 88 90 144 161 171 186 223 227 244 ]
140: [ 18 40 55 64 112 133 134 138 163 164 166 183 203 212 221 226 ]
141: [ 68 85 117 126 158 164 166 219 221 236 ]
142: [ 34 37 56 78 79 86 133 150 203 238 240 242 245 ]
143: [ 23 67 86 101 114 124 128 148 150 151 162 163 173 174 208 226 245 ]
144: [ 3 23 47 49 86 97 107 127 128 131 137 138 139 145 161 164 191 215 225 230 ]
145: [ 1 7 33 56 65 70 72 82 105 108 126 144 164 166 173 179 227 243 ]
146: [ 4 67 125 133 135 137 148 168 213 226 236 241 247 ]
147: [ 3 18 74 80 85 110 158 245 250 ]
148: [ 23 37 39 69 143 146 159 166 ]
149: [ 12 27 29 34 40 69 91 109 110 112 118 128 132 134 161 170 184 222 ]
150: [ 15 22 28 37 75 76 77 78 79 88 108 126 134 142 143 152 175 183 194 196 201 209 225 ]
151: [ 12 36 50 62 63 71 78 83 91 104 126 127 143 164 191 215 217 ]
152: [ 8 19 35 57 77 89 91 108 109 121 131 136 150 172 186 196 ]
153: [ 4 48 69 83 96 97 106 108 117 134 138 184 203 235 ]
154: [ 44 163 178 192 204 221 ]
155: [ 45 63 73 108 115 170 192 ]
156: [ 35 49 51 87 96 106 108 169 239 ]
157: [ 22 41 66 70 72 88 115 120 131 135 176 207 209 210 223 235 236 245 ]
158: [ 12 15 39 45 49 51 53 70 96 105 117 129 141 147 191 195 245 ]
159: [ 12 73 85 109 132 133 148 164 166 167 186 227 229 239 ]
160: [ 2 6 8 14 26 54 64 69 70 77 81 90 118 123 135 172 211 235 239 ]
161: [ 34 65 71 81 87 91 95 115 118 120 129 139 144 149 163 168 170 193 196 199 201 225 ]
162: [ 3 114 116 131 137 143 201 214 221 ]
163: [ 7 18 49 61 68 77 84 93 131 137 140 143 154 161 190 192 193 ]
164: [ 4 16 30 92 93 140 141 144 145 151 159 178 185 187 199 211 213 219 ]
165: [ 3 8 10 19 40 66 72 75 81 83 87 91 92 95 103 108 126 129 167 194 202 208 218 231 ]
166: [ 1 8 15 41 57 72 76 78 100 119 140 141 145 148 159 171 181 191 210 ]
167: [ 16 19 63 64 67 73 76 78 95 117 131 159 165 174 193 207 214 234 238 241 ]
168: [ 1 5 18 25 26 37 44 82 84 95 104 125 128 137 146 161 178 179 211 239 ]
169: [ 18 21 34 55 62 70 77 80 95 102 105 107 156 195 ]
170: [ 21 28 62 107 110 121 133 149 155 161 193 210 217 250 ]
171: [ 1 61 87 102 139 166 183 208 221 ]
172: [ 1 5 9 51 57 81 95 97 113 121 152 160 183 207 239 243 ]
173: [ 31 33 52 64 68 85 138 143 145 181 183 191 236 240 246 248 250 ]
174: [ 3 51 73 74 87 115 132 135 143 167 216 239 ]
175: [ 5 23 62 71 78 79 105 119 120 150 223 250 ]
176: [ 19 40 50 90 96 97 125 157 185 190 191 196 199 214 232 245 ]
177: [ 25 47 54 64 66 102 133 214 238 ]
178: [ 39 82 112 118 119 133 154 164 168 193 222 225 228 229 ]
179: [ 15 33 38 61 82 87 104 136 137 145 168 180 187 209 230 ]
180: [ 17 38 44 65 69 86 100 117 137 179 182 191 217 248 ]
181: [ 4 29 38 43 48 80 121 166 173 192 205 ]
182: [ 79 85 124 180 201 213 242 ]
183: [ 34 35 42 47 48 71 75 106 134 140 150 171 172 173 208 ]
184: [ 28 38 64 108 127 149 153 195 212 216 219 239 250 ]
185: [ 16 26 48 65 77 90 107 129 164 176 191 198 201 210 222 225 226 229 ]
186: [ 1 9 17 93 109 112 129 132 139 152 159 195 226 248 ]
187: [ 6 11 38 51 73 79 164 179 199 202 ]
188: [ 18 30 38 50 57 89 194 198 201 215 243 250 ]
189: [ 48 58 59 62 66 73 102 108 109 118 240 250 ]
190: [ 25 42 45 86 97 138 163 176 243 ]
191: [ 8 27 43 44 57 86 136 144 151 158 166 173 176 180 185 194 200 203 ]
192: [ 4 21 25 40 43 47 59 62 85 154 155 163 181 201 220 244 ]
193: [ 1 9 11 12 19 20 39 47 55 81 88 99 100 106 161 163 167 170 178 207 210 219 241 243 ]
194: [ 4 11 16 19 26 27 43 52 55 59 98 107 150 165 188 191 225 227 ]
195: [ 17 60 158 169 184 186 214 248 ]
196: [ 68 74 75 90 95 102 105 107 109 110 119 136 150 152 161 176 203 209 214 232 245 ]
197: [ 72 93 137 ]
198: [ 4 11 13 16 41 48 53 73 108 185 188 214 217 ]
199: [ 8 61 87 118 120 123 161 164 176 187 213 ]
200: [ 18 19 33 87 92 97 191 218 236 243 245 ]
201: [ 2 16 39 45 50 83 94 96 115 133 137 150 161 162 182 185 188 192 220 235 ]
202: [ 3 11 12 63 73 74 87 91 104 118 165 187 205 207 222 225 ]
203: [ 17 70 131 140 142 153 191 196 204 216 240 250 ]
204: [ 1 26 90 154 203 205 214 240 ]
205: [ 26 45 46 49 50 70 88 105 113 118 181 202 204 208 210 217 229 234 239 243 ]
206: [ 19 29 95 122 237 ]
207: [ 38 54 61 95 106 113 138 157 167 172 193 202 212 250 ]
208: [ 11 27 62 74 75 117 131 143 165 171 183 205 211 221 236 ]
209: [ 2 41 69 98 112 122 136 150 157 179 196 242 ]
210: [ 1 20 21 22 50 66 77 83 88 90 113 157 166 170 185 193 205 242 247 ]
211: [ 12 13 17 27 81 114 117 118 127 160 164 168 208 240 ]
212: [ 23 51 52 54 76 82 95 126 133 140 184 207 219 226 ]
213: [ 26 44 53 67 71 76 128 146 164 182 199 221 245 ]
214: [ 5 10 16 17 21 42 48 72 95 106 108 123 162 167 176 177 195 196 198 204 244 248 ]
215: [ 4 15 18 26 37 44 65 90 108 110 128 131 144 151 188 228 ]
216: [ 11 24 42 73 92 123 129 133 136 174 184 203 233 250 ]
217: [ 2 25 46 61 62 87 116 129 137 151 170 180 198 205 218 248 ]
218: [ 11 28 31 41 67 100 108 113 126 129 137 165 200 217 220 241 ]
219: [ 16 26 28 111 128 136 141 164 184 193 212 232 ]
220: [ 18 20 24 26 47 61 73 75 76 90 103 130 132 192 201 218 222 234 246 ]
221: [ 30 68 70 84 99 103 104 121 137 140 141 154 162 171 208 213 231 239 245 ]
222: [ 9 11 18 57 72 89 102 110 119 125 134 136 138 149 178 185 202 220 227 229 238 ]
223: [ 23 28 40 49 76 81 93 96 103 114 117 120 139 157 175 230 238 ]
224: [ 30 50 107 109 119 138 225 ]
225: [ 15 18 26 67 70 92 106 109 114 119 144 150 161 178 185 194 202 224 241 ]
226: [ 16 19 25 42 50 65 68 81 89 107 115 118 140 143 146 185 186 212 ]
227: [ 7 29 34 46 129 132 139 145 159 194 222 242 ]
228: [ 54 103 124 178 215 ]
229: [ 4 49 67 106 112 159 178 185 205 222 238 ]
230: [ 38 41 54 71 72 77 144 179 223 241 ]
231: [ 1 23 67 75 88 96 116 165 221 ]
232: [ 15 22 27 56 78 79 103 176 196 219 236 248 ]
233: [ 21 52 77 95 122 216 242 ]
234: [ 2 4 65 104 111 115 167 205 220 ]
235: [ 15 67 73 78 123 153 157 160 201 248 ]
236: [ 18 19 25 36 43 44 48 93 98 132 136 141 146 157 173 200 208 232 237 238 ]
237: [ 109 206 236 242 ]
238: [ 104 117 135 142 167 177 222 223 229 236 ]
239: [ 2 15 19 38 69 70 78 79 80 107 118 121 156 159 160 168 172 174 184 205 221 247 ]
240: [ 25 41 46 54 55 108 109 111 112 122 129 142 173 189 203 204 211 242 ]
241: [ 7 17 22 41 69 73 95 96 106 146 167 193 218 225 230 ]
242: [ 6 11 21 54 72 82 99 112 142 182 209 210 227 233 237 240 ]
243: [ 8 33 60 91 111 114 126 133 138 145 172 188 190 193 200 205 ]
244: [ 19 33 66 67 86 132 139 192 214 245 ]
245: [ 1 19 22 58 72 73 79 80 88 91 96 128 142 143 147 157 158 176 196 200 213 221 244 ]
246: [ 28 45 86 105 173 220 ]
247: [ 15 51 61 63 68 71 79 101 108 113 121 126 146 210 239 ]
248: [ 8 15 36 55 56 57 64 65 70 86 131 173 180 186 195 214 217 232 235 ]
249: [ 15 29 48 107 126 138 ]
250: [ 17 26 30 37 40 58 69 72 80 132 137 147 170 173 175 184 188 189 203 207 216 ]
