1: [ 4 14 24 29 39 45 81 98 105 148 158 185 202 213 235 ]
2: [ 12 40 46 54 87 100 138 147 149 160 168 175 202 211 ]
3: [ 57 59 63 78 86 94 96 127 181 187 198 ]
4: [ 1 6 19 27 34 50 63 99 148 152 ]
5: [ 20 40 45 48 53 68 79 88 97 124 137 141 155 158 167 188 207 216 219 226 229 ]
6: [ 4 11 14 19 33 36 52 86 92 102 126 129 140 158 161 171 174 175 194 204 222 249 ]
7: [ 12 57 59 79 84 91 116 134 145 157 169 213 227 244 ]
8: [ 38 133 136 150 155 184 238 ]
9: [ 54 76 77 91 92 139 207 243 ]
10: [ 31 40 67 114 142 165 185 234 ]
11: [ 6 34 39 45 52 58 69 78 82 97 103 121 182 190 199 206 228 242 243 250 ]
12: [ 2 7 25 35 38 82 92 93 95 117 123 130 145 146 150 168 171 187 198 210 213 221 222 230 231 ]
13: [ 17 62 74 114 116 118 120 182 ]
14: [ 1 6 16 34 44 55 66 93 94 97 98 105 133 139 149 178 179 186 193 196 198 216 219 233 ]
15: [ 27 38 61 65 70 78 88 97 99 101 111 116 132 165 176 183 198 201 216 225 231 244 250 ]
16: [ 14 17 19 60 62 81 102 111 112 115 147 150 161 183 188 209 229 236 238 ]
17: [ 13 16 22 23 29 37 38 47 59 60 93 121 146 166 178 194 213 ]
18: [ 23 63 68 100 109 112 120 132 135 136 173 176 201 228 238 ]
19: [ 4 6 16 66 105 113 147 162 212 247 ]
20: [ 5 23 31 40 46 47 48 52 62 70 91 94 110 113 164 167 183 188 190 216 235 236 ]
21: [ 58 90 100 124 133 146 149 156 157 167 171 172 204 215 219 229 232 233 238 ]
22: [ 17 29 37 42 91 99 108 127 136 159 167 174 175 181 191 195 197 220 225 228 241 243 248 250 ]
23: [ 17 18 20 41 52 54 78 104 112 148 161 202 205 209 237 242 246 250 ]
24: [ 1 37 40 104 125 128 138 154 166 203 206 ]
25: [ 12 32 56 92 98 112 130 135 143 238 240 ]
26: [ 45 54 70 73 76 95 107 122 136 149 151 161 175 196 199 204 213 228 233 243 246 ]
27: [ 4 15 101 105 118 157 178 187 240 ]
28: [ 30 42 50 93 110 194 221 238 242 ]
29: [ 1 17 22 77 78 110 115 138 234 237 ]
30: [ 28 72 82 108 112 131 141 158 181 182 236 ]
31: [ 10 20 35 48 57 78 81 119 128 138 143 172 183 185 199 206 209 237 242 ]
32: [ 25 38 55 70 111 114 198 ]
33: [ 6 46 52 77 88 129 132 133 145 149 168 170 195 216 233 242 245 247 ]
34: [ 4 11 14 41 59 113 211 235 ]
35: [ 12 31 54 68 70 73 80 93 94 113 126 148 229 238 ]
36: [ 6 53 77 169 186 203 ]
37: [ 17 22 24 46 54 122 124 134 135 159 166 169 202 210 225 226 ]
38: [ 8 12 15 17 32 87 88 92 103 109 149 150 154 157 159 174 196 210 235 ]
39: [ 1 11 63 68 130 140 160 177 196 231 244 ]
40: [ 2 5 10 20 24 43 63 71 72 136 150 206 229 239 ]
41: [ 23 34 48 50 58 60 103 188 204 ]
42: [ 22 28 43 71 157 175 196 197 207 216 238 241 242 ]
43: [ 40 42 53 67 91 101 104 105 107 111 116 132 139 142 145 148 171 190 215 218 230 240 246 248 ]
44: [ 14 82 115 173 193 216 ]
45: [ 1 5 11 26 95 101 103 115 116 131 147 153 179 191 204 219 220 235 238 242 ]
46: [ 2 20 33 37 52 60 80 87 95 103 139 182 185 189 196 201 212 234 ]
47: [ 17 20 51 52 57 109 112 147 151 158 164 179 180 186 196 210 214 225 ]
48: [ 5 20 31 41 67 71 78 88 93 96 101 112 116 125 140 179 198 206 210 222 246 249 ]
49: [ 54 81 84 118 190 199 234 ]
50: [ 4 28 41 72 82 92 93 106 139 143 153 156 165 194 201 208 223 ]
51: [ 47 117 158 176 200 244 ]
52: [ 6 11 20 23 33 46 47 56 91 97 110 124 168 208 220 237 246 249 ]
53: [ 5 36 43 60 61 62 69 71 89 116 121 135 147 157 167 188 219 ]
54: [ 2 9 23 26 35 37 49 56 58 84 92 120 139 160 165 178 181 194 198 203 223 230 235 247 ]
55: [ 14 32 82 109 132 149 161 175 193 206 226 243 ]
56: [ 25 52 54 88 103 109 121 127 135 149 157 164 192 205 206 222 230 240 241 243 ]
57: [ 3 7 31 47 58 74 97 128 157 177 183 184 190 199 208 212 215 216 ]
58: [ 11 21 41 54 57 60 77 88 122 144 147 168 190 198 202 ]
59: [ 3 7 17 34 90 91 128 140 181 218 220 231 237 249 ]
60: [ 16 17 41 46 53 58 78 86 93 95 110 151 154 158 188 222 229 245 ]
61: [ 15 53 62 64 70 76 97 120 126 129 140 141 148 170 193 194 201 202 218 224 236 ]
62: [ 13 16 20 53 61 77 82 97 101 123 165 166 177 207 208 211 212 223 228 242 ]
63: [ 3 4 18 39 40 73 168 173 187 207 213 215 234 238 242 ]
64: [ 61 69 95 98 115 116 195 219 ]
65: [ 15 95 115 125 147 149 193 ]
66: [ 14 19 67 83 103 108 114 117 157 162 168 203 ]
67: [ 10 43 48 66 84 96 99 100 108 136 150 163 167 175 186 190 206 209 220 ]
68: [ 5 18 35 39 95 102 103 110 132 151 192 206 216 224 232 ]
69: [ 11 53 64 78 103 148 173 182 230 231 248 ]
70: [ 15 20 26 32 35 61 76 108 123 149 150 152 174 183 193 202 204 220 247 248 ]
71: [ 40 42 48 53 78 86 105 110 115 116 210 218 241 ]
72: [ 30 40 50 108 118 132 135 139 154 159 163 180 197 236 240 ]
73: [ 26 35 63 76 94 99 123 155 215 220 229 234 245 ]
74: [ 13 57 136 159 165 200 207 211 239 241 ]
75: [ 104 130 139 163 174 237 ]
76: [ 9 26 61 70 73 98 156 160 169 173 186 207 ]
77: [ 9 29 33 36 58 62 82 90 100 103 120 125 136 149 154 188 193 197 198 199 212 218 228 232 234 ]
78: [ 3 11 15 23 29 31 48 60 69 71 85 115 131 142 177 188 190 192 ]
79: [ 5 7 99 179 ]
80: [ 35 46 91 164 196 199 204 207 238 240 ]
81: [ 1 16 31 49 107 109 130 158 174 201 222 250 ]
82: [ 11 12 30 44 50 55 62 77 88 103 129 138 162 174 210 227 250 ]
83: [ 66 84 89 92 101 105 111 126 146 154 201 216 228 248 ]
84: [ 7 49 54 67 83 102 134 158 181 186 208 211 ]
85: [ 78 108 110 165 189 226 ]
86: [ 3 6 60 71 88 93 97 109 143 145 156 164 188 192 194 199 218 220 234 243 ]
87: [ 2 38 46 92 99 103 116 142 166 173 200 212 225 230 246 249 ]
88: [ 5 15 33 38 48 56 58 82 86 113 115 134 144 202 211 218 229 240 243 248 250 ]
89: [ 53 83 114 140 162 165 178 185 190 220 226 ]
90: [ 21 59 77 112 128 161 182 220 ]
91: [ 7 9 20 22 43 52 59 80 97 116 119 123 145 148 187 204 206 235 240 241 ]
92: [ 6 9 12 25 38 50 54 83 87 103 166 206 208 211 237 249 ]
93: [ 12 14 17 28 35 48 50 60 86 109 110 157 163 181 184 201 224 235 ]
94: [ 3 14 20 35 73 141 150 165 175 185 198 207 225 234 235 236 ]
95: [ 12 26 45 46 60 64 65 68 131 153 161 164 189 193 194 205 230 240 242 ]
96: [ 3 48 67 169 194 203 216 ]
97: [ 5 11 14 15 52 57 61 62 86 91 129 140 145 154 170 182 201 214 216 220 230 249 250 ]
98: [ 1 14 25 64 76 107 143 148 152 164 180 189 199 205 212 215 230 233 235 ]
99: [ 4 15 22 67 73 79 87 101 111 117 127 156 172 189 201 204 209 210 218 230 ]
100: [ 2 18 21 67 77 134 191 205 220 241 ]
101: [ 15 27 43 45 48 62 83 99 150 161 194 203 237 248 250 ]
102: [ 6 16 68 84 117 139 151 166 176 185 220 222 240 ]
103: [ 11 38 41 45 46 56 66 68 69 77 82 87 92 110 121 125 150 185 211 220 224 241 ]
104: [ 23 24 43 75 108 136 147 165 168 194 197 211 222 241 243 244 ]
105: [ 1 14 19 27 43 71 83 112 114 122 123 163 182 187 236 244 ]
106: [ 50 193 206 ]
107: [ 26 43 81 98 116 128 147 150 188 204 208 227 234 239 ]
108: [ 22 30 66 67 70 72 85 104 114 115 161 173 177 179 212 ]
109: [ 18 38 47 55 56 81 86 93 110 130 151 160 162 167 184 185 187 206 218 220 234 247 ]
110: [ 20 28 29 52 60 68 71 85 93 103 109 111 115 125 134 138 151 164 174 238 244 ]
111: [ 15 16 32 43 83 99 110 142 ]
112: [ 16 18 23 25 30 47 48 90 105 113 114 143 144 163 171 182 189 198 230 243 ]
113: [ 19 20 34 35 88 112 129 152 161 170 182 187 206 213 218 229 ]
114: [ 10 13 32 66 89 105 108 112 132 138 158 165 217 234 238 243 ]
115: [ 16 29 44 45 64 65 71 78 88 108 110 150 156 167 201 202 208 222 224 244 ]
116: [ 7 13 15 43 45 48 53 64 71 87 91 107 140 144 149 153 172 178 194 211 231 ]
117: [ 12 51 66 99 102 140 150 236 ]
118: [ 13 27 49 72 123 159 190 239 ]
119: [ 31 91 123 150 152 174 200 204 216 232 243 ]
120: [ 13 18 54 61 77 123 147 155 173 207 232 233 ]
121: [ 11 17 53 56 103 122 140 151 155 164 166 198 222 ]
122: [ 26 37 58 105 121 135 136 146 220 229 ]
123: [ 12 62 70 73 91 105 118 119 120 131 136 138 173 175 201 219 ]
124: [ 5 21 37 52 148 ]
125: [ 24 48 65 77 103 110 139 165 171 250 ]
126: [ 6 35 61 83 225 ]
127: [ 3 22 56 99 132 133 210 223 227 231 240 244 248 250 ]
128: [ 24 31 57 59 90 107 155 169 188 230 238 ]
129: [ 6 33 61 82 97 113 190 197 225 242 ]
130: [ 12 25 39 75 81 109 131 149 180 205 ]
131: [ 30 45 78 95 123 130 150 190 194 221 225 227 ]
132: [ 15 18 33 43 55 68 72 114 127 189 243 ]
133: [ 8 14 21 33 127 144 145 158 179 206 225 248 250 ]
134: [ 7 37 84 88 100 110 150 151 152 178 191 229 246 ]
135: [ 18 25 37 53 56 72 122 137 172 183 222 241 ]
136: [ 8 18 22 26 40 67 74 77 104 122 123 141 173 178 194 207 223 231 240 ]
137: [ 5 135 142 229 230 ]
138: [ 2 24 29 31 82 110 114 123 156 167 186 193 199 222 223 237 241 ]
139: [ 9 14 43 46 50 54 72 75 102 125 166 183 189 190 205 214 216 ]
140: [ 6 39 48 59 61 89 97 116 117 121 142 156 181 187 199 201 ]
141: [ 5 30 61 94 136 161 193 196 212 227 241 ]
142: [ 10 43 78 87 111 137 140 157 175 193 221 241 243 248 ]
143: [ 25 31 50 86 98 112 145 149 231 235 ]
144: [ 58 88 112 116 133 148 149 153 161 168 189 202 203 210 233 ]
145: [ 7 12 33 43 86 91 97 133 143 169 177 201 ]
146: [ 12 17 21 83 122 159 174 198 202 227 237 238 249 ]
147: [ 2 16 19 45 47 53 58 65 104 107 120 180 202 208 211 213 217 221 ]
148: [ 1 4 23 35 43 61 69 91 98 124 144 152 164 167 206 208 209 210 213 225 239 ]
149: [ 2 14 21 26 33 38 55 56 65 70 77 116 130 143 144 150 156 158 167 185 211 216 220 237 242 244 ]
150: [ 8 12 16 38 40 67 70 94 101 103 107 115 117 119 131 134 149 182 197 205 207 210 225 227 229 236 ]
151: [ 26 47 60 68 102 109 110 121 134 155 157 164 178 ]
152: [ 4 70 98 113 119 134 148 155 157 167 175 185 193 229 240 ]
153: [ 45 50 95 116 144 175 197 237 ]
154: [ 24 38 60 72 77 83 97 176 203 220 ]
155: [ 5 8 73 120 121 128 151 152 171 178 184 185 194 197 204 218 222 225 239 249 ]
156: [ 21 50 76 86 99 115 138 140 149 182 235 ]
157: [ 7 21 27 38 42 53 56 57 66 93 142 151 152 158 167 168 174 196 214 219 226 ]
158: [ 1 5 6 30 47 51 60 81 84 114 133 149 157 178 179 181 202 212 218 223 238 249 ]
159: [ 22 37 38 72 74 118 146 164 171 181 187 194 204 240 242 ]
160: [ 2 39 54 76 109 220 ]
161: [ 6 16 23 26 55 90 95 101 108 113 141 144 166 183 190 193 206 207 215 216 219 227 230 232 ]
162: [ 19 66 82 89 109 175 187 221 240 ]
163: [ 67 72 75 93 105 112 179 241 ]
164: [ 20 47 56 80 86 95 98 110 121 148 151 159 173 241 242 245 ]
165: [ 10 15 50 54 62 74 85 89 94 104 114 125 173 190 199 201 205 217 230 244 ]
166: [ 17 24 37 62 87 92 102 121 139 161 182 194 219 231 ]
167: [ 5 20 21 22 53 67 109 115 138 148 149 152 157 182 229 242 ]
168: [ 2 12 33 52 58 63 66 104 144 157 174 175 185 193 201 208 209 235 ]
169: [ 7 36 37 76 96 128 145 202 206 207 234 235 ]
170: [ 33 61 97 113 198 212 ]
171: [ 6 12 21 43 112 125 155 159 232 234 238 ]
172: [ 21 31 99 116 135 174 211 222 ]
173: [ 18 44 63 69 76 87 108 120 123 136 164 165 174 180 188 194 203 207 212 222 231 243 ]
174: [ 6 22 38 70 75 81 82 110 119 146 157 168 172 173 190 196 209 236 244 ]
175: [ 2 6 22 26 42 55 67 94 123 142 152 153 162 168 182 198 226 238 248 ]
176: [ 15 18 51 102 154 190 194 197 224 225 ]
177: [ 39 57 62 78 108 145 239 248 ]
178: [ 14 17 27 54 89 116 134 136 151 155 158 181 182 183 186 187 190 207 212 222 223 ]
179: [ 14 45 47 48 79 108 133 158 163 198 201 208 216 225 226 242 ]
180: [ 47 72 98 130 147 173 190 214 224 ]
181: [ 3 22 30 54 59 84 93 140 158 159 178 186 224 236 245 ]
182: [ 11 13 30 46 69 90 97 105 112 113 150 156 166 167 175 178 198 202 209 237 247 ]
183: [ 15 16 20 31 57 70 135 139 161 178 186 197 200 228 240 ]
184: [ 8 57 93 109 155 192 207 ]
185: [ 1 10 31 46 89 94 102 103 109 149 152 155 168 187 199 221 236 242 ]
186: [ 14 36 47 67 76 84 138 178 181 183 189 210 214 218 237 ]
187: [ 3 12 27 63 91 105 109 113 140 159 162 178 185 217 219 221 226 229 230 235 237 247 ]
188: [ 5 16 20 41 53 60 77 78 86 107 128 173 196 ]
189: [ 46 85 95 98 99 112 132 139 144 186 196 209 211 ]
190: [ 11 20 43 49 57 58 67 78 89 118 129 131 139 161 165 174 176 178 180 194 214 221 234 241 ]
191: [ 22 45 100 134 233 241 248 ]
192: [ 56 68 78 86 184 204 209 212 215 223 231 248 249 ]
193: [ 14 44 55 61 65 70 77 95 106 138 141 142 152 161 168 196 198 234 235 ]
194: [ 6 17 28 50 54 61 86 95 96 101 104 116 131 136 155 159 166 173 176 190 226 229 232 249 ]
195: [ 22 33 64 ]
196: [ 14 26 38 39 42 46 47 80 141 157 174 188 189 193 204 227 ]
197: [ 22 42 72 77 104 129 150 153 155 176 183 198 210 234 243 244 ]
198: [ 3 12 14 15 32 48 54 58 77 94 112 121 146 170 175 179 182 193 197 217 220 224 246 248 ]
199: [ 11 26 31 49 57 77 80 86 98 138 140 165 185 212 231 243 250 ]
200: [ 51 74 87 119 183 234 ]
201: [ 15 18 46 50 61 81 83 93 97 99 115 123 140 145 165 168 179 229 246 ]
202: [ 1 2 23 37 58 61 70 88 115 144 146 147 158 169 182 212 219 239 ]
203: [ 24 36 54 66 96 101 144 154 173 222 231 232 ]
204: [ 6 21 26 41 45 70 80 91 99 107 119 155 159 192 196 209 237 244 ]
205: [ 23 56 95 98 100 130 139 150 165 ]
206: [ 11 24 31 40 48 55 56 67 68 91 92 106 109 113 133 148 161 169 219 220 223 226 247 250 ]
207: [ 5 9 42 62 63 74 76 80 94 120 136 150 161 169 173 178 184 216 228 229 ]
208: [ 50 52 57 62 84 92 107 115 147 148 168 179 217 232 ]
209: [ 16 23 31 67 99 148 168 174 182 189 192 204 241 242 ]
210: [ 12 37 38 47 48 71 82 99 127 144 148 150 186 197 234 247 249 ]
211: [ 2 34 62 74 84 88 92 103 104 116 147 149 172 189 238 242 243 ]
212: [ 19 46 57 62 77 87 98 108 141 158 170 173 178 192 199 202 213 226 237 238 248 ]
213: [ 1 7 12 17 26 63 113 147 148 212 238 250 ]
214: [ 47 97 139 157 180 186 190 223 ]
215: [ 21 43 57 63 73 98 161 192 226 ]
216: [ 5 14 15 20 33 42 44 57 68 83 96 97 119 139 149 161 179 207 229 ]
217: [ 114 147 165 187 198 208 229 235 ]
218: [ 43 59 61 71 77 86 88 99 109 113 155 158 186 241 ]
219: [ 5 14 21 45 53 64 123 157 161 166 187 202 206 221 233 ]
220: [ 22 45 52 59 67 70 73 86 89 90 97 100 102 103 109 122 149 154 160 198 206 ]
221: [ 12 28 131 142 147 162 185 187 190 219 224 230 ]
222: [ 6 12 48 56 60 81 102 104 115 121 135 138 155 172 173 178 203 ]
223: [ 50 54 62 127 136 138 158 178 192 206 214 228 229 ]
224: [ 61 68 93 103 115 176 180 181 198 221 229 245 ]
225: [ 15 22 37 47 87 94 126 129 131 133 148 150 155 176 179 243 244 246 ]
226: [ 5 37 55 85 89 157 175 179 187 194 206 212 215 ]
227: [ 7 82 107 127 131 141 146 150 161 196 ]
228: [ 11 18 22 26 62 77 83 183 207 223 ]
229: [ 5 16 21 35 40 60 73 88 113 122 134 137 150 152 167 187 194 201 207 216 217 223 224 234 246 ]
230: [ 12 43 54 56 69 87 95 97 98 99 112 128 137 161 165 187 221 231 237 ]
231: [ 12 15 39 59 69 116 127 136 143 166 173 192 199 203 230 234 247 248 ]
232: [ 21 68 77 119 120 161 171 194 203 208 ]
233: [ 14 21 26 33 98 120 144 191 219 243 245 ]
234: [ 10 29 46 49 63 73 77 86 94 107 109 114 169 171 190 193 197 200 210 229 231 237 ]
235: [ 1 20 34 38 45 54 91 93 94 98 143 156 168 169 187 193 217 ]
236: [ 16 20 30 61 72 94 105 117 150 174 181 185 237 243 ]
237: [ 23 29 31 52 59 75 92 101 138 146 149 153 182 186 187 204 212 230 234 236 245 ]
238: [ 8 16 18 21 25 28 35 42 45 63 80 110 114 128 146 158 171 175 211 212 213 ]
239: [ 40 74 107 118 148 155 177 202 248 ]
240: [ 25 27 43 56 72 80 88 91 95 102 127 136 152 159 162 183 ]
241: [ 22 42 56 71 74 91 100 103 104 135 138 141 142 163 164 190 191 209 218 249 ]
242: [ 11 23 28 31 33 42 45 62 63 95 129 149 159 164 167 179 185 209 211 ]
243: [ 9 11 22 26 55 56 86 88 104 112 114 119 132 142 173 197 199 211 225 233 236 ]
244: [ 7 15 39 51 104 105 110 115 127 149 165 174 197 204 225 ]
245: [ 33 60 73 164 181 224 233 237 248 ]
246: [ 23 26 43 48 52 87 134 198 201 225 229 ]
247: [ 19 33 54 70 109 182 187 206 210 231 ]
248: [ 22 43 69 70 83 88 101 127 133 142 175 177 191 192 198 212 231 239 245 ]
249: [ 6 48 52 59 87 92 97 146 155 158 192 194 210 241 ]
250: [ 11 15 22 23 81 82 88 97 101 125 127 133 199 206 213 ]
