1: [ 13 46 76 87 103 117 118 133 159 167 189 194 206 231 240 ]
2: [ 17 23 25 103 119 128 145 148 204 ]
3: [ 15 34 57 62 74 121 136 191 212 ]
4: [ 8 23 33 64 70 121 143 149 171 189 190 197 204 208 224 225 236 240 243 ]
5: [ 34 73 78 86 89 96 101 104 126 140 143 154 189 203 220 222 ]
6: [ 8 9 12 21 33 61 78 91 110 127 134 150 197 209 218 241 ]
7: [ 30 80 81 94 118 119 153 156 162 168 212 239 244 ]
8: [ 4 6 17 33 52 54 66 79 81 91 100 109 118 127 142 152 167 174 180 181 243 ]
9: [ 6 37 76 77 143 174 182 ]
10: [ 42 56 63 70 85 103 107 136 180 186 187 193 215 240 247 249 ]
11: [ 40 52 57 59 80 81 92 95 101 106 171 174 183 190 197 199 205 221 226 227 232 243 ]
12: [ 6 23 24 29 30 31 35 40 44 46 48 50 55 64 70 86 109 122 127 153 171 178 179 198 201 209 224 235 242 247 ]
13: [ 1 19 24 48 50 51 64 83 84 98 113 114 122 152 159 166 173 174 177 178 181 194 204 225 229 242 ]
14: [ 24 85 115 117 149 160 176 204 209 233 ]
15: [ 3 24 33 43 96 117 167 171 180 194 198 202 204 215 218 219 ]
16: [ 40 64 75 100 117 129 148 165 197 208 220 ]
17: [ 2 8 18 22 32 40 45 60 63 64 77 85 100 124 131 134 136 173 186 193 208 214 227 235 247 ]
18: [ 17 49 64 73 159 163 217 ]
19: [ 13 35 65 92 96 100 119 127 144 151 165 168 171 190 191 193 196 197 199 207 217 236 241 ]
20: [ 54 57 75 85 88 94 132 141 148 157 160 199 211 221 234 ]
21: [ 6 32 35 46 60 62 70 96 97 141 162 170 172 199 219 ]
22: [ 17 30 45 56 67 84 140 155 170 185 220 230 ]
23: [ 2 4 12 28 64 66 78 82 105 106 121 126 199 217 223 235 ]
24: [ 12 13 14 15 40 91 113 141 149 151 167 172 201 ]
25: [ 2 49 51 53 75 92 105 106 107 120 137 138 146 171 198 212 220 ]
26: [ 51 78 95 106 164 168 243 ]
27: [ 74 75 78 127 168 191 202 214 244 ]
28: [ 23 34 35 46 82 93 125 160 162 177 179 195 196 231 234 ]
29: [ 12 92 125 137 148 165 181 184 198 ]
30: [ 7 12 22 32 70 73 90 98 114 139 148 162 194 195 200 205 220 236 246 ]
31: [ 12 37 39 48 66 79 82 95 117 162 166 177 191 ]
32: [ 17 21 30 33 44 92 102 103 133 134 145 159 162 163 174 183 192 198 202 213 217 ]
33: [ 4 6 8 15 32 38 49 84 99 106 123 154 162 184 185 186 191 200 208 215 249 ]
34: [ 3 5 28 49 60 69 86 116 119 132 137 139 147 150 161 195 237 ]
35: [ 12 19 21 28 42 51 65 67 86 87 136 160 166 167 183 209 220 ]
36: [ 59 92 145 160 249 ]
37: [ 9 31 45 57 64 69 70 81 92 115 117 129 140 167 182 193 213 223 232 ]
38: [ 33 57 63 82 95 98 111 117 133 137 140 142 174 184 217 230 240 ]
39: [ 31 82 103 122 154 ]
40: [ 11 12 16 17 24 50 51 72 100 130 136 150 153 160 173 197 198 203 234 238 249 ]
41: [ 53 57 80 141 154 162 232 ]
42: [ 10 35 45 49 50 52 59 86 89 129 142 149 171 172 185 197 203 218 241 242 247 ]
43: [ 15 49 95 112 122 126 145 150 167 194 210 214 240 244 ]
44: [ 12 32 61 66 70 105 108 129 137 141 171 174 176 182 187 231 247 ]
45: [ 17 22 37 42 46 49 57 58 59 62 91 106 107 126 127 149 157 190 200 209 210 223 230 249 ]
46: [ 1 12 21 28 45 100 109 137 141 143 160 177 192 202 234 242 ]
47: [ 57 81 107 112 128 130 132 149 180 194 203 206 211 214 222 ]
48: [ 12 13 31 58 66 71 78 83 90 111 121 135 142 152 157 174 186 192 210 211 212 ]
49: [ 18 25 33 34 42 43 45 62 78 87 110 112 116 122 139 143 156 159 161 174 179 180 193 204 211 232 ]
50: [ 12 13 40 42 60 75 112 152 194 209 214 244 ]
51: [ 13 25 26 35 40 85 106 109 115 133 141 159 164 203 219 ]
52: [ 8 11 42 72 75 87 100 105 111 134 188 194 197 ]
53: [ 25 41 69 144 199 236 ]
54: [ 8 20 80 84 92 100 116 132 187 220 247 ]
55: [ 12 57 77 81 103 116 136 155 161 162 166 176 201 202 213 245 ]
56: [ 10 22 64 133 152 188 226 ]
57: [ 3 11 20 37 38 41 45 47 55 91 102 116 117 149 169 172 173 180 195 200 232 ]
58: [ 45 48 62 75 113 123 127 136 153 164 167 172 221 229 236 ]
59: [ 11 36 42 45 97 107 127 139 154 157 214 219 236 241 ]
60: [ 17 21 34 50 67 74 79 90 96 128 141 143 147 151 155 156 163 212 223 224 227 240 244 246 248 ]
61: [ 6 44 70 86 124 151 153 210 216 229 233 241 ]
62: [ 3 21 45 49 58 72 131 137 138 139 165 196 201 211 212 221 ]
63: [ 10 17 38 65 92 116 141 142 154 159 161 181 189 215 217 246 ]
64: [ 4 12 13 16 17 18 23 37 56 72 75 82 104 111 113 124 136 142 155 177 207 222 233 236 237 ]
65: [ 19 35 63 139 147 236 247 ]
66: [ 8 23 31 44 48 68 79 95 99 101 154 157 158 168 171 181 204 206 212 227 230 241 ]
67: [ 22 35 60 127 144 210 233 ]
68: [ 66 118 136 149 152 158 184 185 216 229 ]
69: [ 34 37 53 75 87 91 105 111 113 153 156 163 177 178 194 211 222 249 250 ]
70: [ 4 10 12 21 30 37 44 61 129 145 163 189 204 225 ]
71: [ 48 78 86 93 108 122 142 149 157 201 204 208 212 236 ]
72: [ 40 52 62 64 74 83 90 100 107 117 120 160 179 180 184 188 215 237 247 249 ]
73: [ 5 18 30 78 80 86 124 131 153 179 190 210 231 ]
74: [ 3 27 60 72 87 92 106 123 211 213 ]
75: [ 16 20 25 27 50 52 58 64 69 76 77 86 96 110 127 129 132 198 201 205 209 226 242 ]
76: [ 1 9 75 78 94 108 159 167 191 195 211 223 230 ]
77: [ 9 17 55 75 106 109 111 114 116 129 145 153 173 175 215 222 242 ]
78: [ 5 6 23 26 27 48 49 71 73 76 128 137 150 241 249 ]
79: [ 8 31 60 66 93 95 137 139 147 150 174 204 208 210 215 221 229 232 244 246 ]
80: [ 7 11 41 54 73 91 149 151 162 192 198 219 225 231 238 245 249 ]
81: [ 7 8 11 37 47 55 91 101 102 136 140 149 155 160 192 196 212 224 229 ]
82: [ 23 28 31 38 39 64 147 150 166 179 224 ]
83: [ 13 48 72 86 87 93 98 134 146 169 171 178 209 ]
84: [ 13 22 33 54 90 91 94 112 117 133 147 151 167 185 230 ]
85: [ 10 14 17 20 51 102 122 129 165 194 197 221 232 236 ]
86: [ 5 12 34 35 42 61 71 73 75 83 90 112 114 140 160 165 176 184 193 240 247 ]
87: [ 1 35 49 52 69 74 83 95 103 126 133 208 213 234 ]
88: [ 20 134 242 ]
89: [ 5 42 95 109 113 118 127 159 182 191 208 212 215 217 222 ]
90: [ 30 48 60 72 84 86 91 100 107 125 127 159 171 210 242 ]
91: [ 6 8 24 45 57 69 80 81 84 90 108 110 119 129 141 149 154 169 170 183 ]
92: [ 11 19 25 29 32 36 37 54 63 74 115 122 141 171 174 178 195 219 242 246 ]
93: [ 28 71 79 83 112 118 130 132 176 181 188 196 207 237 ]
94: [ 7 20 76 84 131 149 160 164 181 183 216 225 229 241 ]
95: [ 11 26 31 38 43 66 79 87 89 107 114 122 129 147 210 225 247 ]
96: [ 5 15 19 21 60 75 113 120 135 152 173 ]
97: [ 21 59 107 131 132 137 172 181 198 201 219 ]
98: [ 13 30 38 83 107 148 174 191 210 ]
99: [ 33 66 116 180 187 195 217 236 ]
100: [ 8 16 17 19 40 46 52 54 72 90 101 142 155 156 157 167 183 191 ]
101: [ 5 11 66 81 100 103 159 161 168 174 185 191 208 211 215 226 227 ]
102: [ 32 57 81 85 104 107 192 ]
103: [ 1 2 10 32 39 55 87 101 111 115 122 128 169 174 176 189 222 229 230 239 ]
104: [ 5 64 102 181 192 ]
105: [ 23 25 44 52 69 113 133 141 142 147 161 165 185 190 212 218 226 ]
106: [ 11 23 25 26 33 45 51 74 77 132 136 151 159 163 172 173 185 188 240 ]
107: [ 10 25 45 47 59 72 90 95 97 98 102 116 128 155 165 179 199 ]
108: [ 44 71 76 91 109 125 139 150 151 166 181 194 204 218 242 247 ]
109: [ 8 12 46 51 77 89 108 176 192 198 222 223 ]
110: [ 6 49 75 91 134 135 157 164 217 219 220 ]
111: [ 38 48 52 64 69 77 103 123 125 143 156 198 201 235 236 250 ]
112: [ 43 47 49 50 84 86 93 162 174 182 193 199 215 ]
113: [ 13 24 58 64 69 89 96 105 116 122 146 152 156 165 197 201 218 ]
114: [ 13 30 77 86 95 121 149 168 211 221 236 ]
115: [ 14 37 51 92 103 133 168 172 182 192 205 211 240 247 249 ]
116: [ 34 49 54 55 57 63 77 99 107 113 144 155 212 223 ]
117: [ 1 14 15 16 31 37 38 57 72 84 134 144 175 181 186 191 194 205 219 240 ]
118: [ 1 7 8 68 89 93 125 128 142 146 162 203 236 238 242 ]
119: [ 2 7 19 34 91 133 151 165 172 174 235 242 244 247 ]
120: [ 25 72 96 124 181 209 238 ]
121: [ 3 4 23 48 114 127 128 153 175 193 203 211 244 ]
122: [ 12 13 39 43 49 71 85 92 95 103 113 123 157 167 187 190 192 194 195 211 219 227 230 234 248 ]
123: [ 33 58 74 111 122 188 203 204 211 239 ]
124: [ 17 61 64 73 120 125 134 135 140 154 164 183 205 218 ]
125: [ 28 29 90 108 111 118 124 139 163 169 172 181 188 202 239 240 ]
126: [ 5 23 43 45 87 136 144 165 168 172 198 247 ]
127: [ 6 8 12 19 27 45 58 59 67 75 89 90 121 137 143 159 165 219 233 ]
128: [ 2 47 60 78 103 107 118 121 216 238 ]
129: [ 16 37 42 44 70 75 77 85 91 95 144 148 187 197 201 227 228 248 ]
130: [ 40 47 93 193 195 211 ]
131: [ 17 62 73 94 97 149 164 179 191 210 224 243 249 ]
132: [ 20 34 47 54 75 93 97 106 196 198 212 222 ]
133: [ 1 32 38 51 56 84 87 105 115 119 138 142 160 162 237 ]
134: [ 6 17 32 52 83 88 110 117 124 143 155 177 236 ]
135: [ 48 96 110 124 152 177 238 239 ]
136: [ 3 10 17 35 40 55 58 64 68 81 106 126 144 162 164 193 202 204 214 221 230 236 243 ]
137: [ 25 29 34 38 44 46 62 78 79 97 127 171 188 192 201 209 210 217 234 240 ]
138: [ 25 62 133 146 193 203 206 ]
139: [ 30 34 49 59 62 65 79 108 125 172 205 214 243 ]
140: [ 5 22 37 38 81 86 124 153 154 173 192 194 226 227 244 ]
141: [ 20 21 24 41 44 46 51 60 63 91 92 105 148 165 180 209 214 222 225 247 ]
142: [ 8 38 42 48 63 64 71 100 105 118 133 162 177 200 215 230 ]
143: [ 4 5 9 46 49 60 111 127 134 147 153 160 172 177 178 180 181 187 211 217 220 229 244 ]
144: [ 19 53 67 116 117 126 129 136 181 184 198 217 225 ]
145: [ 2 32 36 43 70 77 150 199 244 ]
146: [ 25 83 113 118 138 ]
147: [ 34 60 65 79 82 84 95 105 143 184 189 219 227 242 244 ]
148: [ 2 16 20 29 30 98 129 141 149 152 157 175 211 221 223 ]
149: [ 4 14 24 42 45 47 57 68 71 80 81 91 94 114 131 148 157 174 189 199 207 208 232 239 246 ]
150: [ 6 34 40 43 78 79 82 108 145 155 161 208 237 247 ]
151: [ 19 24 60 61 80 84 106 108 119 153 166 178 183 198 201 224 248 ]
152: [ 8 13 48 50 56 68 96 113 135 148 157 172 182 186 188 213 232 243 246 ]
153: [ 7 12 40 58 61 69 73 77 121 140 143 151 204 209 217 249 ]
154: [ 5 33 39 41 59 63 66 91 124 140 158 182 190 193 217 223 236 242 ]
155: [ 22 55 60 64 81 100 107 116 134 150 164 188 201 205 207 243 ]
156: [ 7 49 60 69 100 111 113 160 185 191 211 218 ]
157: [ 20 45 48 59 66 71 100 110 122 148 149 152 164 173 178 180 203 ]
158: [ 66 68 154 164 208 221 224 229 247 ]
159: [ 1 13 18 32 49 51 63 76 89 90 101 106 127 240 ]
160: [ 14 20 28 35 36 40 46 72 81 86 94 133 143 156 171 220 229 232 ]
161: [ 34 49 55 63 101 105 150 192 208 242 ]
162: [ 7 21 28 30 31 32 33 41 55 80 112 118 133 136 142 168 172 189 193 221 227 238 240 242 245 ]
163: [ 18 32 60 69 70 106 125 166 170 190 195 201 244 249 ]
164: [ 26 51 58 94 110 124 131 136 155 157 158 171 180 193 196 197 201 210 232 242 247 249 ]
165: [ 16 19 29 62 85 86 105 107 113 119 126 127 141 167 198 201 204 214 239 ]
166: [ 13 31 35 55 82 108 151 163 193 208 214 ]
167: [ 1 8 15 24 35 37 43 58 76 84 100 122 165 201 216 217 225 244 250 ]
168: [ 7 19 26 27 66 101 114 115 126 162 180 195 198 244 ]
169: [ 57 83 91 103 125 178 201 208 212 247 ]
170: [ 21 22 91 163 ]
171: [ 4 11 12 15 19 25 42 44 66 83 90 92 137 160 164 181 191 205 227 235 ]
172: [ 21 24 42 57 58 97 106 115 119 125 126 139 143 152 162 176 199 208 214 226 250 ]
173: [ 13 17 40 57 77 96 106 140 157 204 241 ]
174: [ 8 9 11 13 32 38 44 48 49 79 92 98 101 103 112 119 149 182 191 200 227 250 ]
175: [ 77 117 121 148 195 210 218 224 233 ]
176: [ 14 44 55 86 93 103 109 172 186 236 ]
177: [ 13 28 31 46 64 69 134 135 142 143 ]
178: [ 12 13 69 83 92 143 151 157 169 186 229 ]
179: [ 12 28 49 72 73 82 107 131 205 209 240 246 ]
180: [ 8 10 15 47 49 57 72 99 141 143 157 164 168 182 184 220 221 ]
181: [ 8 13 29 63 66 93 94 97 104 108 117 120 125 143 144 171 191 211 212 234 236 240 ]
182: [ 9 37 44 89 112 115 152 154 174 180 195 216 ]
183: [ 11 32 35 91 94 100 124 151 191 221 ]
184: [ 29 33 38 68 72 86 144 147 180 202 222 230 243 246 ]
185: [ 22 33 42 68 84 101 105 106 156 198 214 217 ]
186: [ 10 17 33 48 117 152 176 178 ]
187: [ 10 44 54 99 122 129 143 208 210 241 ]
188: [ 52 56 72 93 106 123 125 137 152 155 201 244 245 247 ]
189: [ 1 4 5 63 70 103 147 149 162 195 202 219 ]
190: [ 4 11 19 45 73 105 122 154 163 194 202 ]
191: [ 3 19 27 31 33 76 89 98 100 101 117 131 156 171 174 181 183 194 195 198 220 227 244 250 ]
192: [ 32 46 48 80 81 102 104 109 115 122 137 140 161 210 212 ]
193: [ 10 17 19 37 49 86 112 121 130 136 138 154 162 164 166 204 209 234 242 ]
194: [ 1 13 15 30 43 47 50 52 69 85 108 117 122 140 190 191 204 ]
195: [ 28 30 34 57 76 92 99 122 130 163 168 175 182 189 191 204 223 240 ]
196: [ 19 28 62 81 93 132 164 221 229 ]
197: [ 4 6 11 16 19 40 42 52 85 113 129 164 209 210 219 222 229 230 ]
198: [ 12 15 25 29 32 40 75 80 97 109 111 126 132 144 151 165 168 185 191 246 ]
199: [ 11 19 20 21 23 53 107 112 145 149 172 209 213 223 235 ]
200: [ 30 33 45 57 142 174 ]
201: [ 12 24 55 62 71 75 97 111 113 129 137 151 155 163 164 165 167 169 188 219 ]
202: [ 15 27 32 46 55 125 136 184 189 190 227 246 ]
203: [ 5 40 42 47 51 118 121 123 138 157 211 212 216 ]
204: [ 2 4 13 14 15 49 66 70 71 79 108 123 136 153 165 173 193 194 195 227 238 243 ]
205: [ 11 30 75 115 117 124 139 155 171 179 209 211 219 232 240 ]
206: [ 1 47 66 138 232 234 ]
207: [ 19 64 93 149 155 209 215 222 238 ]
208: [ 4 16 17 33 71 79 87 89 101 149 150 158 161 166 169 172 187 ]
209: [ 6 12 14 35 45 50 75 83 120 137 141 153 179 193 197 199 205 207 214 216 227 248 ]
210: [ 43 45 48 61 67 73 79 90 95 98 131 137 164 175 187 192 197 229 ]
211: [ 20 47 48 49 62 69 74 76 101 114 115 121 122 123 130 143 148 156 181 203 205 221 230 245 246 ]
212: [ 3 7 25 48 60 62 66 71 81 89 105 116 132 169 181 192 203 216 218 ]
213: [ 32 37 55 74 87 152 199 ]
214: [ 17 27 43 47 50 59 136 139 141 165 166 172 185 209 244 ]
215: [ 10 15 33 63 72 77 79 89 101 112 142 207 ]
216: [ 61 68 94 128 167 182 203 209 212 241 ]
217: [ 18 19 23 32 38 63 89 99 110 137 143 144 153 154 167 185 236 243 ]
218: [ 6 15 42 105 108 113 124 156 175 212 ]
219: [ 15 21 51 59 80 92 97 110 117 122 127 147 189 197 201 205 224 236 248 ]
220: [ 5 16 22 25 30 35 54 110 143 160 180 191 221 235 ]
221: [ 11 20 58 62 79 85 114 136 148 158 162 180 183 196 211 220 228 246 ]
222: [ 5 47 64 69 77 89 103 109 132 141 184 197 207 223 238 ]
223: [ 23 37 45 60 76 109 116 148 154 195 199 222 237 244 245 248 ]
224: [ 4 12 60 81 82 131 151 158 175 219 230 ]
225: [ 4 13 70 80 94 95 141 144 167 ]
226: [ 11 56 75 101 105 140 172 232 ]
227: [ 11 17 60 66 101 122 129 140 147 162 171 174 191 202 204 209 231 246 ]
228: [ 129 221 ]
229: [ 13 58 61 68 79 81 94 103 143 158 160 178 196 197 210 ]
230: [ 22 38 45 66 76 84 103 122 136 142 184 197 211 224 ]
231: [ 1 28 44 73 80 227 246 ]
232: [ 11 37 41 49 57 79 85 149 152 160 164 205 206 226 242 ]
233: [ 14 61 64 67 127 175 238 ]
234: [ 20 28 40 46 87 122 137 181 193 206 249 ]
235: [ 12 17 23 111 119 171 199 220 248 ]
236: [ 4 19 30 53 58 59 64 65 71 85 99 111 114 118 134 136 154 176 181 217 219 244 246 ]
237: [ 34 64 72 93 133 150 223 ]
238: [ 40 80 118 120 128 135 162 204 207 222 233 ]
239: [ 7 103 123 125 135 149 165 ]
240: [ 1 4 10 38 43 60 86 106 115 117 125 137 159 162 179 181 195 205 ]
241: [ 6 19 42 59 61 66 78 94 173 187 216 ]
242: [ 12 13 42 46 75 77 88 90 92 108 118 119 147 154 161 162 164 193 232 246 ]
243: [ 4 8 11 26 131 136 139 152 155 184 204 217 ]
244: [ 7 27 43 50 60 79 119 121 140 143 145 147 163 167 168 188 191 214 223 236 ]
245: [ 55 80 162 188 211 223 247 ]
246: [ 30 60 63 79 92 149 152 179 184 198 202 211 221 227 231 236 242 ]
247: [ 10 12 17 42 44 54 65 72 86 95 108 115 119 126 141 150 158 164 169 188 245 ]
248: [ 60 122 129 151 209 219 223 235 ]
249: [ 10 33 36 40 45 69 72 78 80 115 131 153 163 164 234 ]
250: [ 69 111 167 172 174 191 ]
