1: [ 5 28 41 50 73 95 116 121 129 132 137 142 164 166 171 234 246 ]
2: [ 15 87 97 174 ]
3: [ 4 11 25 32 39 44 54 76 86 97 100 111 153 172 191 195 207 209 225 ]
4: [ 3 5 15 18 21 42 81 90 91 109 120 128 155 156 170 174 177 187 190 219 243 250 ]
5: [ 1 4 41 99 116 119 130 134 135 144 150 164 204 216 217 225 243 247 ]
6: [ 10 17 38 74 93 111 117 151 176 191 213 226 234 236 ]
7: [ 22 26 30 56 71 100 109 112 119 122 131 160 175 178 199 220 223 235 247 ]
8: [ 12 13 134 143 144 159 180 200 201 215 233 ]
9: [ 21 27 30 139 181 225 ]
10: [ 6 47 53 61 68 71 85 106 110 114 130 134 136 163 180 185 194 231 233 ]
11: [ 3 48 59 61 68 92 113 163 180 192 202 231 239 243 ]
12: [ 8 52 72 87 94 97 106 108 115 128 132 195 197 209 212 222 227 250 ]
13: [ 8 19 20 21 90 105 153 163 174 215 240 245 246 ]
14: [ 54 59 64 120 123 137 161 182 213 233 ]
15: [ 2 4 23 49 73 111 132 159 196 221 ]
16: [ 20 22 28 47 66 98 102 122 127 135 153 184 187 199 204 234 ]
17: [ 6 47 74 78 98 108 120 123 128 141 178 199 200 222 227 235 239 ]
18: [ 4 29 70 71 92 147 153 222 239 ]
19: [ 13 23 26 32 34 71 100 119 133 160 178 181 191 ]
20: [ 13 16 50 61 63 69 77 88 111 158 199 237 ]
21: [ 4 9 13 26 36 47 50 76 95 106 114 126 158 173 174 208 220 240 ]
22: [ 7 16 27 41 45 63 84 95 98 118 128 132 153 183 201 214 219 243 ]
23: [ 15 19 56 64 70 78 82 90 96 125 134 144 152 165 175 192 202 207 209 220 236 239 244 245 ]
24: [ 52 61 96 103 115 123 151 190 200 217 ]
25: [ 3 68 71 74 160 ]
26: [ 7 19 21 55 61 70 88 97 101 103 142 149 154 157 174 195 212 223 232 243 ]
27: [ 9 22 64 74 95 97 131 132 143 178 198 215 ]
28: [ 1 16 45 46 63 69 97 105 114 115 117 142 162 212 225 239 244 ]
29: [ 18 48 59 94 111 160 167 188 213 247 ]
30: [ 7 9 36 50 51 63 64 81 103 114 118 122 124 125 153 154 156 172 186 207 212 236 237 247 ]
31: [ 50 59 157 165 200 215 226 ]
32: [ 3 19 60 77 96 142 153 163 183 189 228 234 ]
33: [ 52 60 126 143 161 163 175 188 192 224 247 ]
34: [ 19 49 53 62 82 106 109 111 117 123 132 146 158 163 166 181 200 215 ]
35: [ 51 73 74 96 100 110 137 179 188 192 201 225 241 250 ]
36: [ 21 30 42 44 58 106 139 150 174 209 213 234 249 ]
37: [ 47 50 65 90 106 132 134 150 182 203 224 ]
38: [ 6 57 65 126 134 137 164 177 223 248 ]
39: [ 3 41 71 88 150 167 169 213 ]
40: [ 48 74 75 109 135 167 223 241 243 ]
41: [ 1 5 22 39 43 45 52 55 61 64 92 104 124 125 128 161 168 173 175 177 236 242 ]
42: [ 4 36 88 111 113 153 173 177 204 217 ]
43: [ 41 61 64 78 90 110 112 113 150 155 168 199 216 223 234 237 239 241 244 ]
44: [ 3 36 62 64 90 114 119 150 159 188 246 ]
45: [ 22 28 41 66 87 114 144 160 167 174 176 204 ]
46: [ 28 51 72 82 103 110 133 159 167 176 213 225 ]
47: [ 10 16 17 21 37 69 70 71 77 84 90 102 135 163 169 180 199 207 215 248 ]
48: [ 11 29 40 73 74 83 108 133 155 192 206 ]
49: [ 15 34 50 71 76 77 92 106 118 127 145 174 186 196 197 204 233 235 ]
50: [ 1 20 21 30 31 37 49 55 63 64 81 83 100 117 125 150 170 187 207 217 229 ]
51: [ 30 35 46 68 71 131 213 225 ]
52: [ 12 24 33 41 56 60 70 77 80 90 93 108 114 159 167 186 197 209 ]
53: [ 10 34 64 105 108 177 184 198 214 219 220 ]
54: [ 3 14 56 58 77 91 97 105 125 145 155 169 175 176 193 247 ]
55: [ 26 41 50 92 140 159 188 195 198 210 215 216 219 235 237 ]
56: [ 7 23 52 54 62 64 110 120 121 145 150 157 185 193 210 228 231 243 ]
57: [ 38 59 60 129 211 217 246 ]
58: [ 36 54 79 117 126 132 163 181 247 ]
59: [ 11 14 29 31 57 78 87 134 156 160 163 172 184 203 ]
60: [ 32 33 52 57 62 67 80 102 105 125 144 147 150 153 169 173 183 192 196 240 ]
61: [ 10 11 20 24 26 41 43 80 88 91 115 155 165 175 192 196 214 222 239 240 250 ]
62: [ 34 44 56 60 73 82 149 176 192 200 206 211 223 224 247 ]
63: [ 20 22 28 30 50 69 71 72 111 113 130 148 152 154 157 162 187 198 200 204 207 235 248 ]
64: [ 14 23 27 30 41 43 44 50 53 56 70 83 84 87 181 192 224 227 236 250 ]
65: [ 37 38 77 84 91 229 231 246 ]
66: [ 16 45 71 79 93 132 134 138 161 163 165 179 247 ]
67: [ 60 75 95 108 124 136 144 147 158 178 189 192 199 201 216 237 242 ]
68: [ 10 11 25 51 83 110 121 128 132 135 138 140 142 173 189 220 ]
69: [ 20 28 47 63 111 215 220 ]
70: [ 18 23 26 47 52 64 81 83 85 107 121 128 145 147 148 176 182 189 209 228 ]
71: [ 7 10 18 19 25 39 47 49 51 63 66 75 82 88 104 122 219 224 239 ]
72: [ 12 46 63 82 125 141 169 170 ]
73: [ 1 15 35 48 62 77 91 108 142 143 153 157 165 184 195 198 213 214 ]
74: [ 6 17 25 27 35 40 48 85 124 125 131 155 163 165 172 185 187 194 203 211 234 ]
75: [ 40 67 71 83 94 181 ]
76: [ 3 21 49 78 140 150 152 156 167 175 191 204 239 ]
77: [ 20 32 47 49 52 54 65 73 88 103 131 146 173 174 176 180 189 194 214 220 231 246 ]
78: [ 17 23 43 59 76 118 121 128 135 142 152 156 161 172 173 181 212 226 ]
79: [ 58 66 164 237 ]
80: [ 52 60 61 86 97 105 107 128 132 137 148 189 191 195 216 224 237 241 247 ]
81: [ 4 30 50 70 92 105 113 117 119 170 171 174 178 187 196 225 236 ]
82: [ 23 34 46 62 71 72 97 98 152 159 198 ]
83: [ 48 50 64 68 70 75 107 113 118 139 158 163 ]
84: [ 22 47 64 65 90 115 127 247 248 ]
85: [ 10 70 74 113 126 ]
86: [ 3 80 88 90 103 155 160 163 207 ]
87: [ 2 12 45 59 64 95 126 158 162 217 ]
88: [ 20 26 39 42 61 71 77 86 109 115 125 147 169 172 179 192 201 209 225 239 240 249 ]
89: [ 91 92 96 132 160 171 178 183 212 233 ]
90: [ 4 13 23 37 43 44 47 52 84 86 102 103 105 120 139 145 152 159 167 195 197 200 235 249 ]
91: [ 4 54 61 65 73 89 92 108 121 128 131 167 171 195 202 209 218 230 ]
92: [ 11 18 41 49 55 81 89 91 96 113 136 154 158 162 170 172 175 188 205 207 240 249 ]
93: [ 6 52 66 108 114 154 159 165 173 ]
94: [ 12 29 75 115 140 172 178 ]
95: [ 1 21 22 27 67 87 117 161 169 194 ]
96: [ 23 24 32 35 89 92 102 109 111 139 148 154 200 212 ]
97: [ 2 3 12 26 27 28 54 80 82 155 163 165 170 190 207 222 249 ]
98: [ 16 17 22 82 130 243 ]
99: [ 5 103 162 215 ]
100: [ 3 7 19 35 50 140 158 234 248 ]
101: [ 26 103 113 115 124 126 134 138 147 161 172 192 209 210 215 226 230 235 ]
102: [ 16 47 60 90 96 127 145 169 172 224 237 ]
103: [ 24 26 30 46 77 86 90 99 101 104 150 151 161 176 218 ]
104: [ 41 71 103 111 120 144 158 169 172 190 209 213 216 ]
105: [ 13 28 53 54 60 80 81 90 119 159 169 176 178 189 191 209 218 240 ]
106: [ 10 12 21 34 36 37 49 130 138 144 145 159 175 210 247 ]
107: [ 70 80 83 140 151 209 216 233 236 ]
108: [ 12 17 48 52 53 67 73 91 93 118 123 149 159 187 207 218 ]
109: [ 4 7 34 40 88 96 113 145 158 163 168 228 ]
110: [ 10 35 43 46 56 68 131 137 160 179 237 ]
111: [ 3 6 15 20 29 34 42 63 69 96 104 126 145 174 186 189 190 195 205 207 216 232 237 244 ]
112: [ 7 43 144 145 158 167 197 221 224 247 ]
113: [ 11 42 43 63 81 83 85 92 101 109 118 126 150 153 169 202 210 213 ]
114: [ 10 21 28 30 44 45 52 93 121 125 175 186 215 222 240 247 ]
115: [ 12 24 28 61 84 88 94 101 116 120 121 125 147 200 ]
116: [ 1 5 115 118 149 159 189 199 224 226 ]
117: [ 6 28 34 50 58 81 95 131 140 162 174 180 194 196 227 234 241 ]
118: [ 22 30 49 78 83 108 113 116 123 128 137 159 166 177 ]
119: [ 5 7 19 44 81 105 156 168 174 175 182 189 204 249 ]
120: [ 4 14 17 56 90 104 115 124 141 153 180 184 186 236 243 ]
121: [ 1 56 68 70 78 91 114 115 151 178 180 192 205 207 233 ]
122: [ 7 16 30 71 165 179 194 207 218 239 248 ]
123: [ 14 17 24 34 108 118 126 135 176 178 216 230 ]
124: [ 30 41 67 74 101 120 189 199 238 244 ]
125: [ 23 30 41 50 54 60 72 74 88 114 115 128 157 ]
126: [ 21 33 38 58 85 87 101 111 113 123 147 151 161 184 204 240 ]
127: [ 16 49 84 102 132 143 147 178 ]
128: [ 4 12 17 22 41 68 70 78 80 91 118 125 160 166 197 198 204 207 213 ]
129: [ 1 57 162 168 ]
130: [ 5 10 63 98 106 155 166 176 207 244 249 ]
131: [ 7 27 51 74 77 91 110 117 145 175 222 228 236 ]
132: [ 1 12 15 22 27 34 37 58 66 68 80 89 127 133 144 155 178 191 210 230 234 246 ]
133: [ 19 46 48 132 141 150 159 230 ]
134: [ 5 8 10 23 37 38 59 66 101 139 173 199 211 220 225 248 ]
135: [ 5 16 40 47 68 78 123 139 147 175 191 200 206 211 220 226 233 247 ]
136: [ 10 67 92 157 170 177 192 218 241 244 ]
137: [ 1 14 35 38 80 110 118 165 167 168 170 189 215 238 246 ]
138: [ 66 68 101 106 144 163 165 217 234 249 ]
139: [ 9 36 83 90 96 134 135 155 188 200 249 ]
140: [ 55 68 76 94 100 107 117 147 178 186 227 232 238 250 ]
141: [ 17 72 120 133 224 236 ]
142: [ 1 26 28 32 68 73 78 143 170 188 197 207 208 218 221 239 245 ]
143: [ 8 27 33 73 127 142 148 149 178 200 207 211 213 221 226 231 234 242 ]
144: [ 5 8 23 45 60 67 104 106 112 132 138 190 198 204 219 224 227 237 245 ]
145: [ 49 54 56 70 90 102 106 109 111 112 131 165 173 176 182 195 204 211 214 233 237 246 ]
146: [ 34 77 150 159 236 237 ]
147: [ 18 60 67 70 88 101 115 126 127 135 140 164 168 190 198 200 210 216 245 ]
148: [ 63 70 80 96 143 155 202 214 221 242 ]
149: [ 26 62 108 116 143 186 235 243 ]
150: [ 5 36 37 39 43 44 50 56 60 76 103 113 133 146 155 164 186 187 192 195 223 234 ]
151: [ 6 24 103 107 121 126 155 165 168 ]
152: [ 23 63 76 78 82 90 156 163 175 206 207 ]
153: [ 3 13 16 18 22 30 32 42 60 73 113 120 165 182 228 ]
154: [ 26 30 63 92 93 96 197 198 ]
155: [ 4 43 48 54 61 74 86 97 130 132 139 148 150 151 186 198 205 206 214 216 ]
156: [ 4 30 59 76 78 119 152 157 178 201 212 248 ]
157: [ 26 31 56 63 73 125 136 156 167 172 204 209 236 ]
158: [ 20 21 34 67 83 87 92 100 104 109 112 175 178 180 216 239 240 ]
159: [ 8 15 44 46 52 55 82 90 93 105 106 108 116 118 133 146 160 165 174 192 206 223 237 240 ]
160: [ 7 19 25 29 45 59 86 89 110 128 159 172 180 193 202 206 211 219 230 ]
161: [ 14 33 41 66 78 95 101 103 126 164 168 179 213 215 245 ]
162: [ 28 63 87 92 99 117 129 163 173 176 192 203 223 226 229 232 242 ]
163: [ 10 11 13 32 33 34 47 58 59 66 74 83 86 97 109 138 152 162 168 189 191 192 198 199 223 ]
164: [ 1 5 38 79 147 150 161 178 182 212 214 ]
165: [ 23 31 61 66 73 74 93 97 122 137 138 145 151 153 159 185 190 215 226 228 232 233 ]
166: [ 1 34 118 128 130 184 214 243 ]
167: [ 29 39 40 45 46 52 76 90 91 112 137 157 191 209 221 229 243 ]
168: [ 41 43 109 119 129 137 147 151 161 163 175 236 248 ]
169: [ 39 47 54 60 72 88 95 102 104 105 113 177 181 185 224 247 ]
170: [ 4 50 72 81 92 97 136 137 142 184 ]
171: [ 1 81 89 91 178 187 200 235 ]
172: [ 3 30 59 74 78 88 92 94 101 102 104 157 160 180 195 200 202 207 211 214 242 245 246 ]
173: [ 21 41 42 60 68 77 78 93 134 145 162 188 192 209 216 ]
174: [ 2 4 13 21 26 36 45 49 77 81 111 117 119 159 207 211 225 237 ]
175: [ 7 23 33 41 54 61 76 92 106 114 119 131 135 152 158 168 198 210 219 225 246 ]
176: [ 6 45 46 54 62 70 77 103 105 123 130 145 162 195 215 245 ]
177: [ 4 38 41 42 53 118 136 169 197 236 241 ]
178: [ 7 17 19 27 67 81 89 94 105 121 123 127 132 140 143 156 158 164 171 207 214 220 241 ]
179: [ 35 66 88 110 122 161 186 187 204 206 ]
180: [ 8 10 11 47 77 117 120 121 158 160 172 196 206 247 ]
181: [ 9 19 34 58 64 75 78 169 189 207 214 232 233 236 ]
182: [ 14 37 70 119 145 153 164 188 246 ]
183: [ 22 32 60 89 188 189 206 ]
184: [ 16 53 59 73 120 126 166 170 189 215 225 226 237 ]
185: [ 10 56 74 165 169 195 202 ]
186: [ 30 49 52 111 114 120 140 149 150 155 179 194 203 206 220 221 224 227 247 ]
187: [ 4 16 50 63 74 81 108 150 171 179 195 198 231 ]
188: [ 29 33 35 44 55 92 139 142 173 182 183 202 205 213 215 243 ]
189: [ 32 67 68 70 77 80 105 111 116 119 124 137 163 181 183 184 193 ]
190: [ 4 24 97 104 111 144 147 165 221 238 ]
191: [ 3 6 19 76 80 105 132 135 163 167 207 236 ]
192: [ 11 23 33 35 48 60 61 62 64 67 88 101 121 136 150 159 162 163 173 194 204 246 ]
193: [ 54 56 160 189 198 240 ]
194: [ 10 74 77 95 117 122 186 192 237 240 ]
195: [ 3 12 26 55 73 80 90 91 111 145 150 172 176 185 187 196 200 206 231 ]
196: [ 15 49 60 61 81 117 180 195 215 224 ]
197: [ 12 49 52 90 112 128 142 154 177 214 220 240 248 ]
198: [ 27 53 55 63 73 82 128 144 147 154 155 163 175 187 193 200 216 218 223 240 ]
199: [ 7 16 17 20 43 47 67 116 124 134 163 224 225 ]
200: [ 8 17 24 31 34 62 63 90 96 115 135 139 143 147 171 172 195 198 217 239 ]
201: [ 8 22 35 67 88 156 207 ]
202: [ 11 23 91 113 148 160 172 185 188 206 215 225 237 238 250 ]
203: [ 37 59 74 162 186 ]
204: [ 5 16 42 45 49 63 76 119 126 128 144 145 157 179 192 249 ]
205: [ 92 111 121 155 188 ]
206: [ 48 62 135 152 155 159 160 179 180 183 186 195 202 231 233 ]
207: [ 3 23 30 47 50 63 86 92 97 108 111 121 122 128 130 142 143 152 172 174 178 181 191 201 224 225 233 248 ]
208: [ 21 142 233 ]
209: [ 3 12 23 36 52 70 88 91 101 104 105 107 157 167 173 210 212 213 225 237 ]
210: [ 55 56 101 106 113 132 147 175 209 233 235 ]
211: [ 57 62 74 134 135 143 145 160 172 174 240 ]
212: [ 12 26 28 30 78 89 96 156 164 209 216 225 236 ]
213: [ 6 14 29 36 39 46 51 73 104 113 128 143 161 188 209 220 239 ]
214: [ 22 53 61 73 77 145 148 155 164 166 172 178 181 197 ]
215: [ 8 13 27 31 34 47 55 69 99 101 114 137 161 165 176 184 188 196 202 228 232 234 ]
216: [ 5 43 55 67 80 104 107 111 123 147 155 158 173 198 212 223 243 246 ]
217: [ 5 24 42 50 57 87 138 200 229 236 ]
218: [ 91 103 105 108 122 136 142 198 237 239 ]
219: [ 4 22 53 55 71 144 160 175 223 ]
220: [ 7 21 23 53 68 69 77 134 135 178 186 197 213 ]
221: [ 15 112 142 143 148 167 186 190 241 ]
222: [ 12 17 18 61 97 114 131 ]
223: [ 7 26 38 40 43 62 150 159 162 163 198 216 219 231 ]
224: [ 33 37 62 64 71 80 102 112 116 141 144 169 186 196 199 207 239 243 244 ]
225: [ 3 5 9 28 35 46 51 81 88 134 174 175 184 199 202 207 209 212 236 238 242 ]
226: [ 6 31 78 101 116 135 143 162 165 184 245 249 ]
227: [ 12 17 64 117 140 144 186 249 ]
228: [ 32 56 70 109 131 153 165 215 241 ]
229: [ 50 65 162 167 217 ]
230: [ 91 101 123 132 133 160 246 ]
231: [ 10 11 56 65 77 143 187 195 206 223 ]
232: [ 26 111 140 162 165 181 215 ]
233: [ 8 10 14 49 89 107 121 135 145 165 181 206 207 208 210 ]
234: [ 1 6 16 32 36 43 74 100 117 132 138 143 150 215 250 ]
235: [ 7 17 49 55 63 90 101 149 171 210 236 241 ]
236: [ 6 23 30 41 64 81 107 120 131 141 146 157 168 177 181 191 212 217 225 235 239 242 250 ]
237: [ 20 30 43 55 67 79 80 102 110 111 144 145 146 159 174 184 194 202 209 218 ]
238: [ 124 137 140 190 202 225 ]
239: [ 11 17 18 23 28 43 61 71 76 88 122 142 158 200 213 218 224 236 244 ]
240: [ 13 21 60 61 88 92 105 114 126 158 159 193 194 197 198 211 ]
241: [ 35 40 43 80 117 136 177 178 221 228 235 ]
242: [ 41 67 143 148 162 172 225 236 ]
243: [ 4 5 11 22 26 40 56 98 120 149 166 167 188 216 224 248 ]
244: [ 23 28 43 111 124 130 136 224 239 ]
245: [ 13 23 142 144 147 161 172 176 226 ]
246: [ 1 13 44 57 65 77 132 137 145 172 175 182 192 216 230 ]
247: [ 5 7 29 30 33 54 58 62 66 80 84 106 112 114 135 169 180 186 ]
248: [ 38 47 63 84 100 122 134 156 168 197 207 243 ]
249: [ 36 88 90 92 97 119 130 138 139 204 226 227 ]
250: [ 4 12 35 61 64 140 202 234 236 ]
