1: [ 21 69 83 129 143 146 152 176 195 199 211 231 232 ]
2: [ 8 18 35 39 47 64 66 68 78 98 125 140 143 156 158 167 181 195 197 198 219 225 ]
3: [ 7 9 35 43 51 54 73 83 87 89 99 122 126 168 181 188 200 205 207 230 ]
4: [ 15 20 36 43 65 96 118 122 125 139 140 147 156 166 193 196 198 217 240 242 ]
5: [ 10 25 40 52 53 55 72 74 112 113 116 120 145 149 162 169 228 ]
6: [ 26 55 65 76 94 107 173 187 188 194 195 197 234 ]
7: [ 3 25 26 40 44 49 74 103 106 109 125 132 134 154 202 219 226 250 ]
8: [ 2 26 31 40 48 50 51 52 56 61 112 116 141 177 181 208 223 225 ]
9: [ 3 15 18 70 88 105 110 116 164 167 169 214 223 242 ]
10: [ 5 19 31 55 74 119 152 158 169 197 202 212 215 ]
11: [ 12 16 26 33 37 43 47 60 67 90 94 102 105 110 153 156 209 232 ]
12: [ 11 24 32 33 38 48 67 84 99 101 117 118 122 127 162 199 241 ]
13: [ 39 68 72 148 150 166 210 223 ]
14: [ 34 43 68 96 206 226 232 244 ]
15: [ 4 9 17 76 87 96 97 122 123 142 165 174 177 187 199 211 220 238 245 249 ]
16: [ 11 17 44 80 98 99 123 147 153 209 ]
17: [ 15 16 18 28 32 33 41 42 54 62 64 85 106 108 114 123 186 211 212 214 226 243 246 ]
18: [ 2 9 17 64 83 127 136 146 150 177 207 215 236 ]
19: [ 10 24 45 131 133 142 ]
20: [ 4 21 27 37 59 78 85 94 110 160 161 164 168 177 199 201 214 218 232 ]
21: [ 1 20 61 100 117 119 122 128 133 134 143 148 158 161 173 196 203 ]
22: [ 27 49 72 78 87 102 112 119 121 129 134 135 140 150 200 231 ]
23: [ 24 55 77 109 140 149 155 164 180 184 220 221 ]
24: [ 12 19 23 46 56 63 64 93 115 122 123 147 154 180 200 206 210 232 234 236 ]
25: [ 5 7 54 76 131 133 136 146 176 197 221 222 223 ]
26: [ 6 7 8 11 70 74 92 109 121 131 169 203 211 212 225 ]
27: [ 20 22 30 46 50 60 74 95 111 123 126 128 143 149 169 176 180 195 222 223 250 ]
28: [ 17 59 112 123 147 152 207 ]
29: [ 48 63 165 174 ]
30: [ 27 44 48 76 78 98 117 196 225 ]
31: [ 8 10 79 131 150 164 180 208 213 214 217 240 245 ]
32: [ 12 17 137 153 173 207 ]
33: [ 11 12 17 37 46 95 104 126 130 141 162 222 ]
34: [ 14 76 79 87 95 122 125 140 147 151 153 183 198 249 ]
35: [ 2 3 40 43 50 72 87 88 106 111 118 134 139 142 161 205 213 221 222 ]
36: [ 4 48 73 78 106 131 133 138 150 181 190 205 209 222 223 230 232 ]
37: [ 11 20 33 41 68 108 116 133 142 157 159 171 179 202 214 218 223 232 237 ]
38: [ 12 135 141 162 191 225 240 242 ]
39: [ 2 13 40 65 72 76 80 84 92 147 176 184 185 193 201 202 210 221 230 237 243 ]
40: [ 5 7 8 35 39 47 56 63 66 69 133 151 156 165 169 174 226 231 ]
41: [ 17 37 63 86 104 128 138 179 ]
42: [ 17 56 60 105 120 155 195 201 234 ]
43: [ 3 4 11 14 35 46 47 51 65 90 106 117 122 130 150 176 195 221 ]
44: [ 7 16 30 67 83 115 117 121 124 128 135 139 150 156 158 191 197 239 244 ]
45: [ 19 63 93 109 113 114 117 130 132 140 144 201 212 225 ]
46: [ 24 27 33 43 60 92 106 109 112 199 205 ]
47: [ 2 11 40 43 106 123 137 147 161 183 190 214 ]
48: [ 8 12 29 30 36 57 69 77 89 98 149 188 222 240 ]
49: [ 7 22 53 67 71 73 84 85 88 103 113 135 140 141 181 189 212 213 246 ]
50: [ 8 27 35 85 153 171 184 ]
51: [ 3 8 43 55 116 134 179 187 214 ]
52: [ 5 8 85 101 137 155 161 167 178 181 192 193 209 222 225 237 240 ]
53: [ 5 49 84 92 113 127 156 175 183 195 223 ]
54: [ 3 17 25 99 123 151 163 183 202 218 232 234 ]
55: [ 5 6 10 23 51 59 63 92 107 126 133 139 161 193 202 208 226 232 ]
56: [ 8 24 40 42 73 92 95 104 120 140 193 198 217 234 250 ]
57: [ 48 80 84 87 125 129 193 201 214 221 238 ]
58: [ 73 78 110 112 120 140 166 178 186 199 213 242 ]
59: [ 20 28 55 60 68 70 117 122 143 167 182 185 199 200 203 223 225 228 234 247 ]
60: [ 11 27 42 46 59 61 111 126 137 169 176 194 201 202 210 211 ]
61: [ 8 21 60 67 84 107 128 176 178 203 223 227 232 242 ]
62: [ 17 63 71 74 84 111 134 136 212 234 244 ]
63: [ 24 29 40 41 45 55 62 66 74 75 113 118 138 193 208 211 215 226 240 243 ]
64: [ 2 17 18 24 84 142 146 173 182 201 ]
65: [ 4 6 39 43 92 100 101 131 179 250 ]
66: [ 2 40 63 72 95 121 150 235 243 244 ]
67: [ 11 12 44 49 61 102 110 114 121 126 128 133 140 144 150 167 207 232 242 ]
68: [ 2 13 14 37 59 84 126 171 236 242 247 ]
69: [ 1 40 48 74 80 92 104 122 173 182 186 192 196 201 215 221 224 234 237 246 ]
70: [ 9 26 59 71 78 79 99 104 112 125 145 165 193 199 204 214 219 246 249 ]
71: [ 49 62 70 87 99 129 140 153 175 199 200 216 218 228 233 ]
72: [ 5 13 22 35 39 66 109 111 134 148 168 178 179 182 195 209 219 235 ]
73: [ 3 36 49 56 58 83 87 93 95 98 101 108 111 121 125 175 184 216 223 227 231 ]
74: [ 5 7 10 26 27 62 63 69 76 90 95 100 117 131 135 177 181 183 192 203 206 212 221 ]
75: [ 63 126 127 131 151 154 155 164 167 178 181 209 216 222 227 234 ]
76: [ 6 15 25 30 34 39 74 91 169 201 205 223 239 240 243 250 ]
77: [ 23 48 85 111 114 118 133 134 166 181 201 202 233 243 249 ]
78: [ 2 20 22 30 36 58 70 100 103 134 135 150 158 161 188 198 214 216 227 ]
79: [ 31 34 70 81 95 103 116 139 165 186 199 209 232 233 237 ]
80: [ 16 39 57 69 87 94 98 130 137 162 201 236 239 ]
81: [ 79 87 90 103 113 114 123 138 144 147 187 188 193 203 224 249 250 ]
82: [ 95 103 135 155 156 205 222 ]
83: [ 1 3 18 44 73 92 103 120 126 131 147 177 178 179 188 227 ]
84: [ 12 39 49 53 57 61 62 64 68 90 120 124 128 136 140 166 171 183 189 209 249 ]
85: [ 17 20 49 50 52 77 98 127 129 130 147 149 ]
86: [ 41 106 110 114 116 125 129 144 154 198 210 238 ]
87: [ 3 15 22 34 35 57 71 73 80 81 110 129 134 144 157 180 181 182 184 197 217 235 236 ]
88: [ 9 35 49 96 107 130 136 142 176 182 202 236 ]
89: [ 3 48 143 150 180 186 193 206 221 232 241 243 ]
90: [ 11 43 74 81 84 137 140 168 179 196 236 ]
91: [ 76 93 100 162 176 183 188 208 210 243 ]
92: [ 26 39 46 53 55 56 65 69 83 94 98 99 107 138 144 146 173 197 213 ]
93: [ 24 45 73 91 103 137 144 203 ]
94: [ 6 11 20 80 92 104 133 138 142 152 185 230 ]
95: [ 27 33 34 56 66 73 74 79 82 104 126 149 150 156 172 194 204 226 233 ]
96: [ 4 14 15 88 103 130 135 143 149 161 201 202 217 ]
97: [ 15 100 113 181 194 201 213 246 247 ]
98: [ 2 16 30 48 73 80 85 92 127 149 153 160 171 187 201 205 207 209 216 236 ]
99: [ 3 12 16 54 70 71 92 101 103 107 113 114 118 132 162 164 174 203 211 213 249 250 ]
100: [ 21 65 74 78 91 97 128 129 137 143 153 171 186 192 201 207 215 217 248 ]
101: [ 12 52 65 73 99 115 122 167 176 188 ]
102: [ 11 22 67 108 167 225 ]
103: [ 7 49 78 79 81 82 83 93 96 99 105 115 127 135 174 182 206 221 230 239 248 ]
104: [ 33 41 56 69 70 94 95 141 144 161 169 187 188 194 210 246 ]
105: [ 9 11 42 103 116 148 151 195 198 224 226 237 238 ]
106: [ 7 17 35 36 43 46 47 86 121 140 141 146 154 193 213 214 217 219 234 239 ]
107: [ 6 55 61 88 92 99 122 166 179 216 224 238 ]
108: [ 17 37 73 102 121 161 178 233 ]
109: [ 7 23 26 45 46 72 118 119 137 206 207 210 ]
110: [ 9 11 20 58 67 86 87 113 123 134 169 175 202 229 ]
111: [ 27 35 60 62 72 73 77 117 140 154 158 193 204 210 227 237 ]
112: [ 5 8 22 28 46 58 70 137 155 173 176 198 209 221 223 ]
113: [ 5 45 49 53 63 81 97 99 110 123 126 218 224 235 ]
114: [ 17 45 67 77 81 86 99 216 231 ]
115: [ 24 44 101 103 117 151 152 196 232 ]
116: [ 5 8 9 37 51 79 86 105 139 199 202 221 237 ]
117: [ 12 21 30 43 44 45 59 74 111 115 120 128 173 177 192 201 223 244 ]
118: [ 4 12 35 63 77 99 109 138 141 149 228 247 ]
119: [ 10 21 22 109 130 166 176 177 213 223 247 ]
120: [ 5 42 56 58 83 84 117 131 140 150 153 161 175 202 234 ]
121: [ 22 26 44 66 67 73 106 108 131 136 174 177 182 195 206 211 214 221 224 ]
122: [ 3 4 12 15 21 24 34 43 59 69 101 107 134 148 171 191 193 208 209 214 238 242 ]
123: [ 15 16 17 24 27 28 47 54 81 110 113 165 168 212 220 ]
124: [ 44 84 126 140 142 197 206 214 225 228 ]
125: [ 2 4 7 34 57 70 73 86 140 146 150 157 172 178 185 218 ]
126: [ 3 27 33 55 60 67 68 75 83 95 113 124 130 136 144 146 165 174 189 207 242 243 247 ]
127: [ 12 18 53 75 85 98 103 138 170 198 207 209 218 231 249 ]
128: [ 21 27 41 44 61 67 84 100 117 136 138 140 144 150 151 155 156 181 194 199 204 228 ]
129: [ 1 22 57 71 85 86 87 100 143 146 166 191 195 211 215 216 222 240 ]
130: [ 33 43 45 80 85 88 96 119 126 132 161 187 194 214 215 ]
131: [ 19 25 26 31 36 65 74 75 83 120 121 140 160 182 195 201 218 249 250 ]
132: [ 7 45 99 130 135 162 166 171 183 ]
133: [ 19 21 25 36 37 40 55 67 77 94 160 163 173 178 190 193 224 ]
134: [ 7 21 22 35 51 62 72 77 78 87 110 122 147 160 183 191 194 203 223 246 ]
135: [ 22 38 44 49 74 78 82 96 103 132 138 154 166 208 223 ]
136: [ 18 25 62 84 88 121 126 128 144 175 178 185 201 207 217 225 235 ]
137: [ 32 47 52 60 80 90 93 100 109 112 200 208 ]
138: [ 36 41 63 81 92 94 118 127 128 135 160 176 180 219 220 235 ]
139: [ 4 35 44 55 79 116 140 157 160 177 181 204 235 ]
140: [ 2 4 22 23 34 45 49 56 58 67 71 84 90 106 111 120 124 125 128 131 139 161 177 178 220 ]
141: [ 8 33 38 49 104 106 118 154 207 ]
142: [ 15 19 35 37 64 88 94 124 150 154 164 176 193 230 247 ]
143: [ 1 2 21 27 59 89 96 100 129 146 150 197 214 ]
144: [ 45 67 81 86 87 92 93 104 126 128 136 153 167 171 188 190 217 232 ]
145: [ 5 70 148 159 171 172 187 221 247 250 ]
146: [ 1 18 25 64 92 106 125 126 129 143 157 162 165 183 186 197 206 213 219 231 238 249 ]
147: [ 4 16 24 28 34 39 47 81 83 85 134 156 227 ]
148: [ 13 21 72 105 122 145 160 197 198 238 ]
149: [ 5 23 27 48 85 95 96 98 118 183 215 218 225 ]
150: [ 13 18 22 31 36 43 44 66 67 78 89 95 120 125 128 142 143 167 183 186 221 ]
151: [ 34 40 54 75 105 115 128 156 164 165 177 182 206 225 227 238 ]
152: [ 1 10 28 94 115 171 177 197 200 213 242 ]
153: [ 11 16 32 34 50 71 98 100 120 144 167 170 201 250 ]
154: [ 7 24 75 86 106 111 135 141 142 179 202 218 243 250 ]
155: [ 23 42 52 75 82 112 128 177 194 216 241 ]
156: [ 2 4 11 40 44 53 82 95 128 147 151 185 187 205 207 227 246 250 ]
157: [ 37 87 125 139 146 178 190 208 215 ]
158: [ 2 10 21 44 78 111 162 202 209 235 ]
159: [ 37 145 204 206 209 ]
160: [ 20 98 131 133 134 138 139 148 179 186 221 239 242 244 ]
161: [ 20 21 35 47 52 55 78 96 104 108 120 130 140 181 186 188 191 208 225 228 229 ]
162: [ 5 12 33 38 80 91 99 132 146 158 176 181 187 237 239 ]
163: [ 54 133 230 ]
164: [ 9 20 23 31 75 99 142 151 210 236 241 ]
165: [ 15 29 40 70 79 123 126 146 151 172 186 193 199 202 ]
166: [ 4 13 58 77 84 107 119 129 132 135 190 198 200 209 226 234 236 ]
167: [ 2 9 52 59 67 75 101 102 144 150 153 179 196 197 220 238 ]
168: [ 3 20 72 90 123 173 176 179 180 199 203 ]
169: [ 5 9 10 26 27 40 60 76 104 110 186 188 189 190 195 209 216 217 227 247 ]
170: [ 127 153 179 187 188 217 ]
171: [ 37 50 68 84 98 100 122 132 144 145 152 180 186 216 ]
172: [ 95 125 145 165 188 244 ]
173: [ 6 21 32 64 69 92 112 117 133 168 183 193 215 216 224 242 249 ]
174: [ 15 29 40 99 103 121 126 227 240 ]
175: [ 53 71 73 110 120 136 210 236 247 ]
176: [ 1 25 27 39 43 60 61 88 91 101 112 119 138 142 162 168 179 219 221 ]
177: [ 8 15 18 20 74 83 117 119 121 139 140 151 152 155 178 185 202 203 235 ]
178: [ 52 58 61 72 75 83 108 125 133 136 140 157 177 193 195 196 209 219 228 229 247 ]
179: [ 37 41 51 65 72 83 90 107 154 160 167 168 170 176 190 196 234 236 ]
180: [ 23 24 27 31 87 89 138 168 171 209 ]
181: [ 2 3 8 36 49 52 74 75 77 87 97 128 139 161 162 222 223 240 246 ]
182: [ 59 64 69 72 87 88 103 121 131 151 195 218 ]
183: [ 34 47 53 54 74 84 91 132 134 146 149 150 173 219 243 ]
184: [ 23 39 50 73 87 188 191 193 250 ]
185: [ 39 59 94 125 136 156 177 186 187 197 205 231 239 ]
186: [ 17 58 69 79 89 100 146 150 160 161 165 169 171 185 236 ]
187: [ 6 15 51 81 98 104 130 145 156 162 170 185 197 199 202 218 239 ]
188: [ 3 6 48 78 81 83 91 101 104 144 161 169 170 172 184 205 212 215 239 ]
189: [ 49 84 126 169 191 207 ]
190: [ 36 47 133 144 157 166 169 179 195 245 ]
191: [ 38 44 122 129 134 161 184 189 193 198 201 237 ]
192: [ 52 69 74 100 117 211 225 228 ]
193: [ 4 39 52 55 56 57 63 70 81 89 106 111 122 133 142 165 173 178 184 191 200 223 226 233 ]
194: [ 6 60 95 97 104 128 130 134 155 208 215 230 235 236 237 ]
195: [ 1 2 6 27 42 43 53 72 105 121 129 131 169 178 182 190 197 215 219 229 242 ]
196: [ 4 21 30 69 90 115 167 178 179 208 214 230 ]
197: [ 2 6 10 25 44 87 92 124 143 146 148 152 167 185 187 195 216 226 250 ]
198: [ 2 4 34 56 78 86 105 112 127 148 166 191 199 222 235 247 ]
199: [ 1 12 15 20 46 58 59 70 71 79 116 128 165 168 187 198 232 245 ]
200: [ 3 22 24 59 71 137 152 166 193 ]
201: [ 20 39 42 45 57 60 64 69 76 77 80 96 97 98 100 117 131 136 153 191 211 221 243 247 ]
202: [ 7 10 37 39 54 55 60 77 88 96 110 116 120 154 158 165 177 187 206 217 228 245 247 ]
203: [ 21 26 59 61 74 81 93 99 134 168 177 204 217 227 233 236 240 242 ]
204: [ 70 95 111 128 139 159 203 206 215 218 ]
205: [ 3 35 36 46 76 82 98 156 185 188 214 216 229 239 ]
206: [ 14 24 74 89 103 109 121 124 146 151 159 202 204 249 ]
207: [ 3 18 28 32 67 98 100 109 126 127 136 141 156 189 214 226 229 ]
208: [ 8 31 55 63 91 122 135 137 157 161 194 196 212 214 236 ]
209: [ 11 16 36 52 72 75 79 84 98 112 122 127 158 159 166 169 178 180 229 246 ]
210: [ 13 24 39 60 86 91 104 109 111 164 175 217 218 222 229 239 244 248 249 ]
211: [ 1 15 17 26 60 63 99 121 129 192 201 214 223 234 ]
212: [ 10 17 26 45 49 62 74 123 188 208 ]
213: [ 31 35 49 58 92 97 99 106 119 146 152 223 247 250 ]
214: [ 9 17 20 31 37 47 51 57 70 78 106 121 122 124 130 143 196 205 207 208 211 216 241 ]
215: [ 10 18 63 69 100 129 130 149 157 173 188 194 195 204 218 222 227 232 ]
216: [ 71 73 75 78 98 107 114 129 155 169 171 173 197 205 214 222 232 247 ]
217: [ 4 31 56 87 96 100 106 136 144 169 170 202 203 210 220 232 249 ]
218: [ 20 37 54 71 113 125 127 131 149 154 182 187 204 210 215 219 227 ]
219: [ 2 7 70 72 106 138 146 176 178 183 195 218 229 240 ]
220: [ 15 23 123 138 140 167 217 227 ]
221: [ 23 25 35 39 43 57 69 74 89 103 112 116 121 145 150 160 176 201 235 ]
222: [ 25 27 33 35 36 48 52 75 82 129 181 198 210 215 216 235 237 244 250 ]
223: [ 8 9 13 25 27 36 37 53 59 61 73 76 112 117 119 134 135 181 193 211 213 228 249 ]
224: [ 69 81 105 107 113 121 133 173 238 ]
225: [ 2 8 26 30 38 45 52 59 102 124 136 149 151 161 192 229 ]
226: [ 7 14 17 40 55 63 95 105 166 193 197 207 ]
227: [ 61 73 75 78 83 111 147 151 156 169 174 203 215 218 220 236 ]
228: [ 5 59 71 118 124 128 161 178 192 202 223 239 250 ]
229: [ 110 161 178 195 205 207 209 210 219 225 247 ]
230: [ 3 36 39 94 103 142 163 194 196 244 ]
231: [ 1 22 40 73 114 127 146 185 ]
232: [ 1 11 14 20 24 36 37 54 55 61 67 79 89 115 144 199 215 216 217 236 240 ]
233: [ 71 77 79 95 108 193 203 ]
234: [ 6 24 42 54 56 59 62 69 75 106 120 166 179 211 239 ]
235: [ 66 72 87 113 136 138 139 158 177 194 198 221 222 ]
236: [ 18 24 68 80 87 88 90 98 164 166 175 179 186 194 203 208 227 232 237 240 ]
237: [ 37 39 52 69 79 105 111 116 162 191 194 222 236 ]
238: [ 15 57 86 105 107 122 146 148 151 167 224 ]
239: [ 44 76 80 103 106 160 162 185 187 188 205 210 228 234 ]
240: [ 4 31 38 48 52 63 76 129 174 181 203 219 232 236 245 ]
241: [ 12 89 155 164 214 ]
242: [ 4 9 38 58 61 67 68 122 126 152 160 173 195 203 ]
243: [ 17 39 63 66 76 77 89 91 126 154 183 201 246 250 ]
244: [ 14 44 62 66 117 160 172 210 222 230 ]
245: [ 15 31 190 199 202 240 ]
246: [ 17 49 69 70 97 104 134 156 181 209 243 ]
247: [ 59 68 97 118 119 126 142 145 169 175 178 198 201 202 213 216 229 ]
248: [ 100 103 210 ]
249: [ 15 34 70 77 81 84 99 127 131 146 173 206 210 217 223 250 ]
250: [ 7 27 56 65 76 81 99 131 145 153 154 156 184 197 213 222 228 243 249 ]
