1: [ 9 72 82 89 90 151 155 166 179 196 200 206 224 225 230 242 ]
2: [ 5 25 34 68 93 98 121 125 143 147 175 182 192 194 211 232 ]
3: [ 33 34 37 51 64 96 98 102 130 143 189 190 217 224 239 244 ]
4: [ 20 42 50 52 82 93 104 113 116 123 155 171 184 236 ]
5: [ 2 7 14 21 22 38 43 53 104 130 136 146 155 157 158 172 191 229 250 ]
6: [ 13 58 87 103 112 124 129 161 184 242 ]
7: [ 5 30 77 84 106 137 159 162 166 176 207 ]
8: [ 17 59 63 73 83 98 124 128 139 140 145 154 163 190 206 212 231 237 ]
9: [ 1 16 28 29 32 47 61 77 80 84 108 126 141 147 148 162 169 180 183 197 223 233 ]
10: [ 27 41 75 96 98 114 117 144 150 153 157 170 182 187 204 211 ]
11: [ 21 35 106 118 144 154 169 186 232 239 244 245 ]
12: [ 43 48 52 66 68 86 88 102 113 117 142 156 189 204 224 230 239 ]
13: [ 6 43 56 75 86 94 116 123 128 172 182 196 ]
14: [ 5 35 38 40 76 118 127 142 143 148 157 169 178 180 190 196 238 ]
15: [ 17 40 47 50 53 65 77 94 110 119 152 167 169 178 188 193 201 217 228 237 242 248 249 ]
16: [ 9 36 55 87 104 108 110 119 127 128 139 142 152 156 162 182 219 ]
17: [ 8 15 31 41 43 45 65 146 150 176 195 206 244 ]
18: [ 21 22 38 60 88 97 99 118 132 143 152 157 166 167 197 198 209 211 224 229 ]
19: [ 22 41 57 78 96 98 131 136 142 192 213 219 224 243 244 ]
20: [ 4 24 41 67 80 106 129 134 138 143 144 147 148 172 207 223 239 249 ]
21: [ 5 11 18 44 48 93 102 130 138 141 160 162 197 199 210 227 228 240 ]
22: [ 5 18 19 27 57 82 87 116 127 128 136 156 210 223 246 ]
23: [ 40 43 75 82 97 115 143 162 169 184 186 190 198 199 206 208 223 228 234 ]
24: [ 20 26 33 44 65 66 84 92 97 103 136 137 173 195 223 238 ]
25: [ 2 57 105 145 165 170 172 178 189 231 232 ]
26: [ 24 65 66 67 71 88 151 177 180 200 203 218 ]
27: [ 10 22 40 57 114 204 237 ]
28: [ 9 33 56 83 118 176 208 213 236 ]
29: [ 9 38 77 86 97 127 166 204 210 219 230 236 242 ]
30: [ 7 48 54 55 85 92 108 111 128 166 167 191 198 232 247 ]
31: [ 17 33 64 70 78 244 ]
32: [ 9 43 70 111 127 134 153 189 208 216 217 236 245 ]
33: [ 3 24 28 31 47 54 55 61 88 96 101 114 127 136 181 189 197 223 241 249 ]
34: [ 2 3 99 128 130 137 140 141 143 149 172 213 239 241 ]
35: [ 11 14 43 77 91 115 132 239 249 250 ]
36: [ 16 83 101 140 152 158 177 195 200 202 207 214 248 ]
37: [ 3 151 189 ]
38: [ 5 14 18 29 43 55 69 110 126 138 141 142 161 179 191 195 202 214 221 227 229 232 236 ]
39: [ 72 95 107 108 160 161 171 216 223 231 ]
40: [ 14 15 23 27 55 58 65 67 71 72 75 101 105 122 126 190 203 206 214 215 228 ]
41: [ 10 17 19 20 92 101 108 139 151 179 185 204 206 212 214 215 221 222 230 237 ]
42: [ 4 59 96 107 114 124 216 ]
43: [ 5 12 13 17 23 32 35 38 50 65 69 77 114 116 118 139 145 157 179 190 196 215 219 ]
44: [ 21 24 61 100 177 221 ]
45: [ 17 55 82 104 106 113 122 197 206 207 211 ]
46: [ 73 93 107 114 139 206 ]
47: [ 9 15 33 54 68 80 92 139 182 191 196 207 218 221 223 228 ]
48: [ 12 21 30 79 100 101 108 116 171 182 191 220 230 235 243 ]
49: [ 67 160 161 172 182 188 207 223 239 ]
50: [ 4 15 43 92 130 133 156 162 172 178 197 210 220 240 249 ]
51: [ 3 62 95 97 107 140 148 160 180 241 246 ]
52: [ 4 12 91 133 177 185 244 ]
53: [ 5 15 121 140 148 165 182 215 232 ]
54: [ 30 33 47 89 101 116 137 151 198 219 ]
55: [ 16 30 33 38 40 45 82 83 111 114 129 133 138 167 168 178 185 190 191 200 203 236 237 ]
56: [ 13 28 77 90 94 114 124 138 146 157 161 163 168 193 196 197 206 207 211 220 243 247 ]
57: [ 19 22 25 27 76 83 94 105 115 126 139 156 158 166 167 168 169 171 212 215 220 249 ]
58: [ 6 40 95 123 127 129 143 147 229 ]
59: [ 8 42 66 84 101 134 200 210 248 ]
60: [ 18 105 171 178 207 ]
61: [ 9 33 44 81 83 87 95 97 101 102 115 129 145 149 156 158 180 185 189 202 230 235 241 ]
62: [ 51 69 79 94 109 130 144 150 159 160 177 187 196 197 199 202 211 212 223 238 239 242 248 ]
63: [ 8 69 130 189 203 204 210 ]
64: [ 3 31 114 116 129 161 175 183 187 206 214 218 ]
65: [ 15 17 24 26 40 43 68 72 81 95 101 102 114 148 159 190 197 206 230 236 ]
66: [ 12 24 26 59 74 83 101 114 115 141 172 183 201 236 238 244 ]
67: [ 20 26 40 49 75 79 86 90 102 103 152 160 161 166 174 203 212 214 222 ]
68: [ 2 12 47 65 89 106 116 166 171 191 192 ]
69: [ 38 43 62 63 101 105 116 138 139 143 229 ]
70: [ 31 32 106 116 137 159 174 181 204 210 234 239 245 ]
71: [ 26 40 94 99 128 136 147 223 230 241 ]
72: [ 1 39 40 65 97 105 115 127 132 140 192 206 221 231 236 ]
73: [ 8 46 92 112 113 129 167 171 192 207 ]
74: [ 66 81 92 114 158 159 162 199 203 215 230 ]
75: [ 10 13 23 40 67 88 165 191 204 218 224 225 234 245 ]
76: [ 14 57 99 110 117 191 194 207 ]
77: [ 7 9 15 29 35 43 56 83 86 91 101 106 122 138 141 158 160 171 177 187 195 197 200 220 ]
78: [ 19 31 80 90 104 123 129 134 144 159 164 167 186 190 191 196 201 207 218 242 ]
79: [ 48 62 67 97 140 156 230 ]
80: [ 9 20 47 78 99 123 125 197 201 244 ]
81: [ 61 65 74 82 101 104 121 127 146 147 161 165 188 209 212 217 228 238 244 ]
82: [ 1 4 22 23 45 55 81 92 109 113 156 165 166 168 183 207 220 233 ]
83: [ 8 28 36 55 57 61 66 77 105 147 182 189 234 239 ]
84: [ 7 9 24 59 204 234 241 ]
85: [ 30 152 183 239 245 249 ]
86: [ 12 13 29 67 77 87 88 97 114 118 133 146 155 165 170 171 202 203 204 211 224 230 231 235 ]
87: [ 6 16 22 61 86 92 113 119 147 167 187 211 224 250 ]
88: [ 12 18 26 33 75 86 94 101 130 140 166 187 188 197 203 225 232 233 ]
89: [ 1 54 68 151 220 249 ]
90: [ 1 56 67 78 128 161 203 217 ]
91: [ 35 52 77 100 122 126 130 141 193 247 ]
92: [ 24 30 41 47 50 73 74 82 87 103 139 152 155 166 217 239 ]
93: [ 2 4 21 46 106 116 156 181 ]
94: [ 13 15 56 57 62 71 88 95 97 106 111 113 136 162 176 189 217 224 235 244 249 ]
95: [ 39 51 58 61 65 94 102 148 159 167 176 215 216 220 247 ]
96: [ 3 10 19 33 42 102 122 124 143 151 173 176 184 209 219 241 ]
97: [ 18 23 24 29 51 61 72 79 86 94 110 122 132 133 142 183 211 215 223 236 ]
98: [ 2 3 8 10 19 116 118 125 155 157 168 176 193 223 226 234 238 ]
99: [ 18 34 71 76 80 102 115 126 134 142 155 157 187 202 227 ]
100: [ 44 48 91 116 126 145 173 248 ]
101: [ 33 36 40 41 48 54 59 61 65 66 69 77 81 88 130 147 157 187 215 217 220 223 234 236 248 ]
102: [ 3 12 21 61 65 67 95 96 99 114 151 158 161 204 212 236 249 ]
103: [ 6 24 67 92 108 111 156 162 168 170 175 189 192 200 214 245 ]
104: [ 4 5 16 45 78 81 126 132 202 203 231 232 ]
105: [ 25 40 57 60 69 72 83 127 138 140 142 143 154 156 185 197 201 205 206 218 221 234 ]
106: [ 7 11 20 45 68 70 77 93 94 128 132 142 169 179 184 188 208 226 233 237 238 ]
107: [ 39 42 46 51 163 175 190 202 213 216 233 ]
108: [ 9 16 30 39 41 48 103 140 180 183 199 220 233 239 ]
109: [ 62 82 127 141 145 165 167 187 189 194 209 225 227 230 232 240 ]
110: [ 15 16 38 76 97 120 147 153 170 176 204 217 249 ]
111: [ 30 32 55 94 103 119 138 153 189 202 204 209 234 241 247 ]
112: [ 6 73 142 160 207 229 245 248 ]
113: [ 4 12 45 73 82 87 94 117 126 133 140 147 171 175 176 180 183 210 232 241 242 ]
114: [ 10 27 33 42 43 46 55 56 64 65 66 74 86 102 116 120 134 219 220 221 233 ]
115: [ 23 35 57 61 66 72 99 116 124 139 155 156 179 183 185 201 207 211 212 217 ]
116: [ 4 13 22 43 48 54 64 68 69 70 93 98 100 114 115 118 133 148 150 155 158 184 189 191 215 244 ]
117: [ 10 12 76 113 126 127 142 204 206 213 ]
118: [ 11 14 18 28 43 86 98 116 128 145 171 172 174 178 179 182 193 207 230 249 ]
119: [ 15 16 87 111 128 133 150 ]
120: [ 110 114 171 178 184 214 237 242 ]
121: [ 2 53 81 130 151 165 210 247 ]
122: [ 40 45 77 91 96 97 127 146 168 173 179 181 190 200 207 220 233 237 238 ]
123: [ 4 13 58 78 80 157 160 168 193 228 229 247 ]
124: [ 6 8 42 56 96 115 145 151 159 192 208 226 ]
125: [ 2 80 98 145 149 151 152 182 243 ]
126: [ 9 38 40 57 91 99 100 104 113 117 128 137 154 159 163 172 184 190 194 230 237 239 ]
127: [ 14 16 22 29 32 33 58 72 81 105 109 117 122 134 136 144 146 158 160 226 ]
128: [ 8 13 16 22 30 34 71 90 106 118 119 126 130 148 165 175 177 201 209 236 ]
129: [ 6 20 55 58 61 64 73 78 135 138 141 158 166 169 172 199 203 205 217 219 ]
130: [ 3 5 21 34 50 62 63 88 91 101 121 128 137 153 155 158 161 181 201 202 228 232 236 244 ]
131: [ 19 132 151 172 192 225 230 ]
132: [ 18 35 72 97 104 106 131 135 158 188 206 226 ]
133: [ 50 52 55 86 97 113 116 119 169 189 211 234 242 ]
134: [ 20 32 59 78 99 114 127 155 184 ]
135: [ 129 132 144 154 179 229 245 ]
136: [ 5 19 22 24 33 71 94 127 166 184 193 204 ]
137: [ 7 24 34 54 70 126 130 138 168 173 186 197 198 219 241 ]
138: [ 20 21 38 55 56 69 77 105 111 129 137 158 159 178 197 232 236 ]
139: [ 8 16 41 43 46 47 57 69 92 115 144 159 178 189 190 193 ]
140: [ 8 34 36 51 53 72 79 88 105 108 113 223 ]
141: [ 9 21 34 38 66 77 91 109 129 161 166 177 186 215 ]
142: [ 12 14 16 19 38 97 99 105 106 112 117 147 156 164 190 207 224 ]
143: [ 2 3 14 18 20 23 34 58 69 96 105 147 151 154 186 188 197 234 241 246 249 ]
144: [ 10 11 20 62 78 127 135 139 158 170 201 232 243 ]
145: [ 8 25 43 61 100 109 118 124 125 165 167 184 190 222 225 227 244 ]
146: [ 5 17 56 81 86 122 127 167 186 229 ]
147: [ 2 9 20 58 71 81 83 87 101 110 113 142 143 152 162 171 176 189 193 211 228 241 248 ]
148: [ 9 14 20 51 53 65 95 116 128 159 165 183 184 191 226 247 ]
149: [ 34 61 125 166 176 238 ]
150: [ 10 17 62 116 119 177 187 189 216 217 227 ]
151: [ 1 26 37 41 54 89 96 102 121 124 125 131 143 159 216 223 225 237 246 ]
152: [ 15 16 18 36 67 85 92 125 147 156 157 160 172 184 185 217 218 247 ]
153: [ 10 32 110 111 130 177 193 ]
154: [ 8 11 105 126 135 143 157 228 239 ]
155: [ 1 4 5 86 92 98 99 115 116 130 134 183 191 214 224 ]
156: [ 12 16 22 50 57 61 79 82 93 103 105 115 142 152 168 195 200 230 ]
157: [ 5 10 14 18 43 56 98 99 101 123 152 154 159 169 200 211 217 220 238 244 ]
158: [ 5 36 57 61 74 77 102 116 127 129 130 132 138 144 167 209 222 224 225 ]
159: [ 7 62 65 70 74 78 95 124 126 138 139 148 151 157 161 193 204 225 229 245 ]
160: [ 21 39 49 51 62 67 77 112 123 127 152 169 181 214 ]
161: [ 6 38 39 49 56 64 67 81 90 102 130 141 159 171 183 184 198 248 249 250 ]
162: [ 7 9 16 21 23 50 74 94 103 147 187 217 248 ]
163: [ 8 56 107 126 182 192 212 220 237 ]
164: [ 78 142 166 169 176 183 187 225 229 237 238 243 244 ]
165: [ 25 53 75 81 82 86 109 121 128 145 148 166 172 206 213 225 238 ]
166: [ 1 7 18 29 30 57 67 68 82 88 92 129 136 141 149 164 165 170 193 200 223 229 242 249 250 ]
167: [ 15 18 30 55 57 73 78 87 95 109 145 146 158 169 201 202 205 231 237 239 242 ]
168: [ 55 56 57 82 98 103 122 123 137 156 172 178 186 194 204 211 220 231 236 ]
169: [ 9 11 14 15 23 57 106 129 133 157 160 164 167 177 201 206 218 224 226 235 ]
170: [ 10 25 86 103 110 144 166 184 190 223 244 250 ]
171: [ 4 39 48 57 60 68 73 77 86 113 118 120 147 161 189 202 206 248 ]
172: [ 5 13 20 25 34 49 50 66 118 126 129 131 152 165 168 173 186 203 211 234 ]
173: [ 24 96 100 122 137 172 200 210 223 242 ]
174: [ 67 70 118 196 225 ]
175: [ 2 64 103 107 113 128 182 206 217 ]
176: [ 7 17 28 94 95 96 98 110 113 147 149 164 204 216 221 224 225 241 ]
177: [ 26 36 44 52 62 77 128 141 150 153 169 188 201 207 224 237 ]
178: [ 14 15 25 50 55 60 118 120 138 139 168 183 223 238 244 250 ]
179: [ 1 38 41 43 106 115 118 122 135 184 229 235 242 ]
180: [ 9 14 26 51 61 108 113 228 ]
181: [ 33 70 93 122 130 160 190 236 238 ]
182: [ 2 10 13 16 47 48 49 53 83 118 125 163 175 229 ]
183: [ 9 64 66 82 85 97 108 113 115 148 155 161 164 178 204 210 214 228 239 247 ]
184: [ 4 6 23 96 106 116 120 126 134 136 145 148 152 161 170 179 210 248 ]
185: [ 41 52 55 61 105 115 152 190 217 232 248 249 ]
186: [ 11 23 78 137 141 143 146 168 172 198 210 214 218 232 ]
187: [ 10 62 64 77 87 88 99 101 109 150 162 164 196 201 202 214 238 ]
188: [ 15 49 81 88 106 132 143 177 190 238 ]
189: [ 3 12 25 32 33 37 61 63 83 94 103 109 111 116 133 139 147 150 171 190 194 207 222 223 234 ]
190: [ 3 8 14 23 40 43 55 65 78 107 122 126 139 142 145 170 181 185 188 189 198 211 239 242 248 250 ]
191: [ 5 30 38 47 48 55 68 75 76 78 116 148 155 193 211 217 227 247 ]
192: [ 2 19 68 72 73 103 124 131 163 234 ]
193: [ 15 56 91 98 118 123 136 139 147 153 159 166 191 201 204 215 228 243 ]
194: [ 2 76 109 126 168 189 198 208 212 234 ]
195: [ 17 24 36 38 77 156 214 234 242 ]
196: [ 1 13 14 43 47 56 62 78 174 187 206 233 244 248 ]
197: [ 9 18 21 33 45 50 56 62 65 77 80 88 105 137 138 143 218 234 ]
198: [ 18 23 30 54 137 161 186 190 194 201 238 242 ]
199: [ 21 23 62 74 108 129 220 224 225 230 239 ]
200: [ 1 26 36 55 59 77 103 122 156 157 166 173 226 ]
201: [ 15 66 78 80 105 115 128 130 144 167 169 177 187 193 198 225 227 231 233 238 248 ]
202: [ 36 38 61 62 86 99 104 107 111 130 167 171 187 208 209 215 224 229 ]
203: [ 26 40 55 63 67 74 86 88 90 104 129 172 217 218 223 235 237 ]
204: [ 10 12 27 29 41 63 70 75 84 86 102 110 111 117 136 159 168 176 183 193 216 224 230 ]
205: [ 105 129 167 210 242 ]
206: [ 1 8 17 23 40 41 45 46 56 64 65 72 105 117 132 165 169 171 175 196 245 ]
207: [ 7 20 36 45 47 49 56 60 73 76 78 82 112 115 118 122 142 177 189 223 234 241 247 ]
208: [ 23 28 32 106 124 194 202 215 236 237 ]
209: [ 18 81 96 109 111 128 158 202 ]
210: [ 21 22 29 50 59 63 70 113 121 173 183 184 186 205 224 230 237 ]
211: [ 2 10 18 45 56 62 86 87 97 115 133 147 157 168 172 190 191 217 ]
212: [ 8 41 57 62 67 81 102 115 163 194 234 ]
213: [ 19 28 34 107 117 165 236 ]
214: [ 36 38 40 41 64 67 103 120 155 160 183 186 187 195 219 240 ]
215: [ 40 41 43 53 57 74 95 97 101 116 141 193 202 208 229 234 241 243 245 ]
216: [ 32 39 42 95 107 150 151 176 204 219 224 236 241 247 ]
217: [ 3 15 32 81 90 92 94 101 110 115 129 150 152 157 162 175 185 191 203 211 243 ]
218: [ 26 47 64 75 78 105 152 169 186 197 203 220 225 227 234 242 250 ]
219: [ 16 19 29 43 54 96 114 129 137 214 216 235 239 ]
220: [ 48 50 56 57 77 82 89 95 101 108 114 122 157 163 168 199 218 ]
221: [ 38 41 44 47 72 105 114 176 ]
222: [ 41 67 145 158 189 ]
223: [ 9 20 22 23 24 33 39 47 49 62 71 97 98 101 140 151 166 170 173 178 189 203 207 232 239 ]
224: [ 1 3 12 18 19 75 86 87 94 142 155 158 169 176 177 199 202 204 210 216 237 238 242 244 ]
225: [ 1 75 88 109 131 145 151 158 159 164 165 174 176 199 201 218 ]
226: [ 98 106 124 127 132 148 169 200 233 248 ]
227: [ 21 38 99 109 145 150 191 201 218 241 ]
228: [ 15 21 23 40 47 81 123 130 147 154 180 183 193 232 245 248 ]
229: [ 5 18 38 58 69 112 123 135 146 159 164 166 179 182 202 215 236 243 246 ]
230: [ 1 12 29 41 48 61 65 71 74 79 86 109 118 126 131 156 199 204 210 ]
231: [ 8 25 39 72 86 104 167 168 201 ]
232: [ 2 11 25 30 38 53 88 104 109 113 130 138 144 185 186 223 228 ]
233: [ 9 82 88 106 107 108 114 122 196 201 226 246 247 ]
234: [ 23 70 75 83 84 98 101 105 111 133 143 172 189 192 194 195 197 207 212 215 218 236 ]
235: [ 48 61 86 94 169 179 203 219 245 ]
236: [ 4 28 29 32 38 55 65 66 72 97 101 102 128 130 138 168 181 208 213 216 229 234 248 ]
237: [ 8 15 27 41 55 106 120 122 126 151 163 164 167 177 203 208 210 224 ]
238: [ 14 24 62 66 81 98 106 122 149 157 164 165 178 181 187 188 198 201 224 240 241 249 ]
239: [ 3 11 12 20 34 35 49 62 70 83 85 92 108 126 154 167 183 190 199 219 223 241 247 249 ]
240: [ 21 50 109 214 238 ]
241: [ 33 34 51 61 71 84 96 111 113 137 143 147 176 207 215 216 227 238 239 ]
242: [ 1 6 15 29 62 78 113 120 133 166 167 173 179 190 195 198 205 218 224 248 ]
243: [ 19 48 56 125 144 164 193 215 217 229 244 ]
244: [ 3 11 17 19 31 52 66 80 81 94 116 130 145 157 164 170 178 196 224 243 ]
245: [ 11 32 70 75 85 103 112 135 159 206 215 228 235 ]
246: [ 22 51 143 151 229 233 ]
247: [ 30 56 91 95 111 121 123 148 152 183 191 207 216 233 239 249 ]
248: [ 15 36 59 62 100 101 112 147 161 162 171 184 185 190 196 201 226 228 236 242 ]
249: [ 15 20 33 35 50 57 85 89 94 102 110 118 143 161 166 185 238 239 247 ]
250: [ 5 35 87 161 166 170 178 190 218 ]
