1: [ 14 93 122 137 156 179 210 216 230 233 234 249 ]
2: [ 7 9 21 27 34 39 63 75 101 103 106 144 145 188 200 211 235 239 246 248 ]
3: [ 28 35 41 53 109 119 123 128 147 208 218 ]
4: [ 36 49 50 69 73 75 88 102 110 122 158 163 178 184 229 243 ]
5: [ 10 27 32 40 43 50 53 63 75 96 100 101 104 107 119 124 159 164 173 177 198 200 213 250 ]
6: [ 9 23 100 124 130 140 142 165 168 181 187 215 222 230 234 243 ]
7: [ 2 32 50 52 78 82 87 94 132 140 190 209 244 ]
8: [ 30 72 81 160 230 ]
9: [ 2 6 11 14 28 35 53 56 88 94 105 107 126 152 157 164 168 171 224 231 236 241 ]
10: [ 5 70 109 125 130 163 167 194 195 201 203 208 214 ]
11: [ 9 26 32 79 98 130 137 145 157 164 170 172 178 192 ]
12: [ 32 76 118 151 153 161 169 199 214 239 ]
13: [ 17 29 45 70 73 74 79 81 86 87 89 104 115 153 159 160 165 173 191 204 216 237 241 ]
14: [ 1 9 76 104 108 156 171 223 ]
15: [ 23 34 71 83 91 117 136 138 158 163 167 186 189 202 205 206 208 220 227 236 243 ]
16: [ 50 54 70 73 122 133 150 163 166 191 210 213 236 ]
17: [ 13 98 102 183 188 200 215 229 ]
18: [ 22 23 91 100 115 164 194 203 204 209 213 233 ]
19: [ 73 99 127 138 177 187 202 236 238 ]
20: [ 36 43 58 107 187 215 234 ]
21: [ 2 74 76 78 100 144 154 156 169 210 ]
22: [ 18 71 83 132 143 148 178 218 ]
23: [ 6 15 18 54 68 96 120 224 235 ]
24: [ 32 58 145 178 208 238 241 245 ]
25: [ 28 31 35 40 71 78 81 109 113 151 162 164 186 190 197 220 243 ]
26: [ 11 27 99 132 141 207 219 ]
27: [ 2 5 26 36 48 51 52 56 69 75 99 101 109 129 131 134 140 161 172 188 194 223 ]
28: [ 3 9 25 36 59 66 68 86 87 88 100 105 141 144 197 212 221 244 ]
29: [ 13 30 120 151 184 185 229 230 ]
30: [ 8 29 32 47 59 61 64 67 81 85 88 101 118 134 140 143 145 163 177 213 218 235 240 ]
31: [ 25 38 67 78 125 169 173 184 ]
32: [ 5 7 11 12 24 30 36 81 92 98 104 115 121 124 127 130 157 168 176 190 ]
33: [ 43 54 99 108 118 128 136 159 164 171 215 ]
34: [ 2 15 43 59 62 113 118 139 164 204 210 ]
35: [ 3 9 25 62 74 80 87 89 103 109 114 117 156 185 203 204 215 224 226 ]
36: [ 4 20 27 28 32 39 41 69 76 78 106 116 129 133 177 203 208 218 224 231 ]
37: [ 109 112 121 162 163 175 189 194 196 214 244 ]
38: [ 31 78 92 103 106 110 124 144 151 156 159 193 194 210 216 220 221 228 ]
39: [ 2 36 40 73 92 119 147 169 188 193 217 250 ]
40: [ 5 25 39 49 78 83 92 109 112 114 116 118 166 172 195 225 242 244 ]
41: [ 3 36 73 83 89 93 97 99 104 111 112 152 153 156 157 161 170 185 ]
42: [ 47 69 76 92 101 111 129 137 140 144 145 148 192 202 214 221 228 246 248 ]
43: [ 5 20 33 34 52 77 81 121 137 151 158 163 173 176 187 207 233 245 246 ]
44: [ 48 69 74 91 98 123 143 159 176 181 229 ]
45: [ 13 50 59 64 74 96 97 100 113 133 160 174 210 240 ]
46: [ 55 58 72 76 99 138 174 196 217 221 ]
47: [ 30 42 52 55 94 100 103 107 130 137 167 225 227 ]
48: [ 27 44 51 95 116 124 138 146 171 174 215 228 ]
49: [ 4 40 55 133 159 174 176 214 218 ]
50: [ 4 5 7 16 45 53 60 65 76 88 102 112 121 122 127 167 183 192 202 ]
51: [ 27 48 64 96 158 174 184 189 ]
52: [ 7 27 43 47 57 68 69 73 111 117 156 159 168 190 210 222 ]
53: [ 3 5 9 50 59 89 99 101 205 210 250 ]
54: [ 16 23 33 67 72 84 85 86 112 119 139 146 158 176 187 215 224 227 ]
55: [ 46 47 49 63 65 73 76 82 93 104 115 128 136 140 147 152 190 202 208 ]
56: [ 9 27 87 132 134 160 206 241 ]
57: [ 52 154 164 183 ]
58: [ 20 24 46 59 99 101 111 115 123 163 166 184 213 214 222 238 243 250 ]
59: [ 28 30 34 45 53 58 73 77 104 111 114 122 150 178 179 180 202 208 210 238 ]
60: [ 50 72 214 215 217 ]
61: [ 30 171 174 235 ]
62: [ 34 35 70 90 92 107 114 123 143 164 180 199 206 230 ]
63: [ 2 5 55 64 90 94 110 120 124 125 160 177 201 205 246 ]
64: [ 30 45 51 63 68 72 89 92 137 149 168 185 186 207 208 226 241 ]
65: [ 50 55 96 97 139 208 226 ]
66: [ 28 67 82 95 137 150 152 163 173 206 216 239 ]
67: [ 30 31 54 66 74 75 124 130 153 160 176 179 196 204 206 221 231 232 240 246 250 ]
68: [ 23 28 52 64 70 72 75 89 102 176 193 197 208 209 216 234 ]
69: [ 4 27 36 42 44 52 97 112 146 159 160 166 168 173 184 186 188 230 239 242 ]
70: [ 10 13 16 62 68 81 94 113 123 133 163 177 190 198 200 216 219 238 245 250 ]
71: [ 15 22 25 72 91 92 121 122 134 183 193 202 213 218 250 ]
72: [ 8 46 54 60 64 68 71 97 113 122 145 162 170 ]
73: [ 4 13 16 19 39 41 52 55 59 85 92 104 105 116 124 148 149 153 168 178 198 241 250 ]
74: [ 13 21 35 44 45 67 87 101 119 132 133 155 157 162 198 207 215 222 ]
75: [ 2 4 5 27 67 68 121 157 163 174 181 189 200 227 ]
76: [ 12 14 21 36 42 46 50 55 78 109 153 186 189 190 232 240 250 ]
77: [ 43 59 80 88 97 108 123 136 146 154 172 181 199 201 209 223 249 ]
78: [ 7 21 25 31 36 38 40 76 88 107 135 136 137 160 162 164 174 192 199 202 206 208 209 ]
79: [ 11 13 92 112 113 160 188 202 217 218 ]
80: [ 35 77 107 ]
81: [ 8 13 25 30 32 43 70 88 123 124 148 157 199 217 229 245 247 ]
82: [ 7 55 66 95 100 117 120 133 189 196 213 219 ]
83: [ 15 22 40 41 84 122 123 179 181 216 224 249 ]
84: [ 54 83 94 115 119 126 189 217 ]
85: [ 30 54 73 88 93 135 208 ]
86: [ 13 28 54 104 115 119 140 159 170 173 194 212 222 228 239 ]
87: [ 7 13 28 35 56 74 88 95 121 127 151 157 181 200 ]
88: [ 4 9 28 30 50 77 78 81 85 87 91 111 126 141 157 168 191 195 198 207 216 221 229 ]
89: [ 13 35 41 53 64 68 107 112 131 140 178 194 249 ]
90: [ 62 63 101 107 132 206 214 221 243 ]
91: [ 15 18 44 71 88 95 115 116 134 136 143 167 218 221 241 250 ]
92: [ 32 38 39 40 42 62 64 71 73 79 114 132 137 140 168 169 181 218 248 ]
93: [ 1 41 55 85 115 122 123 149 164 173 178 181 234 243 249 ]
94: [ 7 9 47 63 70 84 100 119 160 193 207 216 225 228 233 ]
95: [ 48 66 82 87 91 102 124 137 145 164 166 171 202 208 214 228 245 ]
96: [ 5 23 45 51 65 99 108 123 129 132 135 158 166 199 203 215 216 217 226 241 ]
97: [ 41 45 65 69 72 77 99 115 135 160 164 180 181 188 205 214 220 224 228 238 ]
98: [ 11 17 32 44 195 204 206 210 245 249 ]
99: [ 19 26 27 33 41 46 53 58 96 97 115 143 168 179 193 236 ]
100: [ 5 6 18 21 28 45 47 82 94 128 130 142 163 169 184 193 194 212 227 ]
101: [ 2 5 27 30 42 53 58 74 90 131 140 159 167 193 212 218 221 227 235 ]
102: [ 4 17 50 68 95 109 136 170 212 213 246 ]
103: [ 2 35 38 47 104 116 117 165 194 ]
104: [ 5 13 14 32 41 55 59 73 86 103 128 134 163 164 173 177 180 202 214 ]
105: [ 9 28 73 109 119 124 190 193 231 ]
106: [ 2 36 38 140 150 208 213 247 ]
107: [ 5 9 20 47 62 78 80 89 90 124 143 164 177 200 217 225 ]
108: [ 14 33 77 96 110 114 127 133 164 193 199 208 210 213 216 ]
109: [ 3 10 25 27 35 37 40 76 102 105 123 143 166 185 188 198 222 227 238 239 ]
110: [ 4 38 63 108 150 243 ]
111: [ 41 42 52 58 59 88 112 133 138 161 172 173 176 206 247 ]
112: [ 37 40 41 50 54 69 79 89 111 127 142 145 166 177 189 200 206 221 243 244 ]
113: [ 25 34 45 70 72 79 145 168 177 212 225 228 ]
114: [ 35 40 59 62 92 108 122 130 174 185 206 209 213 218 223 236 ]
115: [ 13 18 32 55 58 84 86 91 93 97 99 124 135 144 172 178 194 202 205 230 ]
116: [ 36 40 48 73 91 103 121 126 153 174 208 215 229 ]
117: [ 15 35 52 82 103 158 206 210 217 247 ]
118: [ 12 30 33 34 40 203 204 213 236 243 ]
119: [ 3 5 39 54 74 84 86 94 105 123 143 159 193 199 213 216 239 ]
120: [ 23 29 63 82 130 136 153 229 244 ]
121: [ 32 37 43 50 71 75 87 116 152 159 172 181 201 209 210 227 232 ]
122: [ 1 4 16 50 59 71 72 83 93 114 126 130 140 164 175 180 231 241 ]
123: [ 3 44 58 62 70 77 81 83 93 96 109 119 127 142 181 205 207 219 226 ]
124: [ 5 6 32 38 48 63 67 73 81 95 105 107 115 127 131 139 143 144 191 200 211 219 224 235 237 240 244 ]
125: [ 10 31 63 137 154 202 205 ]
126: [ 9 84 88 116 122 171 215 249 ]
127: [ 19 32 50 87 108 112 123 124 129 143 189 245 ]
128: [ 3 33 55 100 104 212 229 237 ]
129: [ 27 36 42 96 127 132 138 151 161 179 196 209 235 ]
130: [ 6 10 11 32 47 67 100 114 120 122 139 146 174 177 184 228 ]
131: [ 27 89 101 124 136 205 213 ]
132: [ 7 22 26 56 74 90 92 96 129 152 165 181 184 213 227 229 242 ]
133: [ 16 36 45 49 70 74 82 108 111 148 216 230 ]
134: [ 27 30 56 71 91 104 137 143 144 156 178 194 195 201 224 226 228 239 ]
135: [ 78 85 96 97 115 150 164 197 236 243 ]
136: [ 15 33 55 77 78 91 102 120 131 141 154 171 185 189 200 210 ]
137: [ 1 11 42 43 47 64 66 78 92 95 125 134 141 182 194 199 248 ]
138: [ 15 19 46 48 111 129 144 156 181 206 243 ]
139: [ 34 54 65 124 130 158 234 236 ]
140: [ 6 7 27 30 42 55 86 89 92 101 106 122 162 174 184 202 204 215 238 240 245 ]
141: [ 26 28 88 136 137 188 246 ]
142: [ 6 100 112 123 219 227 ]
143: [ 22 30 44 62 91 99 107 109 119 124 127 134 184 194 207 210 212 ]
144: [ 2 21 28 38 42 115 124 134 138 150 173 184 205 219 222 241 ]
145: [ 2 11 24 30 42 72 95 112 113 149 173 181 192 201 216 217 221 223 241 ]
146: [ 48 54 69 77 130 147 159 177 198 246 ]
147: [ 3 39 55 146 148 160 197 198 213 235 ]
148: [ 22 42 73 81 133 147 182 212 215 216 224 ]
149: [ 64 73 93 145 164 176 177 199 230 245 ]
150: [ 16 59 66 106 110 135 144 156 199 203 226 ]
151: [ 12 25 29 38 43 87 129 209 224 230 237 239 ]
152: [ 9 41 55 66 121 132 212 ]
153: [ 12 13 41 67 73 76 116 120 164 187 204 208 217 ]
154: [ 21 57 77 125 136 173 177 178 230 244 249 ]
155: [ 74 156 193 205 230 ]
156: [ 1 14 21 35 38 41 52 134 138 150 155 159 163 172 190 197 209 214 219 233 ]
157: [ 9 11 32 41 74 75 81 87 88 159 161 201 204 230 233 234 244 ]
158: [ 4 15 43 51 54 96 117 139 166 168 174 183 213 238 ]
159: [ 5 13 33 38 44 49 52 69 86 101 119 121 146 156 157 163 166 173 175 205 221 ]
160: [ 8 13 45 56 63 67 69 78 79 94 97 147 199 202 211 226 227 235 246 ]
161: [ 12 27 41 111 129 157 166 177 180 183 194 217 222 233 ]
162: [ 25 37 72 74 78 140 207 209 ]
163: [ 4 10 15 16 30 37 43 58 66 70 75 100 104 156 159 166 168 172 184 212 218 229 ]
164: [ 5 9 11 18 25 33 34 57 62 78 93 95 97 104 107 108 122 135 149 153 169 177 193 211 213 ]
165: [ 6 13 103 132 180 184 213 216 229 233 237 242 244 249 250 ]
166: [ 16 40 58 69 95 96 109 112 158 159 161 163 184 190 194 202 224 236 246 ]
167: [ 10 15 47 50 91 101 180 195 215 ]
168: [ 6 9 32 52 64 69 73 88 92 99 113 158 163 174 190 195 207 226 239 ]
169: [ 12 21 31 39 92 100 164 197 240 ]
170: [ 11 41 72 86 102 185 192 202 207 223 235 239 ]
171: [ 9 14 33 48 61 95 126 136 177 178 181 214 216 228 231 238 248 ]
172: [ 11 27 40 77 111 115 121 156 163 175 178 185 216 233 245 ]
173: [ 5 13 31 43 66 69 86 93 104 111 144 145 154 159 184 207 219 222 226 ]
174: [ 45 46 48 49 51 61 75 78 114 116 130 140 158 168 220 224 227 245 ]
175: [ 37 122 159 172 245 ]
176: [ 32 43 44 49 54 67 68 111 149 177 205 209 230 250 ]
177: [ 5 19 30 36 63 70 104 107 112 113 130 146 149 154 161 164 171 176 187 206 212 215 219 239 ]
178: [ 4 11 22 24 59 73 89 93 115 134 154 171 172 184 ]
179: [ 1 59 67 83 99 129 227 ]
180: [ 59 62 97 104 122 161 165 167 205 225 239 241 ]
181: [ 6 44 75 77 83 87 92 93 97 121 123 132 138 145 171 187 214 ]
182: [ 137 148 202 207 ]
183: [ 17 50 57 71 158 161 191 212 245 ]
184: [ 4 29 31 51 58 69 100 130 132 140 143 144 163 165 166 173 178 193 223 226 227 229 233 243 ]
185: [ 29 35 41 64 109 114 136 170 172 189 233 ]
186: [ 15 25 64 69 76 197 219 248 ]
187: [ 6 19 20 43 54 153 177 181 190 194 229 231 248 ]
188: [ 2 17 27 39 69 79 97 109 141 195 204 214 215 222 224 233 234 243 ]
189: [ 15 37 51 75 76 82 84 112 127 136 185 192 224 225 229 238 239 248 250 ]
190: [ 7 25 32 52 55 70 76 105 156 166 168 187 239 ]
191: [ 13 16 88 124 183 209 250 ]
192: [ 11 42 50 78 145 170 189 202 222 234 ]
193: [ 38 39 68 71 94 99 100 101 105 108 119 155 164 184 211 221 222 ]
194: [ 10 18 27 37 38 86 89 100 103 115 134 137 143 161 166 187 203 215 221 226 ]
195: [ 10 40 88 98 134 167 168 188 211 224 ]
196: [ 37 46 67 82 129 199 223 230 ]
197: [ 25 28 68 135 147 156 169 186 199 248 ]
198: [ 5 70 73 74 88 109 146 147 209 214 218 ]
199: [ 12 62 77 78 81 96 108 119 137 149 150 160 196 197 206 210 227 ]
200: [ 2 5 17 70 75 87 107 112 124 136 204 209 219 226 239 242 ]
201: [ 10 63 77 121 134 145 157 205 209 234 245 ]
202: [ 15 19 42 50 55 59 71 78 79 95 104 115 125 140 160 166 170 182 192 215 236 ]
203: [ 10 18 35 36 96 118 150 194 206 230 238 241 250 ]
204: [ 13 18 34 35 67 98 118 140 153 157 188 200 212 215 227 246 ]
205: [ 15 53 63 97 115 123 125 131 144 155 159 176 180 201 207 230 247 ]
206: [ 15 56 62 66 67 78 90 98 111 112 114 117 138 177 199 203 209 221 236 238 245 ]
207: [ 26 43 64 74 88 94 123 143 162 168 170 173 182 205 219 239 ]
208: [ 3 10 15 24 36 55 59 64 65 68 78 85 95 106 108 116 153 210 214 222 229 241 ]
209: [ 7 18 68 77 78 114 121 129 151 156 162 176 191 198 200 201 206 221 233 ]
210: [ 1 16 21 34 38 45 52 53 59 98 108 117 121 136 143 199 208 226 ]
211: [ 2 124 160 164 193 195 222 227 230 243 ]
212: [ 28 86 100 101 102 113 128 143 148 152 163 177 183 204 217 235 ]
213: [ 5 16 18 30 58 71 82 102 106 108 114 118 119 131 132 147 158 164 165 236 ]
214: [ 10 12 37 42 49 58 60 90 95 97 104 156 171 181 188 198 208 240 246 ]
215: [ 6 17 20 33 35 48 54 60 74 96 116 126 140 148 167 177 188 194 202 204 219 242 ]
216: [ 1 13 38 66 68 70 83 88 94 96 108 119 133 145 148 165 171 172 238 245 ]
217: [ 39 46 60 79 81 84 96 107 117 145 153 161 212 227 233 ]
218: [ 3 22 30 36 49 71 79 91 92 101 114 163 198 221 ]
219: [ 26 70 82 123 124 142 144 156 173 177 186 200 207 215 246 ]
220: [ 15 25 38 97 174 ]
221: [ 28 38 42 46 67 88 90 91 101 112 145 159 193 194 206 209 218 227 230 242 ]
222: [ 6 52 58 74 86 109 144 161 173 188 192 193 208 211 223 ]
223: [ 14 27 77 114 145 170 184 196 222 ]
224: [ 9 23 35 36 54 83 97 124 134 148 151 166 174 188 189 195 228 236 245 ]
225: [ 40 47 94 107 113 180 189 235 ]
226: [ 35 64 65 96 123 134 150 160 168 173 184 194 200 210 230 240 ]
227: [ 15 47 54 75 100 101 109 121 132 142 160 174 179 184 199 204 211 217 221 233 ]
228: [ 38 42 48 86 94 95 97 113 130 134 171 224 230 233 ]
229: [ 4 17 29 44 81 88 116 120 128 132 163 165 184 187 189 208 235 244 ]
230: [ 1 6 8 29 62 69 115 133 149 151 154 155 157 176 196 203 205 211 221 226 228 233 235 249 ]
231: [ 9 36 67 105 122 171 187 236 247 ]
232: [ 67 76 121 249 ]
233: [ 1 18 43 94 156 157 161 165 172 184 185 188 209 217 227 228 230 250 ]
234: [ 1 6 20 68 93 139 157 188 192 201 ]
235: [ 2 23 30 61 101 124 129 147 160 170 212 225 229 230 241 244 250 ]
236: [ 9 15 16 19 99 114 118 135 139 166 202 206 213 224 231 ]
237: [ 13 124 128 151 165 245 246 ]
238: [ 19 24 58 59 70 97 109 140 158 171 189 203 206 216 ]
239: [ 2 12 66 69 86 109 119 134 151 168 170 177 180 189 190 200 207 ]
240: [ 30 45 67 76 124 140 169 214 226 ]
241: [ 9 13 24 56 64 73 91 96 122 144 145 180 203 208 235 ]
242: [ 40 69 132 165 200 215 221 ]
243: [ 4 6 15 25 58 90 93 110 112 118 135 138 184 188 211 247 ]
244: [ 7 28 37 40 112 120 124 154 157 165 229 235 ]
245: [ 24 43 70 81 95 98 127 140 149 172 174 175 183 201 206 216 224 237 ]
246: [ 2 42 43 63 67 102 141 146 160 166 204 214 219 237 ]
247: [ 81 106 111 117 205 231 243 249 ]
248: [ 2 42 92 137 171 186 187 189 197 ]
249: [ 1 77 83 89 93 98 126 154 165 230 232 247 ]
250: [ 5 39 53 58 67 70 71 73 76 91 165 176 189 191 203 233 235 ]
