1: [ 2 3 25 27 52 58 60 61 66 69 103 125 163 165 167 174 192 227 ]
2: [ 1 7 17 20 35 50 51 55 75 84 85 87 105 118 154 156 183 187 214 219 226 231 249 ]
3: [ 1 17 61 62 66 72 148 166 187 194 239 243 ]
4: [ 23 28 33 34 53 74 80 85 88 120 159 183 205 207 240 ]
5: [ 40 50 56 92 140 160 191 245 250 ]
6: [ 19 42 46 64 71 88 124 139 183 205 216 227 231 235 246 ]
7: [ 2 19 45 66 69 76 97 106 126 128 145 146 148 158 165 183 186 191 197 240 241 250 ]
8: [ 42 47 65 76 84 114 125 150 162 175 189 209 217 223 224 242 ]
9: [ 26 85 96 98 103 123 124 150 165 195 203 219 224 233 236 243 ]
10: [ 23 30 73 77 92 116 130 133 144 176 179 181 184 204 216 237 242 ]
11: [ 29 41 54 57 101 105 130 163 187 196 207 229 236 ]
12: [ 14 30 42 58 60 72 92 103 122 127 164 166 172 173 175 188 194 245 ]
13: [ 38 73 76 88 113 117 140 193 205 218 220 236 ]
14: [ 12 16 17 41 44 49 73 77 90 120 128 132 142 173 174 232 237 ]
15: [ 22 31 84 85 109 113 155 179 212 ]
16: [ 14 66 117 152 182 222 233 240 ]
17: [ 2 3 14 53 79 105 106 121 139 150 163 166 182 201 210 221 227 ]
18: [ 49 63 71 80 93 121 144 189 208 217 233 241 ]
19: [ 6 7 41 50 67 77 84 86 99 118 137 157 182 227 235 ]
20: [ 2 32 63 92 127 195 242 ]
21: [ 63 71 79 82 123 139 220 233 ]
22: [ 15 23 25 26 53 57 62 63 66 73 107 113 117 125 126 137 153 194 214 235 ]
23: [ 4 10 22 35 41 76 99 100 111 116 128 236 250 ]
24: [ 112 135 163 165 180 196 208 217 244 ]
25: [ 1 22 53 57 74 83 100 101 108 126 129 131 132 147 165 172 196 199 218 226 235 ]
26: [ 9 22 32 35 58 79 83 96 105 109 133 142 156 158 161 169 190 221 ]
27: [ 1 28 46 54 59 71 75 83 88 119 135 151 153 165 167 190 199 226 ]
28: [ 4 27 31 34 44 60 76 96 144 212 230 ]
29: [ 11 74 88 116 121 148 153 156 157 180 ]
30: [ 10 12 51 55 82 87 116 121 125 129 136 140 152 178 201 215 223 245 ]
31: [ 15 28 77 88 123 138 150 ]
32: [ 20 26 70 96 105 116 121 129 136 168 177 185 197 220 240 246 ]
33: [ 4 47 48 56 83 96 101 111 120 128 141 156 241 246 ]
34: [ 4 28 35 43 53 56 104 120 121 140 142 179 227 238 ]
35: [ 2 23 26 34 51 63 65 128 131 132 136 137 142 146 177 188 205 215 222 242 250 ]
36: [ 52 54 65 83 92 103 106 148 162 201 235 244 246 249 250 ]
37: [ 43 144 175 241 ]
38: [ 13 45 46 76 107 127 134 138 139 156 162 165 177 184 185 188 200 218 246 ]
39: [ 46 82 84 87 128 135 170 190 204 213 236 ]
40: [ 5 43 48 71 72 91 101 120 121 135 149 153 154 167 183 184 191 193 217 225 240 241 243 ]
41: [ 11 14 19 23 65 90 95 101 107 124 142 157 165 170 197 245 ]
42: [ 6 8 12 44 50 55 71 74 85 96 98 124 128 144 159 163 176 190 222 ]
43: [ 34 37 40 97 99 101 161 179 181 207 227 231 ]
44: [ 14 28 42 69 71 75 105 112 131 182 191 226 ]
45: [ 7 38 53 62 96 106 167 185 216 226 232 ]
46: [ 6 27 38 39 117 174 227 ]
47: [ 8 33 54 91 116 237 ]
48: [ 33 40 82 232 ]
49: [ 14 18 54 56 71 78 85 86 91 140 156 173 174 177 221 226 241 ]
50: [ 2 5 19 42 51 54 65 70 87 99 131 132 150 153 164 166 182 209 215 235 242 244 ]
51: [ 2 30 35 50 64 85 130 136 155 156 163 168 174 200 236 239 242 ]
52: [ 1 36 61 84 117 191 243 ]
53: [ 4 17 22 25 34 45 58 75 91 93 103 119 134 143 147 154 162 165 181 182 199 207 214 215 219 245 ]
54: [ 11 27 36 47 49 50 63 64 79 83 102 113 128 150 154 155 156 185 205 212 ]
55: [ 2 30 42 70 89 120 131 140 157 167 ]
56: [ 5 33 34 49 84 114 120 146 167 171 189 201 239 ]
57: [ 11 22 25 66 89 121 165 189 193 201 225 246 ]
58: [ 1 12 26 53 73 89 101 117 145 152 153 156 162 169 185 189 193 207 222 ]
59: [ 27 108 156 166 170 187 ]
60: [ 1 12 28 93 94 103 110 157 208 214 218 231 ]
61: [ 1 3 52 75 89 128 202 228 ]
62: [ 3 22 45 66 68 81 115 141 151 157 158 161 164 167 175 178 185 195 224 241 249 ]
63: [ 18 20 21 22 35 54 72 83 99 105 110 115 132 157 163 171 185 188 194 204 ]
64: [ 6 51 54 88 129 145 157 178 190 194 197 222 224 225 231 ]
65: [ 8 35 36 41 50 79 101 131 146 169 170 227 243 ]
66: [ 1 3 7 16 22 57 62 103 112 120 125 136 144 171 175 188 189 207 229 ]
67: [ 19 77 80 103 114 116 146 217 218 235 238 239 240 246 ]
68: [ 62 99 136 170 203 236 249 ]
69: [ 1 7 44 86 90 120 138 146 149 153 163 165 187 199 205 215 241 ]
70: [ 32 50 55 139 153 165 181 225 ]
71: [ 6 18 21 27 40 42 44 49 77 91 94 98 122 157 161 182 183 227 ]
72: [ 3 12 40 63 106 116 121 126 153 161 164 172 177 179 187 190 193 205 211 233 ]
73: [ 10 13 14 22 58 142 148 180 198 235 ]
74: [ 4 25 29 42 83 110 166 178 185 ]
75: [ 2 27 44 53 61 78 90 92 113 118 126 146 166 174 190 195 199 203 210 214 222 247 ]
76: [ 7 8 13 23 28 38 148 236 ]
77: [ 10 14 19 31 67 71 123 154 209 245 ]
78: [ 49 75 106 121 150 156 158 162 212 217 233 ]
79: [ 17 21 26 54 65 80 86 101 107 119 132 147 152 160 167 222 224 226 ]
80: [ 4 18 67 79 94 110 143 154 169 220 221 227 ]
81: [ 62 86 92 160 161 167 175 194 218 227 ]
82: [ 21 30 39 48 88 103 115 125 130 148 152 162 169 178 187 205 227 ]
83: [ 25 26 27 33 36 54 63 74 96 143 202 ]
84: [ 2 8 15 19 39 52 56 89 94 95 100 113 120 151 180 185 189 205 210 227 ]
85: [ 2 4 9 15 42 49 51 112 150 171 207 212 230 ]
86: [ 19 49 69 79 81 127 129 137 ]
87: [ 2 30 39 50 171 174 201 213 245 ]
88: [ 4 6 13 27 29 31 64 82 100 101 128 160 161 174 182 187 193 201 204 214 235 245 250 ]
89: [ 55 57 58 61 84 102 103 110 116 120 193 202 210 212 217 223 230 236 246 ]
90: [ 14 41 69 75 122 134 149 157 165 174 192 214 234 248 ]
91: [ 40 47 49 53 71 109 128 165 167 176 199 213 225 246 250 ]
92: [ 5 10 12 20 36 75 81 120 127 129 144 164 168 190 195 213 234 ]
93: [ 18 53 60 107 129 152 165 182 193 214 218 ]
94: [ 60 71 80 84 106 118 132 135 139 157 163 166 168 176 200 208 215 233 ]
95: [ 41 84 137 231 235 241 ]
96: [ 9 26 28 32 33 42 45 83 124 152 160 172 176 185 193 203 225 246 ]
97: [ 7 43 127 191 ]
98: [ 9 42 71 141 153 160 201 217 ]
99: [ 19 23 43 50 63 68 120 162 178 ]
100: [ 23 25 84 88 108 110 111 130 134 164 166 180 205 ]
101: [ 11 25 33 40 41 43 58 65 79 88 112 129 133 159 166 190 218 230 231 242 ]
102: [ 54 89 161 168 179 207 ]
103: [ 1 9 12 36 53 60 66 67 82 89 114 146 169 180 185 203 204 241 ]
104: [ 34 130 135 182 199 229 245 ]
105: [ 2 11 17 26 32 44 63 107 116 128 149 162 172 175 186 199 203 224 231 238 245 ]
106: [ 7 17 36 45 72 78 94 137 144 183 194 204 206 239 ]
107: [ 22 38 41 79 93 105 112 123 128 134 162 170 175 200 208 211 221 ]
108: [ 25 59 100 112 114 115 142 159 196 205 242 ]
109: [ 15 26 91 125 156 163 186 239 ]
110: [ 60 63 74 80 89 100 124 187 243 ]
111: [ 23 33 100 113 117 143 144 165 166 170 174 206 218 220 227 ]
112: [ 24 44 66 85 101 107 108 123 140 141 193 196 207 212 227 238 ]
113: [ 13 15 22 54 75 84 111 114 116 120 134 152 160 163 165 188 202 207 211 242 250 ]
114: [ 8 56 67 103 108 113 129 135 140 176 189 191 200 205 208 213 249 ]
115: [ 62 63 82 108 140 182 187 220 239 249 ]
116: [ 10 23 29 30 32 47 67 72 89 105 113 119 120 132 169 173 177 178 183 195 207 210 238 ]
117: [ 13 16 22 46 52 58 111 123 156 162 165 170 174 187 192 193 197 212 215 218 ]
118: [ 2 19 75 94 127 135 142 173 ]
119: [ 27 53 79 116 160 161 172 225 238 ]
120: [ 4 14 33 34 40 55 56 66 69 84 89 92 99 113 116 139 157 160 161 171 218 220 232 249 ]
121: [ 17 18 29 30 32 34 40 57 72 78 125 129 138 144 147 150 163 201 218 221 233 240 ]
122: [ 12 71 90 142 178 ]
123: [ 9 21 31 77 107 112 117 148 182 201 208 250 ]
124: [ 6 9 41 42 96 110 184 188 199 235 ]
125: [ 1 8 22 30 66 82 109 121 130 134 155 159 ]
126: [ 7 22 25 72 75 188 203 248 249 ]
127: [ 12 20 38 86 92 97 118 172 177 180 189 195 199 216 238 242 ]
128: [ 7 14 23 33 35 39 42 54 61 88 91 105 107 144 151 153 158 192 208 214 248 ]
129: [ 25 30 32 64 86 92 93 101 114 121 134 142 152 159 184 197 228 244 ]
130: [ 10 11 51 82 100 104 125 137 187 244 ]
131: [ 25 35 44 50 55 65 134 135 163 174 181 201 213 ]
132: [ 14 25 35 50 63 79 94 116 138 144 153 167 173 195 223 232 233 246 ]
133: [ 10 26 101 207 243 ]
134: [ 38 53 90 100 107 113 125 129 131 135 143 202 235 ]
135: [ 24 27 39 40 94 104 114 118 131 134 142 151 159 160 185 206 248 ]
136: [ 30 32 35 51 66 68 138 150 169 175 180 200 202 210 223 233 235 ]
137: [ 19 22 35 86 95 106 130 155 190 199 221 233 235 239 248 ]
138: [ 31 38 69 121 132 136 144 155 176 229 242 ]
139: [ 6 17 21 38 70 94 120 159 195 ]
140: [ 5 13 30 34 49 55 112 114 115 170 173 175 183 186 195 199 214 217 227 232 238 ]
141: [ 33 62 98 112 146 160 176 200 235 ]
142: [ 14 26 34 35 41 73 108 118 122 129 135 148 169 190 242 ]
143: [ 53 80 83 111 134 149 152 154 171 193 217 231 235 236 239 ]
144: [ 10 18 28 37 42 66 92 106 111 121 128 132 138 149 190 194 207 211 246 ]
145: [ 7 58 64 162 183 214 229 ]
146: [ 7 35 56 65 67 69 75 103 141 166 208 227 243 ]
147: [ 25 53 79 121 194 ]
148: [ 3 7 29 36 73 76 82 123 142 163 165 167 186 203 220 239 248 ]
149: [ 40 69 90 105 143 144 169 219 228 231 243 250 ]
150: [ 8 9 17 31 50 54 78 85 121 136 157 174 187 225 226 250 ]
151: [ 27 62 84 128 135 246 ]
152: [ 16 30 58 79 82 93 96 113 129 143 160 180 184 200 201 214 243 ]
153: [ 22 27 29 40 50 58 69 70 72 98 128 132 173 197 215 218 228 233 236 246 ]
154: [ 2 40 53 54 77 80 143 201 207 210 242 ]
155: [ 15 51 54 125 137 138 166 213 ]
156: [ 2 26 29 33 38 49 51 54 58 59 78 109 117 183 192 219 231 246 ]
157: [ 19 29 41 55 60 62 63 64 71 90 94 120 150 164 173 211 213 233 240 ]
158: [ 7 26 62 78 128 170 188 212 222 233 248 ]
159: [ 4 42 101 108 125 129 135 139 173 190 218 228 235 241 ]
160: [ 5 79 81 88 96 98 113 119 120 135 141 152 194 195 197 211 212 219 226 234 247 248 ]
161: [ 26 43 62 71 72 81 88 102 119 120 177 179 201 202 206 224 225 240 242 248 ]
162: [ 8 36 38 53 58 78 82 99 105 107 117 145 167 177 179 186 195 226 245 ]
163: [ 1 11 17 24 42 51 63 69 94 109 113 121 131 148 166 195 241 ]
164: [ 12 50 62 72 92 100 157 193 197 200 241 245 ]
165: [ 1 7 9 24 25 27 38 41 53 57 69 70 90 91 93 111 113 117 148 172 227 228 ]
166: [ 3 12 17 50 59 74 75 94 100 101 111 146 155 163 167 176 181 189 196 240 250 ]
167: [ 1 27 40 45 55 56 62 79 81 91 132 148 162 166 171 191 195 202 233 234 243 ]
168: [ 32 51 92 94 102 182 217 235 240 ]
169: [ 26 58 65 80 82 103 116 136 142 149 170 174 203 208 230 ]
170: [ 39 41 59 65 68 107 111 117 140 158 169 185 191 192 207 209 233 242 245 ]
171: [ 56 63 66 85 87 120 143 167 188 203 204 212 242 ]
172: [ 12 25 72 96 105 119 127 165 183 195 239 ]
173: [ 12 14 49 116 118 132 140 153 157 159 176 198 219 237 241 242 ]
174: [ 1 14 46 49 51 75 87 88 90 111 117 131 150 169 176 194 241 ]
175: [ 8 12 37 62 66 81 105 107 136 140 181 192 203 222 249 ]
176: [ 10 42 91 94 96 114 138 141 166 173 174 197 212 227 ]
177: [ 32 35 38 49 72 116 127 161 162 180 210 215 217 218 ]
178: [ 30 62 64 74 82 99 116 122 ]
179: [ 10 15 34 43 72 102 161 162 207 ]
180: [ 24 29 73 84 100 103 127 136 152 177 199 200 218 224 239 ]
181: [ 10 43 53 70 131 166 175 182 237 246 ]
182: [ 16 17 19 44 50 53 71 88 93 104 115 123 168 181 186 191 201 206 210 248 ]
183: [ 2 4 6 7 40 71 106 116 140 145 156 172 186 195 198 218 228 249 ]
184: [ 10 38 40 124 129 152 187 206 212 214 231 232 235 240 249 ]
185: [ 32 38 45 54 58 62 63 74 84 96 103 135 170 196 197 ]
186: [ 7 105 109 140 148 162 182 183 207 236 ]
187: [ 2 3 11 59 69 72 82 88 110 115 117 130 150 184 189 199 202 204 ]
188: [ 12 35 38 63 66 113 124 126 158 171 ]
189: [ 8 18 56 57 58 66 84 114 127 166 187 194 206 212 223 230 236 ]
190: [ 26 27 39 42 64 72 75 92 101 137 142 144 159 191 205 218 229 ]
191: [ 5 7 40 44 52 97 114 167 170 182 190 192 199 203 212 220 228 250 ]
192: [ 1 90 117 128 156 170 175 191 217 222 246 ]
193: [ 13 40 57 58 72 88 89 93 96 112 117 143 164 199 241 247 ]
194: [ 3 12 22 63 64 81 106 144 147 160 174 189 201 209 215 232 ]
195: [ 9 20 62 75 92 116 127 132 139 140 160 162 163 167 172 183 210 217 220 231 238 241 244 ]
196: [ 11 24 25 108 112 166 185 220 238 245 250 ]
197: [ 7 32 41 64 117 129 153 160 164 176 185 200 203 212 221 240 244 ]
198: [ 73 173 183 ]
199: [ 25 27 53 69 75 91 104 105 124 127 137 140 180 187 191 193 204 207 209 223 235 239 242 ]
200: [ 38 51 94 107 114 136 141 152 164 180 197 210 236 ]
201: [ 17 30 36 56 57 87 88 98 121 123 131 152 154 161 182 194 202 213 232 233 240 ]
202: [ 61 83 89 113 134 136 161 167 187 201 218 231 240 ]
203: [ 9 68 75 96 103 105 126 148 169 171 175 191 197 ]
204: [ 10 39 63 88 103 106 171 187 199 224 225 ]
205: [ 4 6 13 35 54 69 72 82 84 100 108 114 190 222 243 ]
206: [ 106 111 135 161 182 184 189 210 ]
207: [ 4 11 43 53 58 66 85 102 112 113 116 133 144 154 170 179 186 199 220 223 233 235 ]
208: [ 18 24 60 94 107 114 123 128 146 169 210 224 234 ]
209: [ 8 50 77 170 194 199 ]
210: [ 17 75 84 89 116 136 154 177 182 195 200 206 208 228 ]
211: [ 72 107 113 144 157 160 212 236 249 ]
212: [ 15 28 54 78 85 89 112 117 158 160 171 176 184 189 191 197 211 223 ]
213: [ 39 87 91 92 114 131 155 157 201 214 222 235 ]
214: [ 2 22 53 60 75 88 90 93 128 140 145 152 184 213 220 ]
215: [ 30 35 50 53 69 94 117 153 177 194 232 243 245 ]
216: [ 6 10 45 127 220 ]
217: [ 8 18 24 40 67 78 89 98 140 143 168 177 192 195 240 ]
218: [ 13 25 38 60 67 81 93 101 111 117 120 121 153 159 177 180 183 190 202 225 238 243 ]
219: [ 2 9 53 149 156 160 173 ]
220: [ 13 21 32 80 111 115 120 148 191 195 196 207 214 216 ]
221: [ 17 26 49 80 107 121 137 197 230 236 ]
222: [ 16 35 42 58 64 75 79 158 175 192 205 213 228 230 234 241 242 248 ]
223: [ 8 30 89 132 136 189 199 207 212 224 243 ]
224: [ 8 9 62 64 79 105 161 180 204 208 223 245 ]
225: [ 40 57 64 70 91 96 119 150 161 204 218 242 244 ]
226: [ 2 25 27 44 45 49 79 150 160 162 ]
227: [ 1 6 17 19 34 43 46 65 71 80 81 82 84 111 112 140 146 165 176 ]
228: [ 61 129 149 153 159 165 183 191 210 222 236 ]
229: [ 11 66 104 138 145 190 ]
230: [ 28 85 89 101 169 189 221 222 248 ]
231: [ 2 6 43 60 64 95 101 105 143 149 156 184 195 202 233 ]
232: [ 14 45 48 120 132 140 184 194 201 215 242 ]
233: [ 9 16 18 21 72 78 94 121 132 136 137 153 157 158 167 170 201 207 231 249 250 ]
234: [ 90 92 160 167 208 222 240 244 ]
235: [ 6 19 22 25 36 50 67 73 88 95 124 134 136 137 141 143 159 168 184 199 207 213 ]
236: [ 9 11 13 23 39 51 68 76 89 143 153 186 189 200 211 221 228 ]
237: [ 10 14 47 173 181 ]
238: [ 34 67 105 112 116 119 127 140 195 196 218 ]
239: [ 3 51 56 67 106 109 115 137 143 148 172 180 199 247 248 ]
240: [ 4 7 16 32 40 67 121 157 161 166 168 184 197 201 202 217 234 249 ]
241: [ 7 18 33 37 40 49 62 69 95 103 159 163 164 173 174 193 195 222 250 ]
242: [ 8 10 20 35 50 51 101 108 113 127 138 142 154 161 170 171 173 199 222 225 232 ]
243: [ 3 9 40 52 65 110 133 146 149 152 167 205 215 218 223 245 246 249 ]
244: [ 24 36 50 129 130 195 197 225 234 249 ]
245: [ 5 12 30 41 53 77 87 88 104 105 162 164 170 196 215 224 243 ]
246: [ 6 32 33 36 38 57 67 89 91 96 132 144 151 153 156 181 192 243 ]
247: [ 75 160 193 239 ]
248: [ 90 126 128 135 137 148 158 160 161 182 222 230 239 249 ]
249: [ 2 36 62 68 114 115 120 126 175 183 184 211 233 240 243 244 248 ]
250: [ 5 7 23 35 36 88 91 113 123 149 150 166 191 196 233 241 ]
