1: [ 12 14 68 137 168 200 247 249 ]
2: [ 16 17 23 51 107 152 178 187 225 ]
3: [ 60 61 71 86 98 118 133 149 169 170 175 188 193 194 209 232 244 ]
4: [ 35 62 133 159 163 166 177 179 187 190 191 196 200 203 215 ]
5: [ 6 26 52 60 91 121 130 131 136 213 ]
6: [ 5 23 32 36 45 65 107 117 137 157 163 171 229 233 236 244 ]
7: [ 11 15 31 54 80 116 119 134 170 180 ]
8: [ 31 42 61 83 92 93 97 99 104 135 142 154 167 190 202 206 210 228 ]
9: [ 13 40 49 55 78 90 122 123 125 141 148 183 223 225 227 ]
10: [ 23 33 36 110 164 175 186 187 199 ]
11: [ 7 16 19 42 68 79 95 98 116 131 134 138 149 158 164 169 172 177 196 212 218 223 248 ]
12: [ 1 24 33 36 40 50 92 132 137 178 183 187 202 210 224 241 244 ]
13: [ 9 36 40 65 116 146 215 242 ]
14: [ 1 47 53 61 71 96 132 178 195 215 ]
15: [ 7 26 36 49 60 77 83 94 99 146 150 156 172 179 191 197 202 224 229 ]
16: [ 2 11 37 40 49 51 58 77 78 81 103 107 116 122 123 127 135 153 192 199 215 221 224 248 ]
17: [ 2 36 100 121 122 145 164 184 192 202 223 ]
18: [ 22 115 119 170 186 231 ]
19: [ 11 21 26 32 73 85 88 91 96 113 127 131 137 146 148 166 181 214 ]
20: [ 22 24 50 172 227 228 230 241 243 ]
21: [ 19 102 141 155 170 245 250 ]
22: [ 18 20 23 25 62 83 90 100 112 113 125 132 149 185 191 242 ]
23: [ 2 6 10 22 65 71 72 76 103 105 123 126 149 158 161 167 168 175 192 240 248 ]
24: [ 12 20 37 38 64 83 90 121 137 157 165 175 205 207 234 240 244 ]
25: [ 22 48 97 114 133 136 153 200 202 229 ]
26: [ 5 15 19 41 45 46 61 73 80 82 98 112 143 148 156 163 174 216 239 249 ]
27: [ 33 157 164 194 ]
28: [ 40 49 82 84 117 162 171 210 226 236 ]
29: [ 47 69 88 115 192 195 ]
30: [ 74 86 126 138 158 162 195 199 210 222 228 230 235 ]
31: [ 7 8 37 44 54 77 78 79 110 115 120 132 134 156 158 161 170 185 193 200 205 235 247 ]
32: [ 6 19 37 43 44 60 81 86 133 137 141 177 184 191 195 220 226 235 242 249 ]
33: [ 10 12 27 37 39 75 76 85 94 102 104 136 144 157 173 180 189 207 220 245 ]
34: [ 58 107 125 150 164 186 210 221 229 247 ]
35: [ 4 37 54 126 141 210 212 235 ]
36: [ 6 10 12 13 15 17 46 50 113 128 131 138 168 189 193 195 210 220 223 232 245 250 ]
37: [ 16 24 31 32 33 35 51 54 72 83 88 101 114 117 123 153 164 231 239 ]
38: [ 24 83 124 142 152 171 174 178 187 188 192 195 235 236 ]
39: [ 33 53 54 77 81 85 146 155 164 166 175 187 199 201 207 215 242 247 250 ]
40: [ 9 12 13 16 28 49 61 90 105 119 155 162 177 198 201 210 250 ]
41: [ 26 42 43 73 88 96 105 163 164 183 ]
42: [ 8 11 41 48 108 124 174 176 179 186 214 220 227 234 239 242 ]
43: [ 32 41 50 73 131 138 163 164 173 203 218 235 ]
44: [ 31 32 58 75 89 93 104 123 167 179 182 199 216 233 243 248 ]
45: [ 6 26 50 60 63 74 82 85 91 98 104 131 134 166 194 207 208 ]
46: [ 26 36 47 53 59 93 106 130 131 150 162 164 166 186 187 209 243 ]
47: [ 14 29 46 61 74 85 89 92 93 95 98 112 115 119 122 124 140 183 184 199 203 208 212 235 240 ]
48: [ 25 42 62 98 108 114 135 154 171 220 241 246 ]
49: [ 9 15 16 28 40 58 77 97 106 153 187 198 199 201 219 243 ]
50: [ 12 20 36 43 45 51 62 66 78 93 98 156 167 195 198 210 218 223 227 249 ]
51: [ 2 16 37 50 63 70 74 99 100 112 123 124 136 141 184 185 209 226 227 235 245 250 ]
52: [ 5 74 88 114 132 144 154 163 165 182 200 209 218 225 229 237 244 ]
53: [ 14 39 46 98 135 154 165 171 183 188 229 ]
54: [ 7 31 35 37 39 56 71 96 97 110 111 117 129 136 162 168 175 184 194 231 233 235 242 ]
55: [ 9 71 80 89 92 116 149 166 206 235 238 243 ]
56: [ 54 65 74 97 155 160 188 216 218 221 ]
57: [ 62 94 110 125 143 167 187 224 248 ]
58: [ 16 34 44 49 83 90 104 159 161 170 172 190 205 225 245 ]
59: [ 46 60 85 89 153 163 168 194 214 221 223 224 229 ]
60: [ 3 5 15 32 45 59 62 65 68 82 83 97 117 118 122 156 157 192 197 205 236 ]
61: [ 3 8 14 26 40 47 79 155 168 178 181 191 198 235 240 243 ]
62: [ 4 22 48 50 57 60 92 94 117 119 126 132 152 158 167 171 183 187 195 196 198 201 209 215 217 222 230 240 ]
63: [ 45 51 75 88 90 142 166 168 172 177 186 188 200 218 226 231 ]
64: [ 24 71 111 142 170 221 229 ]
65: [ 6 13 23 56 60 72 74 87 90 126 152 174 241 ]
66: [ 50 67 79 87 119 137 159 163 173 192 ]
67: [ 66 86 103 128 129 152 211 224 236 240 ]
68: [ 1 11 60 83 106 137 214 225 ]
69: [ 29 78 84 96 106 183 250 ]
70: [ 51 74 89 93 94 122 137 149 151 153 166 172 189 203 222 224 ]
71: [ 3 14 23 54 55 64 75 96 97 100 116 137 177 184 195 216 218 220 226 239 ]
72: [ 23 37 65 122 151 172 183 208 231 ]
73: [ 19 26 41 43 91 101 105 107 121 124 129 140 169 200 210 213 ]
74: [ 30 45 47 51 52 56 65 70 76 82 104 106 113 114 141 187 245 246 ]
75: [ 33 44 63 71 98 99 103 161 166 174 195 215 228 ]
76: [ 23 33 74 112 128 145 150 153 169 172 184 185 192 198 202 204 230 250 ]
77: [ 15 16 31 39 49 108 114 132 149 172 234 250 ]
78: [ 9 16 31 50 69 91 106 114 139 175 179 184 186 215 229 248 249 ]
79: [ 11 31 61 66 87 105 110 120 124 125 127 129 137 173 174 180 181 183 194 205 224 248 ]
80: [ 7 26 55 81 103 106 113 127 131 156 163 172 178 183 186 215 226 227 242 246 ]
81: [ 16 32 39 80 91 102 158 182 194 195 210 220 225 ]
82: [ 26 28 45 60 74 85 110 115 125 131 136 142 145 148 158 181 183 191 199 203 225 230 233 242 ]
83: [ 8 15 22 24 37 38 58 60 68 100 101 106 116 140 143 155 171 181 182 219 227 233 ]
84: [ 28 69 97 104 110 117 158 167 176 178 181 187 246 248 ]
85: [ 19 33 39 45 47 59 82 89 99 104 126 154 192 220 ]
86: [ 3 30 32 67 97 108 149 150 181 223 233 245 ]
87: [ 65 66 79 92 112 129 142 153 179 188 193 208 223 ]
88: [ 19 29 37 41 52 63 94 146 154 191 198 209 220 222 232 ]
89: [ 44 47 55 59 70 85 90 102 141 152 159 160 168 177 194 217 229 230 ]
90: [ 9 22 24 40 58 63 65 89 100 101 106 115 123 125 129 135 136 154 156 157 192 202 209 225 237 247 ]
91: [ 5 19 45 73 78 81 163 177 189 195 197 213 223 238 240 248 ]
92: [ 8 12 47 55 62 87 109 115 137 151 167 184 187 195 198 201 250 ]
93: [ 8 44 46 47 50 70 101 114 135 148 153 175 177 190 210 ]
94: [ 15 33 57 62 70 88 122 135 142 168 171 184 191 192 199 201 202 208 226 ]
95: [ 11 47 123 131 145 147 165 167 230 246 ]
96: [ 14 19 41 54 69 71 97 110 118 120 127 132 136 137 199 204 205 211 236 245 ]
97: [ 8 25 49 54 56 60 71 84 86 96 113 114 138 143 154 174 176 195 200 202 208 ]
98: [ 3 11 26 45 47 48 50 53 75 120 122 125 190 230 237 249 ]
99: [ 8 15 51 75 85 111 120 125 127 135 156 158 169 176 197 208 ]
100: [ 17 22 51 71 83 90 103 106 112 122 128 131 150 160 161 164 170 189 214 227 244 ]
101: [ 37 73 83 90 93 108 115 124 136 141 148 157 160 161 168 174 175 191 201 206 213 ]
102: [ 21 33 81 89 150 163 175 186 198 233 243 ]
103: [ 16 23 67 75 80 100 108 118 149 165 171 177 198 204 205 233 243 250 ]
104: [ 8 33 44 45 58 74 84 85 117 128 165 174 199 215 237 ]
105: [ 23 40 41 73 79 141 145 157 163 178 183 200 206 224 236 241 242 250 ]
106: [ 46 49 68 69 74 78 80 83 90 100 123 127 128 151 157 218 221 223 ]
107: [ 2 6 16 34 73 110 121 138 148 150 158 172 181 189 198 212 228 244 ]
108: [ 42 48 77 86 101 103 113 121 161 184 191 205 228 234 239 247 ]
109: [ 92 129 136 153 154 168 188 208 217 249 ]
110: [ 10 31 54 57 79 82 84 96 107 113 124 128 149 165 188 210 233 243 ]
111: [ 54 64 99 115 173 189 ]
112: [ 22 26 47 51 76 87 100 116 121 132 135 148 162 208 213 230 236 240 248 ]
113: [ 19 22 36 74 80 97 108 110 136 171 176 186 ]
114: [ 25 37 48 52 74 77 78 93 97 122 123 126 128 174 215 224 ]
115: [ 18 29 31 47 82 90 92 101 111 121 127 149 160 177 184 189 192 196 199 206 242 ]
116: [ 7 11 13 16 55 71 83 112 131 139 152 157 161 165 168 180 207 216 225 227 229 238 ]
117: [ 6 28 37 54 60 62 84 104 125 128 181 191 199 213 228 230 232 ]
118: [ 3 60 96 103 123 126 153 158 163 165 189 204 226 229 232 ]
119: [ 7 18 40 47 62 66 124 193 250 ]
120: [ 31 79 96 98 99 135 186 ]
121: [ 5 17 24 73 107 108 112 115 126 136 165 171 173 181 185 188 211 213 217 229 236 ]
122: [ 9 16 17 47 60 70 72 94 98 100 114 128 137 164 205 216 227 228 234 250 ]
123: [ 9 16 23 37 44 51 90 95 106 114 118 162 189 200 213 214 220 236 242 ]
124: [ 38 42 47 51 73 79 101 110 119 155 157 165 167 190 200 232 241 249 ]
125: [ 9 22 34 57 79 82 90 98 99 117 131 135 136 140 142 156 158 183 191 195 204 215 217 239 243 245 250 ]
126: [ 23 30 35 62 65 85 114 118 121 128 141 152 156 167 198 219 246 ]
127: [ 16 19 79 80 96 99 106 115 156 166 180 215 217 225 ]
128: [ 36 67 76 100 104 106 110 114 117 122 126 132 138 180 185 207 219 221 235 238 242 ]
129: [ 54 67 73 79 87 90 109 131 133 207 210 222 ]
130: [ 5 46 185 198 199 217 224 226 227 239 243 ]
131: [ 5 11 19 36 43 45 46 80 82 95 100 116 125 129 154 162 164 165 170 218 224 239 244 ]
132: [ 12 14 22 31 52 62 77 96 112 128 150 153 187 188 189 198 202 212 226 228 232 238 244 246 ]
133: [ 3 4 25 32 129 138 145 220 226 ]
134: [ 7 11 31 45 215 ]
135: [ 8 16 48 53 90 93 94 99 112 120 125 156 157 160 182 183 188 197 201 218 223 230 241 249 ]
136: [ 5 25 33 51 54 82 90 96 101 109 113 121 125 165 174 196 203 204 215 219 225 232 233 248 250 ]
137: [ 1 6 12 19 24 32 66 68 70 71 79 92 96 122 138 153 214 218 222 229 233 ]
138: [ 11 30 36 43 97 107 128 133 137 146 147 152 158 160 170 175 207 212 240 243 ]
139: [ 78 116 ]
140: [ 47 73 83 125 179 244 ]
141: [ 9 21 32 35 51 74 89 101 105 126 142 148 168 179 185 186 217 219 225 236 242 250 ]
142: [ 8 38 63 64 82 87 94 125 141 149 167 181 182 189 190 223 235 240 ]
143: [ 26 57 83 97 145 171 174 218 227 ]
144: [ 33 52 170 216 225 241 ]
145: [ 17 76 82 95 105 133 143 157 165 175 179 210 213 ]
146: [ 13 15 19 39 88 138 184 204 230 236 246 ]
147: [ 95 138 151 157 165 166 173 200 204 206 222 ]
148: [ 9 19 26 82 93 101 107 112 141 172 187 208 220 224 ]
149: [ 3 11 22 23 55 70 77 86 103 110 115 142 161 197 198 201 248 ]
150: [ 15 34 46 76 86 100 102 107 132 155 169 171 174 200 203 208 212 238 240 ]
151: [ 70 72 92 106 147 156 172 182 201 ]
152: [ 2 38 62 65 67 89 116 126 138 172 182 186 198 228 244 ]
153: [ 16 25 37 49 59 70 76 87 93 109 118 132 137 157 161 169 174 193 199 210 216 233 244 ]
154: [ 8 48 52 53 85 88 90 97 109 131 160 167 169 174 179 186 196 212 224 240 ]
155: [ 21 39 40 56 61 83 124 150 164 178 180 229 ]
156: [ 15 26 31 50 60 80 90 99 125 126 127 135 151 163 174 190 196 200 216 250 ]
157: [ 6 24 27 33 60 90 101 105 106 116 124 135 145 147 153 158 167 179 214 222 240 244 ]
158: [ 11 23 30 31 62 81 82 84 99 107 118 125 138 157 175 178 207 218 228 232 236 ]
159: [ 4 58 66 89 174 210 222 ]
160: [ 56 89 100 101 115 135 138 154 162 171 193 207 228 ]
161: [ 23 31 58 75 100 101 108 116 149 153 165 166 170 228 240 ]
162: [ 28 30 40 46 54 112 123 131 160 199 206 207 219 226 233 242 245 ]
163: [ 4 6 26 41 43 52 59 66 80 91 102 105 118 156 182 201 210 216 ]
164: [ 10 11 17 27 34 37 39 41 43 46 100 122 131 155 169 206 218 229 ]
165: [ 24 52 53 95 103 104 110 116 118 121 124 131 136 145 147 161 204 210 217 222 ]
166: [ 4 19 39 45 46 55 63 70 75 127 147 161 200 205 217 224 227 250 ]
167: [ 8 23 44 50 57 62 84 92 95 124 126 142 154 157 178 192 212 225 227 231 236 ]
168: [ 1 23 36 54 59 61 63 89 94 101 109 116 141 196 223 241 247 ]
169: [ 3 11 73 76 99 150 153 154 164 179 195 211 234 243 ]
170: [ 3 7 18 21 31 58 64 100 131 138 144 161 190 221 230 243 247 ]
171: [ 6 28 38 48 53 62 83 94 103 113 121 143 150 160 175 176 205 208 222 229 248 ]
172: [ 11 15 20 58 63 70 72 76 77 80 107 148 151 152 195 198 209 215 232 ]
173: [ 33 43 66 79 111 121 147 198 223 227 ]
174: [ 26 38 42 65 75 79 97 101 104 114 136 143 150 153 154 156 159 175 190 193 217 231 244 ]
175: [ 3 10 23 24 39 54 78 93 101 102 138 145 158 171 174 181 196 217 239 242 249 ]
176: [ 42 84 97 99 113 171 201 244 247 ]
177: [ 4 11 32 40 63 71 89 91 93 103 115 181 191 196 205 213 218 247 249 ]
178: [ 2 12 14 38 61 80 84 105 155 158 167 191 196 222 223 228 238 241 ]
179: [ 4 15 42 44 78 87 140 141 145 154 157 169 192 201 220 235 237 250 ]
180: [ 7 33 79 116 127 128 155 195 227 ]
181: [ 19 61 79 82 83 84 86 107 117 121 142 175 177 187 218 227 232 242 ]
182: [ 44 52 81 83 135 142 151 152 163 203 239 ]
183: [ 9 12 41 47 53 62 69 72 79 80 82 105 125 135 199 208 218 226 232 234 ]
184: [ 17 32 47 51 54 71 76 78 92 94 108 115 146 186 199 213 232 235 237 243 248 ]
185: [ 22 31 51 76 121 128 130 141 216 227 ]
186: [ 10 18 34 42 46 63 78 80 102 113 120 141 152 154 184 190 195 203 213 214 222 235 ]
187: [ 2 4 10 12 38 39 46 49 57 62 74 84 92 132 148 181 193 198 218 226 237 ]
188: [ 3 38 53 56 63 87 109 110 121 132 135 194 221 230 241 243 250 ]
189: [ 33 36 70 91 100 107 111 115 118 123 132 142 218 225 231 ]
190: [ 4 8 58 93 98 124 142 156 170 174 186 220 243 ]
191: [ 4 15 22 32 61 82 88 94 101 108 117 125 177 178 195 216 227 230 ]
192: [ 16 17 23 29 38 60 66 76 85 90 94 115 167 179 215 225 228 246 249 250 ]
193: [ 3 31 36 87 119 153 160 174 187 196 224 238 249 ]
194: [ 3 27 45 54 59 79 81 89 188 220 221 ]
195: [ 14 29 30 32 36 38 50 62 71 75 81 91 92 97 125 169 172 180 186 191 208 ]
196: [ 4 11 62 115 136 154 156 168 175 177 178 193 200 218 224 ]
197: [ 15 60 91 99 135 149 228 235 ]
198: [ 40 49 50 61 62 76 88 92 102 103 107 126 130 132 149 152 172 173 187 220 222 230 246 ]
199: [ 10 16 30 39 44 47 49 82 94 96 104 115 117 130 153 162 183 184 220 233 250 ]
200: [ 1 4 25 31 52 63 73 97 105 123 124 147 150 156 166 196 218 233 243 ]
201: [ 39 40 49 62 92 94 101 135 149 151 163 176 179 227 ]
202: [ 8 12 15 17 25 76 90 94 97 132 203 215 222 230 241 246 247 ]
203: [ 4 43 47 70 82 136 150 182 186 202 230 ]
204: [ 76 96 103 118 125 136 146 147 165 ]
205: [ 24 31 58 60 79 96 103 108 122 166 171 177 212 ]
206: [ 8 55 101 105 115 147 162 164 240 ]
207: [ 24 33 39 45 116 128 129 138 158 160 162 248 ]
208: [ 45 47 72 87 94 97 99 109 112 148 150 171 183 195 212 224 237 ]
209: [ 3 46 51 52 62 88 90 172 231 ]
210: [ 8 12 28 30 34 35 36 40 50 73 81 93 110 129 145 153 159 163 165 227 ]
211: [ 67 96 121 169 219 222 ]
212: [ 11 35 47 107 132 138 150 154 167 205 208 233 244 250 ]
213: [ 5 73 91 101 112 117 121 123 145 177 184 186 217 222 240 ]
214: [ 19 42 59 68 100 123 137 157 186 221 235 237 240 ]
215: [ 4 13 14 16 39 62 75 78 80 104 114 125 127 134 136 172 192 202 222 226 ]
216: [ 26 44 56 71 116 122 144 153 156 163 185 191 219 224 ]
217: [ 62 89 109 121 125 127 130 141 165 166 174 175 213 227 247 ]
218: [ 11 43 50 52 56 63 71 106 131 135 137 143 158 164 177 181 183 187 189 196 200 223 233 ]
219: [ 49 83 126 128 136 141 162 211 216 ]
220: [ 32 33 36 42 48 71 81 85 88 123 133 148 179 190 194 198 199 228 232 234 239 244 ]
221: [ 16 34 56 59 64 106 128 170 188 194 214 235 ]
222: [ 30 62 70 88 129 137 147 157 159 165 171 178 186 198 202 211 213 215 234 241 243 ]
223: [ 9 11 17 36 50 59 86 87 91 106 135 142 168 173 178 218 245 247 ]
224: [ 12 15 16 57 59 67 70 79 105 114 130 131 148 154 166 193 196 208 216 234 242 ]
225: [ 2 9 52 58 68 81 82 90 116 127 136 141 144 167 189 192 237 242 ]
226: [ 28 32 51 63 71 80 94 118 130 132 133 162 183 187 215 233 ]
227: [ 9 20 42 50 51 80 83 100 116 122 130 143 166 167 173 180 181 185 191 201 210 217 243 ]
228: [ 8 20 30 75 107 108 117 122 132 152 158 160 161 178 192 197 220 229 231 ]
229: [ 6 15 25 34 52 53 59 64 78 89 116 118 121 137 155 164 171 228 236 ]
230: [ 20 30 62 76 82 89 95 98 112 117 135 146 170 188 191 198 202 203 237 244 ]
231: [ 18 37 54 63 72 167 174 189 209 228 244 ]
232: [ 3 36 88 117 118 124 132 136 158 172 181 183 184 220 237 247 ]
233: [ 6 44 54 82 83 86 102 103 110 136 137 153 162 199 200 212 218 226 ]
234: [ 24 42 77 108 122 169 183 220 222 224 ]
235: [ 30 31 32 35 38 43 47 51 54 55 61 128 142 179 184 186 197 214 221 ]
236: [ 6 28 38 60 67 96 105 112 121 123 141 146 158 167 229 246 249 ]
237: [ 52 90 98 104 179 184 187 208 214 225 230 232 ]
238: [ 55 91 116 128 132 150 178 193 ]
239: [ 26 37 42 71 108 125 130 131 175 182 220 ]
240: [ 23 24 47 61 62 67 91 112 138 142 150 154 157 161 206 213 214 248 ]
241: [ 12 20 48 65 105 124 135 144 168 178 188 202 222 249 ]
242: [ 13 22 32 39 42 54 80 82 105 115 123 128 141 162 175 181 224 225 ]
243: [ 20 44 46 49 55 61 102 103 110 125 130 138 169 170 184 188 190 200 222 227 ]
244: [ 3 6 12 24 52 100 107 131 132 140 152 153 157 174 176 212 220 230 231 ]
245: [ 21 33 36 51 58 74 86 96 125 162 223 ]
246: [ 48 74 80 84 95 126 132 146 192 198 202 236 ]
247: [ 1 31 34 39 90 108 168 170 176 177 202 217 223 232 248 ]
248: [ 11 16 23 44 57 78 79 84 91 112 136 149 171 184 207 240 247 ]
249: [ 1 26 32 50 78 98 109 124 135 175 177 192 193 236 241 ]
250: [ 21 36 39 40 51 69 76 77 92 103 105 119 122 125 136 141 156 166 179 188 192 199 212 ]
