1: [ 31 43 66 92 95 98 164 167 209 ]
2: [ 12 14 16 25 26 47 50 64 75 99 106 123 151 154 156 196 199 200 209 216 228 244 249 ]
3: [ 7 16 33 35 46 98 114 125 130 147 161 171 172 174 177 183 221 ]
4: [ 33 51 68 75 96 141 146 152 171 204 221 233 ]
5: [ 28 51 97 110 117 167 215 232 249 ]
6: [ 8 46 72 83 92 100 147 172 176 179 183 201 208 232 240 ]
7: [ 3 32 65 68 150 159 176 183 206 207 212 213 ]
8: [ 6 12 ]
9: [ 10 51 57 89 90 94 108 172 179 199 213 241 ]
10: [ 9 79 112 130 146 170 174 183 196 197 208 219 ]
11: [ 14 21 38 58 82 151 185 214 222 ]
12: [ 2 8 18 33 47 49 56 60 90 95 96 97 103 112 131 159 167 176 181 188 201 219 223 228 242 ]
13: [ 21 32 83 86 97 100 105 151 177 186 210 229 ]
14: [ 2 11 30 32 38 57 58 63 87 96 111 125 160 171 188 190 194 245 ]
15: [ 16 45 47 76 86 88 91 100 102 112 126 132 158 161 163 172 184 188 193 213 214 233 241 ]
16: [ 2 3 15 25 30 34 40 42 83 96 105 139 145 148 150 170 208 211 221 232 243 ]
17: [ 40 63 80 90 91 100 137 174 197 208 213 232 ]
18: [ 12 31 40 42 67 86 92 108 123 140 142 145 147 153 154 166 167 185 186 ]
19: [ 30 33 38 49 56 70 73 76 91 102 117 133 134 137 178 184 195 215 216 229 231 ]
20: [ 25 27 32 64 78 96 102 110 125 126 133 138 146 155 166 179 189 207 219 227 248 ]
21: [ 11 13 25 46 55 70 86 95 123 127 132 161 179 186 198 219 221 231 234 241 ]
22: [ 29 31 67 68 122 126 144 147 148 149 177 183 189 190 223 231 244 ]
23: [ 78 81 101 106 140 151 168 184 226 235 ]
24: [ 36 50 80 83 91 95 107 125 142 158 174 193 199 203 206 218 220 236 240 ]
25: [ 2 16 20 21 29 51 68 75 84 89 161 165 189 209 226 239 240 245 ]
26: [ 2 40 52 61 93 95 96 108 120 121 125 131 137 140 153 167 173 179 183 188 190 219 224 247 ]
27: [ 20 29 38 60 63 69 100 157 189 203 217 219 231 ]
28: [ 5 30 55 85 101 104 113 127 134 137 139 148 155 168 184 207 225 234 246 250 ]
29: [ 22 25 27 32 37 43 46 59 70 81 91 93 105 118 136 137 140 155 170 173 178 188 207 216 245 ]
30: [ 14 16 19 28 53 62 65 69 75 89 102 106 109 128 145 169 218 ]
31: [ 1 18 22 38 81 85 100 182 244 ]
32: [ 7 13 14 20 29 46 52 78 98 101 111 118 176 187 191 200 212 213 221 231 232 ]
33: [ 3 4 12 19 46 52 59 62 75 84 91 106 107 110 118 129 134 135 147 158 165 208 222 224 246 250 ]
34: [ 16 38 76 91 98 123 129 137 164 187 188 207 209 224 ]
35: [ 3 44 49 62 79 83 89 149 155 161 178 198 216 225 ]
36: [ 24 37 45 105 106 113 118 122 130 144 150 153 159 182 188 199 201 205 206 215 230 242 ]
37: [ 29 36 65 70 83 164 197 242 247 ]
38: [ 11 14 19 27 31 34 56 57 62 65 95 101 127 131 132 161 174 187 209 235 247 ]
39: [ 48 61 133 136 208 232 ]
40: [ 16 17 18 26 64 75 87 89 106 112 122 125 136 143 151 174 237 238 ]
41: [ 42 149 172 183 203 208 231 ]
42: [ 16 18 41 56 88 90 99 100 108 115 152 160 179 185 212 224 235 243 ]
43: [ 1 29 53 62 95 114 137 144 198 ]
44: [ 35 48 99 109 136 155 157 189 191 199 ]
45: [ 15 36 53 96 172 182 198 201 224 ]
46: [ 3 6 21 29 32 33 73 87 106 114 130 151 163 171 198 218 238 ]
47: [ 2 12 15 78 80 96 117 130 134 140 161 182 188 203 204 215 238 244 ]
48: [ 39 44 62 111 154 179 234 ]
49: [ 12 19 35 52 57 103 123 124 132 141 177 178 179 183 198 211 219 220 237 244 245 ]
50: [ 2 24 98 103 109 126 133 171 180 207 241 243 ]
51: [ 4 5 9 25 68 78 80 95 123 134 140 142 188 200 223 241 ]
52: [ 26 32 33 49 68 74 85 87 89 119 123 173 178 198 212 219 225 245 ]
53: [ 30 43 45 56 79 124 169 193 202 222 237 ]
54: [ 63 70 97 109 131 141 170 184 194 223 ]
55: [ 21 28 58 73 82 88 91 106 108 130 135 137 142 149 152 221 224 241 243 245 249 ]
56: [ 12 19 38 42 53 65 97 107 123 131 174 178 227 232 240 ]
57: [ 9 14 38 49 58 65 116 221 249 ]
58: [ 11 14 55 57 86 99 116 133 159 172 177 180 204 210 248 ]
59: [ 29 33 81 97 104 110 112 153 208 243 247 ]
60: [ 12 27 65 72 76 77 89 93 95 106 121 165 188 195 197 211 218 220 221 246 ]
61: [ 26 39 87 88 153 154 155 182 188 230 ]
62: [ 30 33 35 38 43 48 69 70 91 97 116 152 160 171 188 198 200 ]
63: [ 14 17 27 54 74 83 94 104 122 138 139 150 159 167 187 192 230 240 242 ]
64: [ 2 20 40 69 101 157 180 191 196 242 249 ]
65: [ 7 30 37 38 56 57 60 81 90 91 93 95 98 109 116 133 190 195 198 202 204 ]
66: [ 1 69 78 141 147 220 ]
67: [ 18 22 107 113 124 129 136 148 159 170 237 ]
68: [ 4 7 22 25 51 52 84 99 100 116 125 130 152 157 159 178 201 204 222 224 230 250 ]
69: [ 27 30 62 64 66 84 95 96 97 108 111 121 122 140 142 158 162 192 200 214 220 223 230 238 242 247 ]
70: [ 19 21 29 37 54 62 80 98 110 115 152 170 180 182 187 192 198 217 224 239 242 ]
71: [ 97 152 160 163 164 243 244 ]
72: [ 6 60 161 200 211 ]
73: [ 19 46 55 96 148 150 158 161 214 218 ]
74: [ 52 63 121 133 151 177 198 209 220 236 246 ]
75: [ 2 4 25 30 33 40 119 126 127 132 144 154 156 172 204 205 209 249 ]
76: [ 15 19 34 60 77 84 89 97 98 117 122 124 125 141 176 182 184 188 193 199 200 232 239 ]
77: [ 60 76 132 153 157 172 192 200 249 ]
78: [ 20 23 32 47 51 66 97 98 114 120 139 173 194 197 213 241 243 ]
79: [ 10 35 53 86 95 116 139 149 172 180 193 196 ]
80: [ 17 24 47 51 70 109 172 194 ]
81: [ 23 29 31 59 65 108 109 114 120 127 141 146 157 170 189 215 233 ]
82: [ 11 55 161 182 190 198 207 215 237 245 ]
83: [ 6 13 16 24 35 37 63 128 130 137 140 173 204 233 ]
84: [ 25 33 68 69 76 95 111 112 114 129 196 213 238 246 ]
85: [ 28 31 52 87 116 136 138 193 211 224 ]
86: [ 13 15 18 21 58 79 107 117 132 133 147 152 158 209 211 213 234 235 ]
87: [ 14 40 46 52 61 85 90 99 127 128 140 146 150 155 162 174 178 194 200 222 224 235 ]
88: [ 15 42 55 61 109 120 123 132 133 153 164 175 193 207 208 245 ]
89: [ 9 25 30 35 40 52 60 76 94 122 124 146 176 182 211 215 216 221 236 ]
90: [ 9 12 17 42 65 87 96 124 147 153 157 188 194 246 247 ]
91: [ 15 17 19 24 29 33 34 55 62 65 110 116 162 167 180 234 243 ]
92: [ 1 6 18 134 151 163 182 197 212 240 ]
93: [ 26 29 60 65 95 104 164 182 196 201 221 230 233 ]
94: [ 9 63 89 112 165 178 193 233 ]
95: [ 1 12 21 24 26 38 43 51 60 65 69 79 84 93 120 130 134 160 170 185 214 222 236 ]
96: [ 4 12 14 16 20 26 45 47 69 73 90 115 124 152 165 211 212 222 ]
97: [ 5 12 13 54 56 59 62 69 71 76 78 100 102 103 107 110 112 136 174 212 220 227 231 239 ]
98: [ 1 3 32 34 50 65 70 76 78 153 163 197 202 211 228 231 ]
99: [ 2 42 44 58 68 87 101 123 148 151 152 157 161 220 250 ]
100: [ 6 13 15 17 27 31 42 68 97 102 114 115 143 145 146 150 158 174 180 182 186 187 194 200 204 209 233 ]
101: [ 23 28 32 38 64 99 112 127 144 165 177 194 195 233 241 ]
102: [ 15 19 20 30 97 100 113 117 135 154 178 201 211 213 225 226 232 ]
103: [ 12 49 50 97 133 150 157 199 240 242 ]
104: [ 28 59 63 93 110 132 154 162 166 172 188 201 209 210 232 238 250 ]
105: [ 13 16 29 36 123 129 147 174 179 185 187 206 214 231 ]
106: [ 2 23 30 33 36 40 46 55 60 150 180 193 209 212 ]
107: [ 24 33 56 67 86 97 116 124 135 160 161 187 195 199 223 226 234 ]
108: [ 9 18 26 42 55 69 81 122 132 160 161 178 217 221 225 226 232 236 238 ]
109: [ 30 44 50 54 65 80 81 88 126 127 130 144 153 202 208 241 ]
110: [ 5 20 33 59 70 91 97 104 128 132 150 168 169 170 177 185 194 246 ]
111: [ 14 32 48 69 84 173 198 213 237 243 ]
112: [ 10 12 15 40 59 84 94 97 101 115 124 142 147 152 192 215 216 250 ]
113: [ 28 36 67 102 117 127 133 138 168 204 ]
114: [ 3 43 46 78 81 84 100 149 161 179 186 189 204 209 217 219 224 241 242 ]
115: [ 42 70 96 100 112 118 133 138 161 178 183 211 231 242 249 ]
116: [ 57 58 62 65 68 79 85 91 107 121 126 165 194 222 226 239 ]
117: [ 5 19 47 76 86 102 113 149 164 186 193 241 ]
118: [ 29 32 33 36 115 124 157 173 187 219 221 245 ]
119: [ 52 75 151 164 185 189 216 221 ]
120: [ 26 78 81 88 95 134 164 215 217 222 236 ]
121: [ 26 60 69 74 116 196 223 242 245 ]
122: [ 22 36 40 63 69 76 89 108 136 147 148 150 159 160 174 186 187 190 192 214 222 226 232 240 ]
123: [ 2 18 21 34 49 51 52 56 88 99 105 135 139 192 193 205 213 216 221 234 241 244 247 ]
124: [ 49 53 67 76 89 90 96 107 112 118 140 149 180 197 204 207 221 232 ]
125: [ 3 14 20 24 26 40 68 76 179 209 230 234 ]
126: [ 15 20 22 50 75 109 116 194 197 238 ]
127: [ 21 28 38 75 81 87 101 109 113 134 163 164 189 199 204 236 ]
128: [ 30 83 87 110 195 198 203 204 230 ]
129: [ 33 34 67 84 105 135 136 140 143 197 231 233 238 ]
130: [ 3 10 36 46 47 55 68 83 95 109 131 159 163 167 182 186 203 212 216 220 221 233 ]
131: [ 12 26 38 54 56 130 159 160 176 178 221 231 238 ]
132: [ 15 21 38 49 75 77 86 88 104 108 110 139 140 150 174 181 182 184 189 192 196 212 215 ]
133: [ 19 20 39 50 58 65 74 86 88 103 113 115 143 186 196 212 231 239 ]
134: [ 19 28 33 47 51 92 95 120 127 162 176 183 205 207 241 248 ]
135: [ 33 55 102 107 123 129 137 ]
136: [ 29 39 40 44 67 85 97 122 129 153 183 189 194 201 210 223 230 244 ]
137: [ 17 19 26 28 29 34 43 55 83 135 154 164 183 188 211 232 ]
138: [ 20 63 85 113 115 146 149 163 199 233 ]
139: [ 16 28 63 78 79 123 132 141 151 158 179 229 ]
140: [ 18 23 26 29 47 51 69 83 87 124 129 132 148 158 167 180 188 194 197 202 220 226 227 246 ]
141: [ 4 49 54 66 76 81 139 153 163 164 179 182 186 187 207 214 232 233 237 ]
142: [ 18 24 51 55 69 112 148 149 164 165 167 170 174 189 190 199 232 ]
143: [ 40 100 129 133 150 155 177 207 ]
144: [ 22 36 43 75 101 109 219 236 249 ]
145: [ 16 18 30 100 170 219 225 244 ]
146: [ 4 10 20 81 87 89 100 138 153 175 184 202 246 ]
147: [ 3 6 18 22 33 66 86 90 105 112 122 149 150 157 167 178 189 195 203 223 230 ]
148: [ 16 22 28 67 73 99 122 140 142 163 167 195 201 210 213 233 234 238 240 245 250 ]
149: [ 22 35 41 55 79 114 117 124 138 142 147 153 155 160 161 171 174 182 190 218 233 250 ]
150: [ 7 16 36 63 73 87 100 103 106 110 122 132 143 147 200 201 202 244 ]
151: [ 2 11 13 23 40 46 74 92 99 119 139 157 174 178 183 206 241 245 ]
152: [ 4 42 55 62 68 70 71 86 96 99 112 166 198 219 237 ]
153: [ 18 26 36 59 61 77 88 90 98 109 136 141 146 149 176 220 225 229 234 237 238 ]
154: [ 2 18 48 61 75 102 104 137 161 169 174 192 196 198 215 226 228 230 233 241 ]
155: [ 20 28 29 35 44 61 87 143 149 166 186 189 199 211 223 224 232 245 247 ]
156: [ 2 75 158 180 191 210 ]
157: [ 27 44 64 68 77 81 90 99 103 118 147 151 167 170 175 177 187 211 219 227 233 247 ]
158: [ 15 24 33 69 73 86 100 139 140 156 184 194 199 220 222 228 235 241 ]
159: [ 7 12 36 58 63 67 68 122 130 131 177 182 188 230 239 250 ]
160: [ 14 42 62 71 95 107 108 122 131 149 168 190 207 220 222 246 248 ]
161: [ 3 15 21 25 35 38 47 72 73 82 99 107 108 114 115 149 154 190 191 221 245 ]
162: [ 69 87 91 104 134 165 208 228 238 ]
163: [ 15 46 71 92 98 127 130 138 141 148 168 194 201 231 243 245 ]
164: [ 1 34 37 71 88 93 117 119 120 127 137 141 142 180 193 200 204 208 213 223 233 ]
165: [ 25 33 60 94 96 101 116 142 162 171 176 184 207 217 218 225 248 ]
166: [ 18 20 104 152 155 186 200 234 248 ]
167: [ 1 5 12 18 26 63 91 130 140 142 147 148 157 172 187 188 190 204 ]
168: [ 23 28 110 113 160 163 181 182 205 245 ]
169: [ 30 53 110 154 170 188 229 ]
170: [ 10 16 29 54 67 70 81 95 110 142 145 157 169 202 205 219 229 240 247 ]
171: [ 3 4 14 46 50 62 149 165 197 207 223 237 246 247 ]
172: [ 3 6 9 15 41 45 58 75 77 79 80 104 167 184 191 ]
173: [ 26 29 52 78 83 111 118 185 186 187 190 193 218 223 248 ]
174: [ 3 10 17 24 38 40 56 87 97 100 105 122 132 142 149 151 154 178 184 199 208 217 232 241 246 ]
175: [ 88 146 157 221 ]
176: [ 6 7 12 32 76 89 131 134 153 165 200 209 214 235 ]
177: [ 3 13 22 49 58 74 101 110 143 157 159 183 186 239 ]
178: [ 19 29 35 49 52 56 68 87 94 102 108 115 131 147 151 174 182 193 194 210 226 235 249 ]
179: [ 6 9 20 21 26 42 48 49 105 114 125 139 141 208 214 222 ]
180: [ 50 58 64 70 79 91 100 106 124 140 156 164 188 200 207 214 233 241 ]
181: [ 12 132 168 201 204 208 230 244 ]
182: [ 31 36 45 47 61 70 76 82 89 92 93 100 130 132 141 149 159 168 178 242 243 248 ]
183: [ 3 6 7 10 22 26 41 49 115 134 136 137 151 177 184 191 225 228 235 239 ]
184: [ 15 19 23 28 54 76 132 146 158 165 172 174 183 188 198 199 228 ]
185: [ 11 18 42 95 105 110 119 173 199 208 211 ]
186: [ 13 18 21 100 114 117 122 130 133 141 155 166 173 177 187 192 201 210 211 220 235 238 239 240 ]
187: [ 32 34 38 63 70 100 105 107 118 122 141 157 167 173 186 194 198 201 212 220 239 240 ]
188: [ 12 14 15 26 29 34 36 47 51 60 61 62 76 90 104 137 140 159 167 169 180 184 214 243 246 ]
189: [ 20 22 25 27 44 81 114 119 127 132 136 142 147 155 190 196 215 227 237 248 ]
190: [ 14 22 26 65 82 122 142 149 160 161 167 173 189 197 204 ]
191: [ 32 44 64 156 161 172 183 199 209 249 ]
192: [ 63 69 70 77 112 122 123 132 154 186 ]
193: [ 15 24 53 76 79 85 88 94 106 117 123 164 173 178 204 211 235 ]
194: [ 14 54 78 80 87 90 100 101 110 116 126 136 140 158 163 178 187 228 232 240 ]
195: [ 19 60 65 101 107 128 147 148 200 216 240 ]
196: [ 2 10 64 79 84 93 121 132 133 154 189 228 242 ]
197: [ 10 17 37 60 78 92 98 124 126 129 140 171 190 201 229 232 ]
198: [ 21 35 43 45 46 49 52 62 65 70 74 82 111 128 152 154 184 187 209 242 ]
199: [ 2 9 24 36 44 76 103 107 127 138 142 155 158 174 184 185 191 201 208 210 218 219 221 ]
200: [ 2 32 51 62 69 72 76 77 87 100 150 164 166 176 180 195 230 ]
201: [ 6 12 36 45 68 93 102 104 136 148 150 163 181 186 187 197 199 ]
202: [ 53 65 98 109 140 146 150 170 223 237 ]
203: [ 24 27 41 47 128 130 147 206 214 222 224 235 ]
204: [ 4 47 58 65 68 75 83 100 113 114 124 127 128 164 167 181 190 193 208 241 250 ]
205: [ 36 75 123 134 168 170 231 232 ]
206: [ 7 24 36 105 151 203 235 ]
207: [ 7 20 28 29 34 50 82 88 124 134 141 143 160 165 171 180 227 228 235 ]
208: [ 6 10 16 17 33 39 41 59 88 109 162 164 174 179 181 185 199 204 217 230 236 237 243 ]
209: [ 1 2 25 34 38 74 75 86 100 104 106 114 125 176 191 198 223 240 ]
210: [ 13 58 104 136 148 156 178 186 199 248 ]
211: [ 16 49 60 72 85 86 89 96 98 102 115 137 155 157 185 186 193 247 ]
212: [ 7 32 42 52 92 96 97 106 130 132 133 187 223 239 240 ]
213: [ 7 9 15 17 32 78 84 86 102 111 123 148 164 217 236 248 ]
214: [ 11 15 69 73 95 105 122 141 176 179 180 188 203 236 243 246 ]
215: [ 5 19 36 47 81 82 89 112 120 132 154 189 239 245 ]
216: [ 2 19 29 35 89 112 119 123 130 195 217 229 235 ]
217: [ 27 70 108 114 120 165 174 208 213 216 241 ]
218: [ 24 30 46 60 73 149 165 173 199 233 ]
219: [ 10 12 20 21 26 27 49 52 114 118 144 145 152 157 170 199 249 ]
220: [ 24 49 60 66 69 74 97 99 130 140 153 158 160 186 187 222 ]
221: [ 3 4 16 21 32 55 57 60 89 93 108 118 119 123 124 130 131 161 175 199 241 246 ]
222: [ 11 33 53 68 87 95 96 116 120 122 158 160 179 203 220 223 227 228 ]
223: [ 12 22 51 54 69 107 121 136 147 155 164 171 173 202 209 212 222 232 248 ]
224: [ 26 33 34 42 45 55 68 70 85 87 114 155 203 232 235 ]
225: [ 28 35 52 102 108 145 153 165 183 241 245 ]
226: [ 23 25 102 107 108 116 122 140 154 178 250 ]
227: [ 20 56 97 140 157 189 207 222 239 ]
228: [ 2 12 98 154 158 162 183 184 194 196 207 222 245 ]
229: [ 13 19 139 153 169 170 197 216 231 234 237 239 ]
230: [ 36 61 63 68 69 93 125 128 136 147 154 159 181 200 208 238 ]
231: [ 19 21 22 27 32 41 97 98 105 115 129 131 133 163 205 229 240 ]
232: [ 5 6 16 17 32 39 56 76 102 104 108 122 124 137 141 142 155 174 194 197 205 223 224 233 250 ]
233: [ 4 15 81 83 93 94 100 101 129 130 138 141 148 149 154 157 164 180 218 232 235 237 247 249 ]
234: [ 21 28 48 86 91 107 123 125 148 153 166 229 237 ]
235: [ 23 38 42 86 87 158 176 178 183 186 193 203 206 207 216 224 233 237 238 239 ]
236: [ 24 74 89 95 108 120 127 144 208 213 214 241 ]
237: [ 40 49 53 67 82 111 141 152 153 171 189 202 208 229 233 234 235 246 250 ]
238: [ 40 46 47 69 84 104 108 126 129 131 148 153 162 186 230 235 ]
239: [ 25 70 76 97 116 133 159 177 183 186 187 212 215 227 229 235 ]
240: [ 6 24 25 56 63 92 103 122 148 170 186 187 194 195 209 212 231 ]
241: [ 9 15 21 50 51 55 78 101 109 114 117 123 134 151 154 158 174 180 204 217 221 225 236 ]
242: [ 12 36 37 63 64 69 70 103 114 115 121 182 196 198 ]
243: [ 16 42 50 55 59 71 78 91 111 163 182 188 208 214 247 249 ]
244: [ 2 22 31 47 49 71 123 136 145 150 181 249 ]
245: [ 14 25 29 49 52 55 82 88 118 121 148 151 155 161 163 168 215 225 228 ]
246: [ 28 33 60 74 84 90 110 140 146 160 171 174 188 214 221 237 ]
247: [ 26 37 38 59 69 90 123 155 157 170 171 211 233 243 249 ]
248: [ 20 58 134 160 165 166 173 182 189 210 213 223 ]
249: [ 2 5 55 57 64 75 77 115 144 178 191 219 233 243 244 247 250 ]
250: [ 28 33 68 99 104 112 148 149 159 204 226 232 237 249 ]
