1: [ 16 21 36 78 106 123 130 138 143 144 150 168 199 236 239 ]
2: [ 24 27 35 37 77 94 125 163 235 ]
3: [ 6 10 33 60 62 66 75 85 116 119 215 ]
4: [ 11 39 45 47 99 106 110 114 116 147 172 182 187 189 211 223 247 248 ]
5: [ 12 19 56 57 87 92 147 158 170 232 244 248 ]
6: [ 3 8 20 50 57 81 114 123 149 153 164 168 183 194 195 204 228 233 250 ]
7: [ 46 86 124 165 179 220 ]
8: [ 6 12 24 25 27 52 57 64 85 90 95 118 131 141 162 168 188 191 201 206 212 213 227 250 ]
9: [ 14 18 29 31 85 93 124 132 134 163 181 187 235 ]
10: [ 3 22 38 44 52 55 56 78 105 108 114 125 171 201 206 236 245 ]
11: [ 4 49 62 65 67 90 100 122 128 140 142 147 173 186 ]
12: [ 5 8 22 44 47 54 58 82 85 93 119 120 127 192 208 228 241 ]
13: [ 14 19 42 43 45 73 87 93 116 168 171 178 202 215 241 ]
14: [ 9 13 15 19 37 40 56 57 58 111 121 130 138 149 156 167 169 197 205 220 227 243 ]
15: [ 14 59 60 65 83 113 114 115 130 151 155 175 177 195 208 210 213 237 241 ]
16: [ 1 29 38 58 75 130 180 201 226 228 244 ]
17: [ 19 26 51 76 89 90 93 98 104 116 146 154 170 173 177 180 214 226 238 245 ]
18: [ 9 27 33 40 69 73 82 87 91 92 106 128 134 143 163 177 184 237 240 245 ]
19: [ 5 13 14 17 21 23 55 99 126 137 151 161 189 201 245 249 ]
20: [ 6 43 46 67 87 93 134 178 213 215 220 ]
21: [ 1 19 68 108 ]
22: [ 10 12 29 35 58 65 90 117 129 150 185 188 196 208 214 230 ]
23: [ 19 25 50 51 54 66 72 90 97 108 110 132 135 152 153 165 190 197 199 202 204 211 215 217 244 245 ]
24: [ 2 8 90 93 102 115 124 152 163 178 245 ]
25: [ 8 23 63 68 71 77 82 87 106 116 139 148 149 150 152 158 166 171 181 185 206 226 241 ]
26: [ 17 27 33 45 62 73 104 122 128 137 151 190 202 211 217 220 226 227 ]
27: [ 2 8 18 26 33 66 69 74 92 108 112 137 140 151 165 167 209 215 244 ]
28: [ 43 77 93 97 102 106 113 133 140 165 180 183 186 204 209 224 227 230 ]
29: [ 9 16 22 46 74 101 122 137 160 161 174 226 227 242 ]
30: [ 92 193 217 218 241 ]
31: [ 9 104 141 143 161 162 171 181 199 215 ]
32: [ 36 50 94 104 112 118 137 181 194 198 221 230 243 ]
33: [ 3 18 26 27 38 136 141 159 163 179 181 213 214 248 ]
34: [ 43 104 112 167 184 194 213 247 ]
35: [ 2 22 44 86 116 222 226 237 ]
36: [ 1 32 48 90 95 97 103 106 124 166 189 208 220 226 247 250 ]
37: [ 2 14 51 53 55 67 69 73 94 116 159 160 172 178 194 210 231 ]
38: [ 10 16 33 42 60 70 75 77 78 81 164 204 211 217 245 246 ]
39: [ 4 60 94 128 134 184 201 211 219 ]
40: [ 14 18 62 68 76 108 123 128 133 193 195 216 249 ]
41: [ 86 102 108 109 139 145 165 173 206 207 219 223 226 231 ]
42: [ 13 38 149 232 241 ]
43: [ 13 20 28 34 69 76 85 145 159 163 166 174 181 182 186 211 218 246 ]
44: [ 10 12 35 48 113 114 189 224 227 235 ]
45: [ 4 13 26 60 111 135 147 163 165 186 191 220 231 ]
46: [ 7 20 29 173 191 202 208 212 219 222 227 245 ]
47: [ 4 12 52 130 182 201 224 238 ]
48: [ 36 44 51 89 108 125 143 147 161 181 185 192 198 207 246 ]
49: [ 11 57 62 83 84 97 104 110 114 138 173 220 232 ]
50: [ 6 23 32 70 83 120 124 164 177 ]
51: [ 17 23 37 48 120 219 241 ]
52: [ 8 10 47 66 74 77 119 184 197 231 244 249 ]
53: [ 37 56 59 61 124 125 155 160 166 174 190 222 232 ]
54: [ 12 23 57 64 76 77 89 101 105 128 133 139 149 161 162 165 179 183 189 190 193 194 201 213 225 ]
55: [ 10 19 37 67 75 79 134 141 146 155 159 162 181 193 195 204 219 240 ]
56: [ 5 10 14 53 64 72 73 80 84 93 97 120 129 145 152 155 188 221 229 ]
57: [ 5 6 8 14 49 54 58 80 93 94 122 125 141 147 152 157 167 188 214 224 250 ]
58: [ 12 14 16 22 57 66 71 84 129 137 138 162 169 176 183 184 216 219 225 226 246 249 ]
59: [ 15 53 71 125 135 144 151 170 183 196 232 250 ]
60: [ 3 15 38 39 45 88 111 150 153 176 ]
61: [ 53 75 85 97 121 130 198 204 214 ]
62: [ 3 11 26 40 49 86 100 113 134 147 166 204 224 241 247 ]
63: [ 25 76 81 94 115 121 143 164 167 173 181 194 198 204 216 231 234 247 ]
64: [ 8 54 56 80 143 162 165 166 177 183 191 192 216 218 ]
65: [ 11 15 22 110 118 145 153 158 160 165 168 206 211 231 ]
66: [ 3 23 27 52 58 138 150 157 170 171 185 211 232 240 ]
67: [ 11 20 37 55 78 98 127 128 137 154 198 207 235 ]
68: [ 21 25 40 75 82 110 127 134 136 143 157 181 194 198 205 228 ]
69: [ 18 27 37 43 94 140 160 174 197 202 ]
70: [ 38 50 85 89 92 132 213 220 234 247 ]
71: [ 25 58 59 79 80 124 132 149 168 169 198 219 232 ]
72: [ 23 56 87 102 104 128 183 187 199 221 ]
73: [ 13 18 26 37 56 77 108 117 123 134 138 179 188 228 249 ]
74: [ 27 29 52 153 207 220 ]
75: [ 3 16 38 55 61 68 77 107 112 118 124 132 147 150 181 189 190 201 202 216 222 230 ]
76: [ 17 40 43 54 63 92 124 134 168 184 202 212 217 232 ]
77: [ 2 25 28 38 52 54 73 75 115 118 166 207 215 ]
78: [ 1 10 38 67 89 92 108 129 138 140 164 175 177 182 184 221 241 246 ]
79: [ 55 71 88 90 97 113 163 241 ]
80: [ 56 57 64 71 94 121 152 166 198 ]
81: [ 6 38 63 87 140 163 178 221 240 ]
82: [ 12 18 25 68 147 173 204 218 ]
83: [ 15 49 50 103 109 118 153 185 186 194 201 ]
84: [ 49 56 58 93 129 132 161 180 181 185 197 198 210 214 229 241 245 ]
85: [ 3 8 9 12 43 61 70 129 132 138 175 196 200 237 240 ]
86: [ 7 35 41 62 92 141 207 245 ]
87: [ 5 13 18 20 25 72 81 106 125 130 138 156 185 205 226 234 237 241 ]
88: [ 60 79 109 115 140 169 175 177 184 187 235 246 ]
89: [ 17 48 54 70 78 111 117 146 178 183 198 214 247 ]
90: [ 8 11 17 22 23 24 36 79 132 152 156 165 167 179 190 191 192 212 216 218 222 ]
91: [ 18 110 121 132 136 148 168 189 197 216 232 244 249 ]
92: [ 5 18 27 30 70 76 78 86 106 113 115 142 148 164 204 205 245 246 250 ]
93: [ 9 12 13 17 20 24 28 56 57 84 111 112 125 146 156 183 184 188 218 232 ]
94: [ 2 32 37 39 57 63 69 80 95 140 141 150 185 186 189 210 215 243 249 ]
95: [ 8 36 94 139 140 151 197 216 ]
96: [ 150 199 214 218 248 ]
97: [ 23 28 36 49 56 61 79 136 137 140 147 175 181 191 197 208 224 226 233 241 ]
98: [ 17 67 161 176 235 246 ]
99: [ 4 19 151 171 177 187 198 213 242 ]
100: [ 11 62 154 170 184 195 207 208 217 221 ]
101: [ 29 54 129 142 177 184 189 226 232 247 ]
102: [ 24 28 41 72 114 145 171 176 207 ]
103: [ 36 83 162 164 194 201 207 214 245 ]
104: [ 17 26 31 32 34 49 72 106 111 113 127 139 144 168 191 197 226 ]
105: [ 10 54 112 139 143 144 147 153 154 159 160 164 185 192 197 209 234 241 ]
106: [ 1 4 18 25 28 36 87 92 104 108 113 124 176 201 220 ]
107: [ 75 139 166 192 204 244 ]
108: [ 10 21 23 27 40 41 48 73 78 106 143 144 147 165 178 183 184 194 213 221 229 245 247 ]
109: [ 41 83 88 153 182 188 189 207 227 244 248 ]
110: [ 4 23 49 65 68 91 111 202 207 209 214 233 238 ]
111: [ 14 45 60 89 93 104 110 112 113 121 127 140 158 182 184 185 198 210 221 238 ]
112: [ 27 32 34 75 93 105 111 165 189 245 ]
113: [ 15 28 44 62 79 92 104 106 111 115 127 137 144 146 159 193 ]
114: [ 4 6 10 15 44 49 102 126 131 137 192 213 221 ]
115: [ 15 24 63 77 88 92 113 122 137 140 147 155 165 221 227 229 233 244 ]
116: [ 3 4 13 17 25 35 37 127 132 164 195 209 222 240 245 ]
117: [ 22 73 89 130 199 207 218 244 ]
118: [ 8 32 65 75 77 83 123 138 156 191 218 219 220 235 ]
119: [ 3 12 52 191 202 230 ]
120: [ 12 50 51 56 140 150 ]
121: [ 14 61 63 80 91 111 124 125 178 187 188 201 204 223 224 ]
122: [ 11 26 29 57 115 154 189 195 212 218 240 ]
123: [ 1 6 40 73 118 128 148 152 173 196 210 238 239 246 ]
124: [ 7 9 24 36 50 53 71 75 76 106 121 139 142 146 175 177 183 189 192 207 232 246 ]
125: [ 2 10 48 53 57 59 87 93 121 132 139 147 200 219 226 ]
126: [ 19 114 178 225 239 240 ]
127: [ 12 67 68 104 111 113 116 150 190 199 216 246 247 ]
128: [ 11 18 26 39 40 54 67 72 123 130 141 149 150 176 192 210 229 247 ]
129: [ 22 56 58 78 84 85 101 148 171 232 ]
130: [ 1 14 15 16 47 61 87 117 128 133 149 163 197 201 202 ]
131: [ 8 114 204 205 224 237 ]
132: [ 9 23 70 71 75 84 85 90 91 116 125 139 155 162 171 173 176 186 197 216 240 246 ]
133: [ 28 40 54 130 150 159 160 163 203 219 ]
134: [ 9 18 20 39 55 62 68 73 76 148 149 162 175 177 190 221 241 ]
135: [ 23 45 59 178 194 198 240 ]
136: [ 33 68 91 97 170 177 181 183 201 215 249 ]
137: [ 19 26 27 29 32 58 67 97 113 114 115 153 176 189 221 247 ]
138: [ 1 14 49 58 66 73 78 85 87 118 171 202 247 ]
139: [ 25 41 54 95 104 105 107 124 125 132 153 159 161 163 166 173 174 188 212 224 236 246 ]
140: [ 11 27 28 69 78 81 88 94 95 97 111 115 120 150 154 157 166 181 198 216 244 250 ]
141: [ 8 31 33 55 57 86 94 128 142 175 182 191 204 216 221 236 242 ]
142: [ 11 92 101 124 141 183 228 230 ]
143: [ 1 18 31 48 63 64 68 105 108 147 150 151 182 198 201 214 222 ]
144: [ 1 59 104 105 108 113 152 185 187 188 197 205 211 227 238 ]
145: [ 41 43 56 65 102 191 216 242 ]
146: [ 17 55 89 93 113 124 188 201 ]
147: [ 4 5 11 45 48 57 62 75 82 97 105 108 115 125 143 151 183 201 207 210 226 240 ]
148: [ 25 91 92 123 129 134 149 171 ]
149: [ 6 14 25 42 54 71 128 130 134 148 211 227 248 ]
150: [ 1 22 25 60 66 75 94 96 120 127 128 133 140 143 159 163 187 192 195 197 229 ]
151: [ 15 19 26 27 59 95 99 143 147 153 155 184 191 210 214 224 229 238 ]
152: [ 23 24 25 56 57 80 90 123 144 159 186 194 227 249 ]
153: [ 6 23 60 65 74 83 105 109 137 139 151 155 164 176 178 185 206 207 217 235 237 ]
154: [ 17 67 100 105 122 140 164 180 188 202 212 216 224 247 ]
155: [ 15 53 55 56 115 132 151 153 226 241 ]
156: [ 14 87 90 93 118 206 ]
157: [ 57 66 68 140 162 182 189 199 242 ]
158: [ 5 25 65 111 159 167 179 182 237 ]
159: [ 33 37 43 55 105 113 133 139 150 152 158 160 185 187 189 193 197 204 205 212 228 ]
160: [ 29 37 53 65 69 105 133 159 196 201 204 206 213 228 240 ]
161: [ 19 29 31 48 54 84 98 139 191 197 204 238 ]
162: [ 8 31 54 55 58 64 103 132 134 157 195 204 235 239 247 ]
163: [ 2 9 18 24 33 43 45 79 81 130 133 139 150 195 204 208 209 212 213 215 249 ]
164: [ 6 38 50 63 78 92 103 105 116 153 154 177 193 219 226 227 234 248 ]
165: [ 7 23 27 28 41 45 54 64 65 90 108 112 115 172 207 215 231 234 249 ]
166: [ 25 36 43 53 62 64 77 80 107 139 140 170 182 185 188 197 237 ]
167: [ 14 27 34 57 63 90 158 171 187 189 226 240 ]
168: [ 1 6 8 13 65 71 76 91 104 187 216 233 ]
169: [ 14 58 71 88 191 209 213 ]
170: [ 5 17 59 66 100 136 166 177 190 198 207 214 228 242 ]
171: [ 10 13 25 31 66 99 102 129 132 138 148 167 177 188 216 239 241 ]
172: [ 4 37 165 189 198 ]
173: [ 11 17 41 46 49 63 82 123 132 139 174 198 ]
174: [ 29 43 53 69 139 173 177 183 221 ]
175: [ 15 78 85 88 97 124 134 141 199 204 ]
176: [ 58 60 98 102 106 128 132 137 153 207 208 215 220 237 ]
177: [ 15 17 18 50 64 78 88 99 101 124 134 136 164 170 171 174 204 211 240 ]
178: [ 13 20 24 37 81 89 108 121 126 135 153 183 188 212 213 234 ]
179: [ 7 33 54 73 90 158 182 213 ]
180: [ 16 17 28 84 154 207 221 241 ]
181: [ 9 25 31 32 33 43 48 55 63 68 75 84 97 136 140 187 210 215 218 ]
182: [ 4 43 47 78 109 111 141 143 157 158 166 179 198 211 ]
183: [ 6 28 54 58 59 64 72 89 93 108 124 136 142 147 174 178 195 202 212 215 219 225 244 ]
184: [ 18 34 39 52 58 76 78 88 93 100 101 108 111 151 189 245 249 ]
185: [ 22 25 48 66 83 84 87 94 105 111 144 153 159 166 188 189 196 208 232 246 249 ]
186: [ 11 28 43 45 83 94 132 152 187 220 225 227 230 238 ]
187: [ 4 9 72 88 99 121 144 150 159 167 168 181 186 211 212 221 225 226 ]
188: [ 8 22 56 57 73 93 109 121 139 144 146 154 166 171 178 185 190 221 226 242 249 ]
189: [ 4 19 36 44 54 75 91 94 101 109 112 122 124 137 157 159 167 172 184 185 195 205 215 221 ]
190: [ 23 26 53 54 75 90 127 134 170 188 193 235 ]
191: [ 8 45 46 64 90 97 104 118 119 141 145 151 161 169 197 239 242 ]
192: [ 12 48 64 90 105 107 114 124 128 150 196 200 233 ]
193: [ 30 40 54 55 113 159 164 190 219 242 ]
194: [ 6 32 34 37 54 63 68 83 103 108 135 152 199 201 204 208 214 238 ]
195: [ 6 15 40 55 100 116 122 150 162 163 183 189 199 202 205 239 ]
196: [ 22 59 85 123 160 185 192 240 ]
197: [ 14 23 52 69 84 91 95 97 104 105 130 132 144 150 159 161 166 191 200 206 216 218 226 227 249 ]
198: [ 32 48 61 63 67 68 71 80 84 89 99 111 135 140 143 170 172 173 182 219 227 232 ]
199: [ 1 23 31 72 96 117 127 157 175 194 195 200 206 207 215 223 249 ]
200: [ 85 125 192 197 199 216 241 ]
201: [ 8 10 16 19 39 47 54 75 83 103 106 121 130 136 143 146 147 160 194 ]
202: [ 13 23 26 46 69 75 76 110 119 130 138 154 183 195 204 210 235 250 ]
203: [ 133 ]
204: [ 6 23 28 38 55 61 62 63 82 92 107 121 131 141 159 160 161 162 163 175 177 194 202 214 222 250 ]
205: [ 14 68 87 92 131 144 159 189 195 218 223 245 248 ]
206: [ 8 10 25 41 65 153 156 160 197 199 209 229 239 242 245 248 ]
207: [ 41 48 67 74 77 86 100 102 103 109 110 117 124 147 153 165 170 176 180 199 209 233 ]
208: [ 12 15 22 36 46 97 100 163 176 185 194 240 ]
209: [ 27 28 105 110 116 163 169 206 207 ]
210: [ 15 37 84 94 111 123 128 147 151 181 202 229 ]
211: [ 4 23 26 38 39 43 65 66 144 149 177 182 187 ]
212: [ 8 46 76 90 122 139 154 159 163 178 183 187 214 ]
213: [ 8 15 20 33 34 54 70 99 108 114 160 163 169 178 179 220 227 239 ]
214: [ 17 22 33 57 61 84 89 96 103 110 143 151 170 194 204 212 216 228 250 ]
215: [ 3 13 20 23 27 31 77 94 136 163 165 176 181 183 189 199 216 219 239 ]
216: [ 40 58 63 64 75 90 91 95 127 132 140 141 145 154 168 171 197 200 214 215 ]
217: [ 23 26 30 38 76 100 153 232 238 ]
218: [ 30 43 64 82 90 93 96 117 118 122 181 197 205 224 235 ]
219: [ 39 41 46 51 55 58 71 118 125 133 164 183 193 198 215 228 234 ]
220: [ 7 14 20 26 36 45 49 70 74 106 118 176 186 213 ]
221: [ 32 56 72 78 81 100 108 111 114 115 134 137 141 174 180 187 188 189 227 243 244 ]
222: [ 35 46 53 75 90 116 143 204 249 ]
223: [ 4 41 121 199 205 245 ]
224: [ 28 44 47 57 62 97 121 131 139 151 154 218 241 ]
225: [ 54 58 126 183 186 187 242 244 ]
226: [ 16 17 25 26 29 35 36 41 58 87 97 101 104 125 147 155 164 167 187 188 197 245 ]
227: [ 8 14 26 28 29 44 46 109 115 144 149 152 164 186 197 198 213 221 232 238 ]
228: [ 6 12 16 68 73 142 159 160 170 214 219 241 ]
229: [ 56 84 108 115 128 150 151 206 210 232 ]
230: [ 22 28 32 75 119 142 186 ]
231: [ 37 41 45 52 63 65 165 ]
232: [ 5 42 49 53 59 66 71 76 91 93 101 124 129 185 198 217 227 229 239 245 ]
233: [ 6 97 110 115 168 192 207 238 ]
234: [ 63 70 87 105 164 165 178 219 ]
235: [ 2 9 44 67 88 98 118 153 162 190 202 218 244 249 ]
236: [ 1 10 139 141 ]
237: [ 15 18 35 85 87 131 153 158 166 176 242 244 ]
238: [ 17 47 110 111 123 144 151 161 186 194 217 227 233 ]
239: [ 1 123 126 162 171 191 195 206 213 215 232 250 ]
240: [ 18 55 66 81 85 116 122 126 132 135 147 160 167 177 196 208 ]
241: [ 12 13 15 25 30 42 51 62 78 79 84 87 97 105 134 155 171 180 200 224 228 ]
242: [ 29 99 141 145 157 170 188 191 193 206 225 237 244 246 ]
243: [ 14 32 94 221 ]
244: [ 5 16 23 27 52 91 107 109 115 117 140 183 221 225 235 237 242 249 ]
245: [ 10 17 18 19 23 24 38 46 84 86 92 103 108 112 116 184 205 206 223 226 232 250 ]
246: [ 38 43 48 58 78 88 92 98 123 124 127 132 139 185 242 ]
247: [ 4 34 36 62 63 70 89 101 108 127 128 137 138 154 162 250 ]
248: [ 4 5 33 96 109 149 164 205 206 ]
249: [ 19 40 52 58 73 91 94 136 152 163 165 184 185 188 197 199 222 235 244 ]
250: [ 6 8 36 57 59 92 140 202 204 214 239 245 247 ]
