1: [ 6 8 42 73 141 176 224 ]
2: [ 3 10 22 48 80 88 100 114 116 117 123 126 148 165 167 175 207 211 249 ]
3: [ 2 22 53 63 70 76 81 93 109 114 122 126 141 148 156 159 170 184 193 197 223 227 250 ]
4: [ 17 47 67 76 90 96 101 117 168 188 236 237 ]
5: [ 16 21 26 31 34 38 70 82 96 117 140 164 165 170 191 204 210 225 237 238 242 ]
6: [ 1 31 39 50 73 80 92 119 138 155 179 181 184 188 219 243 ]
7: [ 30 57 67 93 119 125 161 177 232 235 236 ]
8: [ 1 12 22 55 58 84 119 133 136 147 154 171 181 193 198 210 211 214 230 233 237 ]
9: [ 19 20 50 61 75 78 90 92 126 130 164 175 182 187 210 213 224 ]
10: [ 2 27 28 47 48 57 94 102 115 130 146 156 166 169 179 202 222 225 238 249 ]
11: [ 44 75 127 155 157 164 186 236 ]
12: [ 8 14 18 44 52 61 63 94 100 150 168 173 215 223 ]
13: [ 17 21 35 51 94 102 110 119 133 137 155 166 183 195 201 211 220 232 ]
14: [ 12 30 67 69 71 74 95 129 130 181 194 213 226 238 ]
15: [ 31 33 44 73 128 133 151 169 181 201 236 243 ]
16: [ 5 37 42 87 134 139 187 196 198 202 218 232 ]
17: [ 4 13 35 43 104 113 116 118 142 155 200 217 ]
18: [ 12 30 33 48 55 60 90 140 154 159 199 216 240 ]
19: [ 9 42 50 53 70 75 83 88 89 107 116 156 161 187 192 195 213 222 224 227 247 ]
20: [ 9 24 114 125 139 173 186 188 190 206 217 242 ]
21: [ 5 13 57 64 152 157 182 206 226 250 ]
22: [ 2 3 8 82 86 88 93 166 182 190 200 204 234 ]
23: [ 40 45 48 53 60 64 73 93 101 113 170 172 178 183 197 209 240 ]
24: [ 20 31 36 55 87 89 141 153 160 170 175 192 211 212 222 238 239 ]
25: [ 49 60 64 74 86 160 163 173 174 203 224 236 ]
26: [ 5 48 68 74 106 117 124 138 157 169 170 183 211 ]
27: [ 10 37 80 117 131 154 204 209 219 220 225 ]
28: [ 10 54 131 242 ]
29: [ 37 60 70 71 77 127 130 190 215 218 ]
30: [ 7 14 18 40 69 76 82 113 119 123 142 143 153 158 196 212 247 ]
31: [ 5 6 15 24 49 50 94 110 144 153 160 187 205 210 241 ]
32: [ 48 108 165 217 233 240 249 ]
33: [ 15 18 34 107 128 157 166 190 196 204 223 ]
34: [ 5 33 60 69 72 73 85 86 102 150 161 200 204 215 235 238 ]
35: [ 13 17 56 57 61 93 130 145 149 155 162 182 190 193 206 217 250 ]
36: [ 24 48 183 194 203 226 250 ]
37: [ 16 27 29 52 79 107 121 148 164 199 223 235 250 ]
38: [ 5 72 159 163 176 192 213 218 247 ]
39: [ 6 56 81 88 90 104 154 ]
40: [ 23 30 79 130 153 155 165 184 195 211 238 ]
41: [ 61 67 94 157 168 170 184 188 192 222 233 247 ]
42: [ 1 16 19 55 113 122 134 151 156 184 192 194 196 197 217 218 222 230 ]
43: [ 17 66 87 138 158 ]
44: [ 11 12 15 59 82 97 114 121 124 130 152 159 161 180 188 213 215 ]
45: [ 23 49 99 118 171 205 220 221 233 236 ]
46: [ 110 159 176 190 205 212 232 ]
47: [ 4 10 49 112 141 168 176 184 211 215 217 ]
48: [ 2 10 18 23 26 32 36 51 100 105 112 119 125 217 ]
49: [ 25 31 45 47 74 84 88 96 122 146 174 181 192 216 219 224 236 ]
50: [ 6 9 19 31 53 58 60 86 90 106 125 143 144 184 191 234 ]
51: [ 13 48 69 78 100 115 134 154 201 211 212 ]
52: [ 12 37 67 104 133 189 203 211 ]
53: [ 3 19 23 50 78 82 132 148 176 206 ]
54: [ 28 86 137 161 177 192 218 ]
55: [ 8 18 24 42 57 69 78 115 126 141 142 175 188 190 193 199 206 232 ]
56: [ 35 39 69 76 81 83 107 120 150 157 158 176 180 186 188 208 225 232 238 244 248 ]
57: [ 7 10 21 35 55 59 69 75 87 95 104 106 111 123 142 154 166 168 176 187 230 239 249 ]
58: [ 8 50 79 96 109 123 145 190 205 236 244 ]
59: [ 44 57 142 150 153 158 188 ]
60: [ 18 23 25 29 34 50 67 88 91 112 130 163 200 205 216 218 223 239 ]
61: [ 9 12 35 41 81 86 88 109 115 157 159 201 214 217 242 ]
62: [ 78 84 118 142 221 ]
63: [ 3 12 69 84 103 110 133 156 166 184 209 219 ]
64: [ 21 23 25 74 77 92 153 163 214 238 239 ]
65: [ 76 99 169 177 183 215 226 240 ]
66: [ 43 117 132 138 201 236 239 242 247 ]
67: [ 4 7 14 41 52 60 85 90 114 122 133 148 185 194 202 ]
68: [ 26 72 81 134 184 212 215 249 ]
69: [ 14 30 34 51 55 56 57 63 70 75 85 106 123 160 170 173 197 206 212 226 236 245 ]
70: [ 3 5 19 29 69 81 91 108 116 123 151 155 156 173 179 203 211 221 233 244 ]
71: [ 14 29 75 84 112 160 170 176 194 204 205 213 ]
72: [ 34 38 68 76 80 85 101 104 107 110 147 159 162 166 174 183 185 200 204 220 221 236 245 ]
73: [ 1 6 15 23 34 79 87 90 101 107 130 147 159 165 193 196 201 210 218 219 233 234 235 242 ]
74: [ 14 25 26 49 64 82 96 105 133 137 143 150 161 205 236 242 ]
75: [ 9 11 19 57 69 71 84 90 111 121 175 179 185 187 190 200 214 226 233 241 245 ]
76: [ 3 4 30 56 65 72 100 140 168 187 193 235 237 ]
77: [ 29 64 84 96 101 110 119 121 127 140 154 158 175 177 179 182 192 223 ]
78: [ 9 51 53 55 62 81 91 103 117 123 157 163 170 175 184 187 223 234 ]
79: [ 37 40 58 73 116 208 ]
80: [ 2 6 27 72 90 104 123 152 159 162 181 185 188 220 223 ]
81: [ 3 39 56 61 68 70 78 155 157 162 176 197 215 ]
82: [ 5 22 30 44 53 74 103 123 124 125 139 163 176 177 179 192 ]
83: [ 19 56 156 194 ]
84: [ 8 49 62 63 71 75 77 90 112 113 138 155 170 183 185 193 196 203 205 228 233 234 241 ]
85: [ 34 67 69 72 117 135 155 174 207 ]
86: [ 22 25 34 50 54 61 117 123 145 181 215 227 228 ]
87: [ 16 24 43 57 73 94 113 120 126 130 135 142 148 169 197 211 ]
88: [ 2 19 22 39 49 60 61 89 125 143 150 215 218 221 226 230 233 243 ]
89: [ 19 24 88 91 93 104 140 141 159 160 206 ]
90: [ 4 9 18 39 50 67 73 75 80 84 109 116 132 133 173 181 195 221 222 242 249 ]
91: [ 60 70 78 89 100 107 109 180 196 198 204 218 ]
92: [ 6 9 64 105 124 132 143 163 183 190 193 205 219 230 ]
93: [ 3 7 22 23 35 89 96 101 117 144 148 154 155 160 166 183 192 193 200 214 230 ]
94: [ 10 12 13 31 41 87 136 145 151 155 172 215 245 ]
95: [ 14 57 99 101 108 145 201 232 233 ]
96: [ 4 5 49 58 74 77 93 97 104 124 127 159 171 181 ]
97: [ 44 96 123 159 175 181 186 212 249 ]
98: [ 99 122 141 183 217 ]
99: [ 45 65 95 98 113 116 126 159 173 184 204 213 214 220 223 ]
100: [ 2 12 48 51 76 91 132 178 183 193 ]
101: [ 4 23 72 73 77 93 95 159 163 224 ]
102: [ 10 13 34 123 137 147 202 218 ]
103: [ 63 78 82 112 126 209 218 236 249 ]
104: [ 17 39 52 57 72 80 89 96 110 111 127 161 163 173 176 190 237 241 244 ]
105: [ 48 74 92 166 211 236 246 ]
106: [ 26 50 57 69 125 163 166 199 200 210 ]
107: [ 19 33 37 56 72 73 91 119 130 152 162 179 195 217 223 234 250 ]
108: [ 32 70 95 125 133 135 145 161 183 202 204 212 213 224 227 228 249 ]
109: [ 3 58 61 90 91 121 126 177 ]
110: [ 13 31 46 63 72 77 104 127 132 159 194 200 221 241 ]
111: [ 57 75 104 116 126 157 175 192 198 202 208 211 215 233 239 241 245 ]
112: [ 47 48 60 71 84 103 125 145 183 186 202 ]
113: [ 17 23 30 42 84 87 99 116 125 126 147 148 165 179 ]
114: [ 2 3 20 44 67 163 166 212 ]
115: [ 10 51 55 61 163 177 182 193 ]
116: [ 2 17 19 70 79 90 99 111 113 119 136 145 151 156 163 173 174 181 212 219 229 248 ]
117: [ 2 4 5 26 27 66 78 85 86 93 133 139 150 201 213 218 224 233 235 239 245 ]
118: [ 17 45 62 152 179 181 196 236 ]
119: [ 6 7 8 13 30 48 77 107 116 122 133 143 153 167 170 215 237 240 ]
120: [ 56 87 126 148 206 245 ]
121: [ 37 44 75 77 109 133 154 160 174 185 218 228 230 242 ]
122: [ 3 42 49 67 98 119 125 148 160 162 181 230 241 244 ]
123: [ 2 30 57 58 69 70 78 80 82 86 97 102 126 189 192 202 208 219 226 231 235 237 ]
124: [ 26 44 82 92 96 160 166 221 245 ]
125: [ 7 20 48 50 82 88 106 108 112 113 122 138 150 181 188 210 220 231 ]
126: [ 2 3 9 55 87 99 103 109 111 113 120 123 131 152 184 206 208 215 232 234 ]
127: [ 11 29 77 96 104 110 166 183 198 200 205 237 242 ]
128: [ 15 33 137 145 149 160 235 ]
129: [ 14 133 170 188 199 201 218 230 231 241 ]
130: [ 9 10 14 29 35 40 44 60 73 87 107 146 158 161 165 183 189 217 245 249 ]
131: [ 27 28 126 141 189 226 ]
132: [ 53 66 90 92 100 110 135 142 145 154 206 210 214 234 240 ]
133: [ 8 13 15 52 63 67 74 90 108 117 119 121 129 150 151 154 187 190 194 199 206 215 217 ]
134: [ 16 42 51 68 169 175 187 208 225 ]
135: [ 85 87 108 132 178 183 209 211 225 226 ]
136: [ 8 94 116 158 184 188 242 ]
137: [ 13 54 74 102 128 170 178 182 190 215 225 227 234 ]
138: [ 6 26 43 66 84 125 166 170 193 214 227 250 ]
139: [ 16 20 82 117 161 212 230 233 ]
140: [ 5 18 76 77 89 152 184 199 204 226 ]
141: [ 1 3 24 47 55 89 98 131 167 180 192 205 221 228 ]
142: [ 17 30 55 57 59 62 87 132 154 175 191 201 217 224 229 233 236 237 241 ]
143: [ 30 50 74 88 92 119 177 201 213 217 ]
144: [ 31 50 93 171 177 212 241 ]
145: [ 35 58 86 94 95 108 112 116 128 132 150 162 163 206 215 218 228 230 232 236 248 ]
146: [ 10 49 130 173 182 189 221 231 ]
147: [ 8 72 73 102 113 237 239 ]
148: [ 2 3 37 53 67 87 93 113 120 122 165 223 229 235 ]
149: [ 35 128 160 213 241 242 ]
150: [ 12 34 56 59 74 88 117 125 133 145 191 242 245 ]
151: [ 15 42 70 94 116 133 175 213 225 227 ]
152: [ 21 44 80 107 118 126 140 181 192 210 ]
153: [ 24 30 31 40 59 64 119 157 162 167 173 ]
154: [ 8 18 27 39 51 57 77 93 121 132 133 142 166 170 172 197 212 226 238 ]
155: [ 6 11 13 17 35 40 70 81 84 85 93 94 156 166 173 182 185 ]
156: [ 3 10 19 42 63 70 83 116 155 165 183 229 231 245 ]
157: [ 11 21 26 33 41 56 61 78 81 111 153 163 173 178 188 202 203 213 227 234 238 241 247 ]
158: [ 30 43 56 59 77 130 136 164 184 189 210 229 245 247 250 ]
159: [ 3 18 38 44 46 61 72 73 80 89 96 97 99 101 110 178 188 196 198 238 244 ]
160: [ 24 25 31 69 71 89 93 121 122 124 128 149 170 175 185 207 213 215 222 229 ]
161: [ 7 19 34 44 54 74 104 108 130 139 212 230 ]
162: [ 35 72 80 81 107 122 145 153 174 227 241 ]
163: [ 25 38 60 64 78 82 92 101 104 106 114 115 116 145 157 176 ]
164: [ 5 9 11 37 158 166 179 183 227 249 ]
165: [ 2 5 32 40 73 113 130 148 156 168 175 179 185 199 220 225 244 ]
166: [ 10 13 22 33 57 63 72 93 105 106 114 124 127 138 154 155 164 172 179 202 242 248 ]
167: [ 2 119 141 153 193 203 238 ]
168: [ 4 12 41 47 57 76 165 169 190 202 ]
169: [ 10 15 26 65 87 134 168 174 193 238 ]
170: [ 3 5 23 24 26 41 69 71 78 84 119 129 137 138 154 160 173 183 193 196 211 229 232 ]
171: [ 8 45 96 144 179 184 203 214 215 232 233 238 ]
172: [ 23 94 154 166 181 186 212 250 ]
173: [ 12 20 25 69 70 90 99 104 116 146 153 155 157 170 186 223 ]
174: [ 25 49 72 85 116 121 162 169 196 210 235 241 242 250 ]
175: [ 2 9 24 55 75 77 78 97 111 134 142 151 160 165 186 215 217 243 ]
176: [ 1 38 46 47 53 56 57 71 81 82 104 163 190 201 243 245 ]
177: [ 7 54 65 77 82 109 115 143 144 182 193 207 208 216 223 234 241 244 246 ]
178: [ 23 100 135 137 157 159 206 ]
179: [ 6 10 70 75 77 82 107 113 118 164 165 166 171 206 238 ]
180: [ 44 56 91 141 201 ]
181: [ 6 8 14 15 49 80 86 90 96 97 116 118 122 125 152 172 198 200 203 218 221 245 ]
182: [ 9 21 22 35 77 115 137 146 155 177 186 193 203 236 ]
183: [ 13 23 26 36 65 72 84 92 93 98 100 108 112 127 130 135 156 164 170 189 195 202 217 237 ]
184: [ 3 6 40 41 42 47 50 63 68 78 99 126 136 140 158 171 185 190 196 226 243 250 ]
185: [ 67 72 75 80 84 121 155 160 165 184 199 202 213 229 234 ]
186: [ 11 20 56 97 112 172 173 175 182 213 227 ]
187: [ 9 16 19 31 57 75 76 78 133 134 206 248 ]
188: [ 4 6 20 41 44 55 56 59 80 125 129 136 157 159 189 206 213 ]
189: [ 52 123 130 131 146 158 183 188 226 ]
190: [ 20 22 29 33 35 46 55 58 75 92 104 133 137 168 176 184 194 211 212 226 243 ]
191: [ 5 50 142 150 203 209 225 228 ]
192: [ 19 24 38 41 42 49 54 77 82 93 111 123 141 152 203 224 ]
193: [ 3 8 35 55 73 76 84 92 93 100 115 138 167 169 170 177 182 230 234 ]
194: [ 14 36 42 67 71 83 110 133 190 ]
195: [ 13 19 40 90 107 183 197 199 204 211 216 ]
196: [ 16 30 33 42 73 84 91 118 159 170 174 184 213 215 249 ]
197: [ 3 23 42 69 81 87 154 195 230 ]
198: [ 8 16 91 111 127 159 181 201 207 221 228 250 ]
199: [ 18 37 55 106 129 133 140 165 185 195 206 211 217 231 233 236 ]
200: [ 17 22 34 60 72 75 93 106 110 127 181 211 223 225 241 ]
201: [ 13 15 51 61 66 73 95 117 129 142 143 176 180 198 209 213 239 250 ]
202: [ 10 16 67 102 108 111 112 123 157 166 168 183 185 210 212 213 220 227 230 237 238 242 249 ]
203: [ 25 36 52 70 84 157 167 171 181 182 191 192 214 233 ]
204: [ 5 22 27 33 34 71 72 91 99 108 140 195 206 225 234 240 ]
205: [ 31 45 46 58 60 71 74 84 92 127 141 211 214 215 249 250 ]
206: [ 20 21 35 53 55 69 89 120 126 132 133 145 178 179 187 188 199 204 212 231 ]
207: [ 2 85 160 177 198 ]
208: [ 56 79 111 123 126 134 177 241 ]
209: [ 23 27 63 103 135 191 201 210 221 ]
210: [ 5 8 9 31 73 106 125 132 152 158 174 202 209 220 228 233 249 ]
211: [ 2 8 13 24 26 40 47 51 52 70 87 105 111 135 170 190 195 199 200 205 224 227 234 238 244 ]
212: [ 24 30 46 51 68 69 97 108 114 116 139 144 154 161 172 190 202 206 242 247 ]
213: [ 9 14 19 38 44 71 99 108 117 143 149 151 157 160 185 186 188 196 201 202 215 228 234 241 ]
214: [ 8 61 64 75 93 99 132 138 171 203 205 220 227 229 240 ]
215: [ 12 29 34 44 47 65 68 81 86 88 94 111 119 126 133 137 145 160 171 175 196 205 213 236 248 ]
216: [ 18 49 60 177 195 248 ]
217: [ 17 20 32 35 42 47 48 61 98 107 130 133 142 143 175 183 199 237 ]
218: [ 16 29 38 42 54 60 73 88 91 102 103 117 121 129 145 181 246 249 ]
219: [ 6 27 49 63 73 92 116 123 ]
220: [ 13 27 45 72 80 99 125 165 202 210 214 231 233 ]
221: [ 45 62 70 72 88 90 110 124 141 146 181 198 209 ]
222: [ 10 19 24 41 42 90 160 ]
223: [ 3 12 33 37 60 77 78 80 99 107 148 173 177 200 225 232 233 237 ]
224: [ 1 9 19 25 49 101 108 117 142 192 211 244 249 ]
225: [ 5 10 27 56 134 135 137 151 165 191 200 204 223 ]
226: [ 14 21 36 65 69 75 88 123 131 135 140 154 184 189 190 244 ]
227: [ 3 19 86 108 137 138 151 157 162 164 186 202 211 214 ]
228: [ 84 86 108 121 141 145 191 198 210 213 ]
229: [ 116 142 148 156 158 160 170 185 214 230 250 ]
230: [ 8 42 57 88 92 93 121 122 129 139 145 161 193 197 202 229 233 234 239 249 ]
231: [ 123 125 129 146 156 199 206 220 234 239 ]
232: [ 7 13 16 46 55 56 95 126 145 170 171 223 ]
233: [ 8 32 41 45 70 73 75 84 88 95 111 117 139 142 171 199 203 210 220 223 230 ]
234: [ 22 50 73 78 84 107 126 132 137 157 177 185 193 204 211 213 230 231 ]
235: [ 7 34 37 73 76 117 123 128 148 174 250 ]
236: [ 4 7 11 15 25 45 49 58 66 69 72 74 103 105 118 142 145 182 199 215 238 240 247 ]
237: [ 4 5 8 76 104 119 123 127 142 147 183 202 217 223 244 ]
238: [ 5 10 14 24 34 40 56 64 154 157 159 167 169 171 179 202 211 236 246 ]
239: [ 24 57 60 64 66 111 117 147 201 230 231 249 ]
240: [ 18 23 32 65 119 132 204 214 236 ]
241: [ 31 75 84 104 110 111 122 129 142 144 149 157 162 174 177 200 208 213 245 ]
242: [ 5 20 28 61 66 73 74 90 121 127 136 149 150 166 174 202 212 245 ]
243: [ 6 15 88 175 176 184 190 244 247 ]
244: [ 56 58 70 104 122 159 165 177 211 224 226 237 243 ]
245: [ 69 72 75 94 111 117 120 124 130 150 156 158 176 181 241 242 ]
246: [ 105 177 218 238 ]
247: [ 19 30 38 41 66 157 158 212 236 243 249 ]
248: [ 56 116 145 166 187 215 216 ]
249: [ 2 10 32 57 68 90 97 103 108 130 164 196 202 205 210 218 224 230 239 247 ]
250: [ 3 21 35 36 37 107 138 158 172 174 184 198 201 205 229 235 ]
