1: [ 11 38 45 49 53 92 124 126 164 221 242 ]
2: [ 8 14 28 56 57 78 112 159 192 195 212 238 240 243 ]
3: [ 60 73 81 82 88 102 133 144 165 168 183 186 217 234 238 ]
4: [ 16 17 18 19 23 36 81 88 89 145 150 171 172 183 223 234 236 249 ]
5: [ 11 49 55 69 71 175 213 250 ]
6: [ 20 41 48 53 81 109 127 134 142 151 173 219 227 ]
7: [ 11 29 44 56 65 71 75 97 118 119 130 149 152 159 176 188 195 216 248 ]
8: [ 2 19 27 32 34 36 58 61 74 80 88 134 138 194 205 233 235 238 246 ]
9: [ 49 87 108 150 176 194 207 215 225 226 228 231 ]
10: [ 75 81 84 109 110 158 170 181 185 235 ]
11: [ 1 5 7 39 51 52 55 64 72 87 119 140 146 153 160 227 232 ]
12: [ 22 44 53 103 145 151 154 165 176 177 223 232 ]
13: [ 69 106 110 120 147 182 193 195 202 210 227 233 ]
14: [ 2 23 36 58 66 107 108 125 137 217 240 245 ]
15: [ 17 19 27 44 72 73 89 114 140 156 161 187 211 238 ]
16: [ 4 75 124 143 160 176 198 208 209 217 ]
17: [ 4 15 51 84 107 112 154 181 201 212 221 240 ]
18: [ 4 35 68 69 104 107 109 128 177 202 227 234 ]
19: [ 4 8 15 21 30 64 133 143 176 200 215 226 ]
20: [ 6 21 31 83 122 129 159 181 211 215 220 ]
21: [ 19 20 34 47 57 67 71 81 88 95 97 127 164 174 184 190 200 244 ]
22: [ 12 26 28 36 42 47 57 86 143 173 197 205 ]
23: [ 4 14 35 37 44 130 148 165 217 218 229 234 247 ]
24: [ 25 37 79 122 128 159 173 249 ]
25: [ 24 27 36 61 113 119 124 171 181 216 226 242 ]
26: [ 22 61 68 107 111 112 143 183 209 215 234 ]
27: [ 8 15 25 35 54 96 121 164 166 170 235 ]
28: [ 2 22 42 60 68 77 95 101 157 211 220 245 ]
29: [ 7 49 71 76 89 96 108 126 150 168 190 192 193 204 215 246 ]
30: [ 19 36 107 190 192 235 238 ]
31: [ 20 36 45 53 57 78 79 83 92 101 111 117 157 164 165 218 242 ]
32: [ 8 58 76 84 102 103 228 250 ]
33: [ 38 47 87 96 98 103 120 159 162 165 207 242 ]
34: [ 8 21 53 65 104 120 127 131 171 ]
35: [ 18 23 27 54 69 89 96 109 132 142 159 168 181 192 200 235 240 ]
36: [ 4 8 14 22 25 30 31 107 109 130 153 181 189 202 212 223 224 237 ]
37: [ 23 24 57 62 64 82 93 103 120 131 155 ]
38: [ 1 33 43 65 75 80 95 98 114 115 136 175 194 208 211 215 227 231 232 ]
39: [ 11 74 87 114 153 182 197 207 219 230 231 ]
40: [ 48 84 93 142 157 171 206 213 214 ]
41: [ 6 73 90 104 108 122 170 177 186 191 201 214 223 248 ]
42: [ 22 28 46 52 53 59 65 88 90 95 99 128 150 151 155 182 218 226 231 250 ]
43: [ 38 66 87 100 168 177 185 219 ]
44: [ 7 12 15 23 58 62 88 124 132 143 145 181 189 223 237 241 ]
45: [ 1 31 61 97 108 143 148 161 174 245 ]
46: [ 42 48 118 122 140 142 174 ]
47: [ 21 22 33 58 61 63 86 103 120 146 159 169 211 ]
48: [ 6 40 46 66 78 88 89 101 115 123 146 162 166 167 176 219 220 225 237 244 ]
49: [ 1 5 9 29 77 89 90 100 176 183 ]
50: [ 146 174 195 197 ]
51: [ 11 17 60 61 78 110 112 128 142 144 146 156 168 183 185 208 216 219 220 ]
52: [ 11 42 60 82 84 100 111 112 119 130 143 154 163 173 175 182 189 204 213 240 ]
53: [ 1 6 12 31 34 42 60 61 67 126 133 145 157 175 183 188 228 239 ]
54: [ 27 35 57 62 84 101 102 126 152 182 202 208 212 226 233 234 245 ]
55: [ 5 11 69 131 174 241 ]
56: [ 2 7 75 83 238 ]
57: [ 2 21 22 31 37 54 70 84 91 100 109 111 113 134 139 147 157 159 166 187 216 223 ]
58: [ 8 14 32 44 47 73 124 127 139 146 210 226 ]
59: [ 42 99 103 104 107 153 154 178 224 228 245 ]
60: [ 3 28 51 52 53 93 97 234 238 245 248 ]
61: [ 8 25 26 45 47 51 53 64 76 105 116 119 129 130 166 169 170 173 179 202 231 ]
62: [ 37 44 54 79 82 83 97 99 100 136 159 ]
63: [ 47 67 88 89 93 106 108 133 135 138 144 147 159 161 168 180 201 203 228 ]
64: [ 11 19 37 61 70 78 82 90 91 101 150 208 217 244 ]
65: [ 7 34 38 42 67 98 100 102 118 122 126 143 144 148 153 174 180 183 194 212 244 ]
66: [ 14 43 48 111 114 119 120 136 137 173 207 232 234 240 ]
67: [ 21 53 63 65 138 157 174 191 209 246 ]
68: [ 18 26 28 102 133 141 176 192 199 201 232 ]
69: [ 5 13 18 35 55 82 94 112 130 133 152 155 157 199 ]
70: [ 57 64 71 88 101 157 165 183 224 236 238 ]
71: [ 5 7 21 29 70 78 86 94 95 103 126 188 191 193 204 222 230 239 ]
72: [ 11 15 86 98 109 112 113 119 165 174 181 189 197 206 226 ]
73: [ 3 15 41 58 79 105 127 147 169 181 189 192 203 219 221 245 ]
74: [ 8 39 129 156 165 ]
75: [ 7 10 16 38 56 116 118 122 139 162 171 214 ]
76: [ 29 32 61 104 107 134 137 164 174 190 194 ]
77: [ 28 49 89 102 104 114 142 243 ]
78: [ 2 31 48 51 64 71 116 124 165 170 173 195 203 242 244 ]
79: [ 24 31 62 73 86 88 92 106 117 164 173 176 182 199 212 219 227 236 ]
80: [ 8 38 86 91 94 96 125 128 147 148 173 191 193 207 239 240 244 ]
81: [ 3 4 6 10 21 97 109 129 137 140 152 181 197 200 205 210 213 215 236 ]
82: [ 3 37 52 62 64 69 83 97 119 157 177 182 189 194 205 223 229 246 ]
83: [ 20 31 56 62 82 86 90 116 118 123 130 131 169 186 196 201 207 215 235 248 ]
84: [ 10 17 32 40 52 54 57 121 139 141 208 219 ]
85: [ 102 107 119 121 125 139 157 158 165 166 204 209 226 ]
86: [ 22 47 71 72 79 80 83 87 105 126 136 145 149 165 171 174 194 202 229 249 ]
87: [ 9 11 33 39 43 86 119 130 133 152 238 ]
88: [ 3 4 8 21 42 44 48 63 70 79 90 119 157 201 206 213 219 221 222 ]
89: [ 4 15 29 35 48 49 63 77 106 109 142 145 196 209 211 216 235 237 240 ]
90: [ 41 42 49 64 83 88 123 124 128 129 130 158 198 209 220 ]
91: [ 57 64 80 129 133 145 149 162 169 181 191 195 206 221 226 229 249 ]
92: [ 1 31 79 107 109 128 165 208 219 220 ]
93: [ 37 40 60 63 98 104 124 125 157 165 176 194 204 250 ]
94: [ 69 71 80 153 154 169 220 230 250 ]
95: [ 21 28 38 42 71 116 192 205 206 ]
96: [ 27 29 33 35 80 106 180 199 223 226 245 247 ]
97: [ 7 21 45 60 62 81 82 100 125 130 137 144 148 178 183 206 208 220 224 250 ]
98: [ 33 38 65 72 93 120 159 180 184 205 ]
99: [ 42 59 62 173 174 192 199 213 ]
100: [ 43 49 52 57 62 65 97 109 149 150 153 155 159 173 214 ]
101: [ 28 31 48 54 64 70 114 119 123 165 167 173 191 213 232 247 ]
102: [ 3 32 54 65 68 77 85 103 111 134 144 151 161 167 187 189 199 205 208 219 ]
103: [ 12 32 33 37 47 59 71 102 128 129 130 140 144 161 185 188 195 196 215 224 228 238 ]
104: [ 18 34 41 59 76 77 93 106 152 177 208 240 247 ]
105: [ 61 73 86 156 229 ]
106: [ 13 63 79 89 96 104 110 122 128 139 161 166 190 193 215 223 228 230 236 243 ]
107: [ 14 17 18 26 30 36 59 76 85 92 119 131 139 178 194 211 239 247 ]
108: [ 9 14 29 41 45 63 140 164 222 244 ]
109: [ 6 10 18 35 36 57 72 81 89 92 100 111 128 133 137 143 145 192 196 226 228 236 249 ]
110: [ 10 13 51 106 120 122 152 157 173 178 180 183 ]
111: [ 26 31 52 57 66 102 109 112 122 165 168 170 181 183 191 198 204 220 ]
112: [ 2 17 26 51 52 69 72 111 114 120 124 136 143 154 164 166 168 176 192 219 223 245 246 249 ]
113: [ 25 57 72 142 149 152 153 155 157 167 174 175 192 194 223 237 245 ]
114: [ 15 38 39 66 77 101 112 145 156 175 185 193 213 215 226 244 ]
115: [ 38 48 124 136 146 208 232 ]
116: [ 61 75 78 83 95 145 150 153 162 249 ]
117: [ 31 79 158 ]
118: [ 7 46 65 75 83 119 126 133 152 201 226 230 232 245 ]
119: [ 7 11 25 52 61 66 72 82 85 87 88 101 107 118 130 145 161 165 197 208 249 ]
120: [ 13 33 34 37 47 66 98 110 112 124 126 131 171 181 186 191 212 235 247 ]
121: [ 27 84 85 122 151 152 165 250 ]
122: [ 20 24 41 46 65 75 106 110 111 121 163 ]
123: [ 48 83 90 101 134 145 149 162 214 229 230 ]
124: [ 1 16 25 44 58 78 90 93 112 115 120 144 147 170 178 183 190 196 197 235 246 ]
125: [ 14 80 85 93 97 130 133 142 164 166 167 237 243 ]
126: [ 1 29 53 54 65 71 86 118 120 127 130 146 168 181 193 201 212 216 217 234 243 246 ]
127: [ 6 21 34 58 73 126 133 138 184 198 220 222 230 235 ]
128: [ 18 24 42 51 80 90 92 103 106 109 134 143 154 183 195 215 226 ]
129: [ 20 61 74 81 90 91 103 134 136 157 167 169 190 245 ]
130: [ 7 23 36 52 61 69 83 87 90 97 103 119 125 126 138 139 168 176 183 187 193 194 197 198 223 227 246 ]
131: [ 34 37 55 83 107 120 168 176 ]
132: [ 35 44 ]
133: [ 3 19 53 63 68 69 87 91 109 118 125 127 152 169 171 176 177 193 230 242 ]
134: [ 6 8 57 76 102 123 128 129 188 190 202 203 208 232 ]
135: [ 63 154 182 205 ]
136: [ 38 62 66 86 112 115 129 170 213 ]
137: [ 14 66 76 81 97 109 142 212 216 ]
138: [ 8 63 67 127 130 140 141 162 165 167 168 171 174 177 196 201 207 221 225 228 229 ]
139: [ 57 58 75 84 85 106 107 130 148 157 162 163 171 223 225 226 240 ]
140: [ 11 15 46 81 103 108 138 146 163 176 195 197 207 244 ]
141: [ 68 84 138 161 174 176 177 178 201 206 229 ]
142: [ 6 35 40 46 51 77 89 113 125 137 166 167 173 182 186 190 204 208 209 217 ]
143: [ 16 19 22 26 44 45 52 65 109 112 128 147 155 191 193 202 204 217 226 228 230 235 250 ]
144: [ 3 51 63 65 97 102 103 124 157 197 229 248 ]
145: [ 4 12 44 53 86 89 91 109 114 116 119 123 147 162 166 169 179 183 202 204 221 228 245 249 ]
146: [ 11 47 48 50 51 58 115 126 140 181 198 201 206 223 226 227 229 243 ]
147: [ 13 57 63 73 80 124 143 145 174 189 194 241 242 ]
148: [ 23 45 65 80 97 139 153 172 186 240 ]
149: [ 7 86 91 100 113 123 161 177 179 181 183 193 217 ]
150: [ 4 9 29 42 64 100 116 169 214 ]
151: [ 6 12 42 102 121 155 205 212 214 215 220 230 233 241 250 ]
152: [ 7 54 69 81 87 104 110 113 118 121 133 153 195 216 ]
153: [ 11 36 39 59 65 94 100 113 116 148 152 162 200 202 217 229 235 245 ]
154: [ 12 17 52 59 94 112 128 135 190 194 212 217 228 230 ]
155: [ 37 42 69 100 113 143 151 182 213 216 244 ]
156: [ 15 51 74 105 114 165 199 215 216 221 226 229 247 ]
157: [ 28 31 40 53 57 67 69 70 82 85 88 93 110 113 129 139 144 167 175 197 201 205 223 228 234 ]
158: [ 10 85 90 117 186 192 220 227 ]
159: [ 2 7 20 24 33 35 47 57 62 63 98 100 181 201 225 230 247 ]
160: [ 11 16 163 181 195 230 ]
161: [ 15 45 63 102 103 106 119 141 149 189 206 213 ]
162: [ 33 48 75 91 116 123 138 139 145 153 221 222 240 ]
163: [ 52 122 139 140 160 192 204 226 246 ]
164: [ 1 21 27 31 76 79 108 112 125 215 230 ]
165: [ 3 12 23 31 33 70 72 74 78 85 86 92 93 101 111 119 121 138 156 174 213 249 ]
166: [ 27 48 57 61 85 106 112 125 142 145 181 187 193 230 245 ]
167: [ 48 101 102 113 125 129 138 142 157 176 197 207 209 215 218 220 240 ]
168: [ 3 29 35 43 51 63 111 112 126 130 131 138 192 196 198 210 216 220 225 230 234 ]
169: [ 47 61 73 83 91 94 129 133 145 150 186 190 199 238 ]
170: [ 10 27 41 61 78 111 124 136 191 240 245 ]
171: [ 4 25 34 40 75 86 120 133 138 139 175 206 212 219 227 244 ]
172: [ 4 148 197 217 ]
173: [ 6 22 24 52 61 66 78 79 80 99 100 101 110 142 183 191 213 238 ]
174: [ 21 45 46 50 55 65 67 72 76 86 99 113 138 141 147 165 175 186 241 ]
175: [ 5 38 52 53 113 114 157 171 174 178 179 212 224 230 245 ]
176: [ 7 9 12 16 19 48 49 68 79 93 112 130 131 133 140 141 167 186 188 200 211 228 ]
177: [ 12 18 41 43 82 104 133 138 141 149 187 207 215 224 226 235 ]
178: [ 59 97 107 110 124 141 175 179 181 209 220 ]
179: [ 61 145 149 175 178 228 ]
180: [ 63 65 96 98 110 183 186 199 202 206 207 231 ]
181: [ 10 17 20 25 35 36 44 72 73 81 91 111 120 126 146 149 159 160 166 178 191 199 213 ]
182: [ 13 39 42 52 54 79 82 135 142 155 185 188 224 ]
183: [ 3 4 26 49 51 53 65 70 97 110 111 124 128 130 145 149 173 180 193 216 226 234 240 245 ]
184: [ 21 98 127 ]
185: [ 10 43 51 103 114 182 197 230 240 ]
186: [ 3 41 83 120 142 148 158 169 174 176 180 225 229 ]
187: [ 15 57 102 130 166 177 190 202 212 220 226 244 ]
188: [ 7 53 71 103 134 176 182 198 213 ]
189: [ 36 44 52 72 73 82 102 147 161 228 235 ]
190: [ 21 29 30 76 106 124 129 134 142 154 169 187 202 208 248 ]
191: [ 41 67 71 80 91 101 111 120 143 170 173 181 195 201 217 231 242 ]
192: [ 2 29 30 35 68 73 95 99 109 112 113 158 163 168 200 225 232 240 ]
193: [ 13 29 71 80 106 114 126 130 133 143 149 166 183 202 225 229 ]
194: [ 8 9 38 65 76 82 86 93 107 113 130 147 154 216 240 ]
195: [ 2 7 13 50 78 91 103 128 140 152 160 191 201 204 217 220 223 224 225 230 241 ]
196: [ 83 89 103 109 124 138 168 225 230 ]
197: [ 22 39 50 72 81 119 124 130 140 144 157 167 172 185 212 245 ]
198: [ 16 90 111 127 130 146 168 188 213 214 220 246 ]
199: [ 68 69 79 96 99 102 156 169 180 181 213 219 220 230 237 241 250 ]
200: [ 19 21 35 81 153 176 192 204 209 244 248 ]
201: [ 17 41 63 68 83 88 118 126 138 141 146 157 159 191 195 219 228 ]
202: [ 13 18 36 54 61 86 134 143 145 153 180 187 190 193 209 214 230 ]
203: [ 63 73 78 134 ]
204: [ 29 52 71 85 93 111 142 143 145 163 195 200 226 229 232 243 ]
205: [ 8 22 81 82 95 98 102 135 151 157 206 221 240 ]
206: [ 40 72 88 91 95 97 141 146 161 171 180 205 208 209 229 231 233 ]
207: [ 9 33 39 66 80 83 138 140 167 177 180 215 217 233 240 ]
208: [ 16 38 51 54 64 84 92 97 102 104 115 119 134 142 190 206 215 216 248 ]
209: [ 16 26 67 85 89 90 142 167 178 200 202 206 213 230 238 ]
210: [ 13 58 81 168 216 232 235 ]
211: [ 15 20 28 38 47 89 107 176 220 224 231 246 250 ]
212: [ 2 17 36 54 65 79 120 126 137 151 154 171 175 187 197 216 225 244 ]
213: [ 5 40 52 81 88 99 101 114 136 155 161 165 173 181 188 198 199 209 217 221 230 238 ]
214: [ 40 41 75 100 123 150 151 198 202 235 ]
215: [ 9 19 20 26 29 38 81 83 103 106 114 128 151 156 164 167 177 207 208 229 234 235 245 248 ]
216: [ 7 25 51 57 89 126 137 152 155 156 168 183 194 208 210 212 223 ]
217: [ 3 14 16 23 64 126 142 143 149 153 154 172 191 195 207 213 218 223 ]
218: [ 23 31 42 167 217 226 228 242 ]
219: [ 6 39 43 48 51 73 79 84 88 92 102 112 171 199 201 221 239 ]
220: [ 20 28 48 51 90 92 94 97 111 127 151 158 167 168 178 187 195 198 199 211 223 236 ]
221: [ 1 17 73 88 91 138 145 156 162 205 213 219 241 ]
222: [ 71 88 108 127 162 ]
223: [ 4 12 36 41 44 57 82 96 106 112 113 130 139 146 157 195 216 217 220 227 ]
224: [ 36 59 70 97 103 175 177 182 195 211 244 ]
225: [ 9 48 138 139 159 168 186 192 193 195 196 212 247 ]
226: [ 9 19 25 42 54 58 72 85 91 96 109 114 118 128 139 143 146 156 163 177 183 187 204 218 232 ]
227: [ 6 11 13 18 38 79 130 146 158 171 223 238 ]
228: [ 9 32 53 59 63 103 106 109 138 143 145 154 157 176 179 189 201 218 239 246 ]
229: [ 23 82 86 91 105 123 138 141 144 146 153 156 186 193 204 206 215 246 ]
230: [ 39 71 94 106 118 123 127 133 143 151 154 159 160 164 166 168 175 185 195 196 199 202 209 213 ]
231: [ 9 38 39 42 61 180 191 206 211 243 ]
232: [ 11 12 38 66 68 101 115 118 134 192 204 210 226 ]
233: [ 8 13 54 151 206 207 240 ]
234: [ 3 4 18 23 26 54 60 66 126 157 168 183 215 ]
235: [ 8 10 27 30 35 83 89 120 124 127 143 153 177 189 210 214 215 ]
236: [ 4 70 79 81 106 109 220 ]
237: [ 36 44 48 89 113 125 199 243 ]
238: [ 2 3 8 15 30 56 60 70 87 103 169 173 209 213 227 241 ]
239: [ 53 71 80 107 219 228 ]
240: [ 2 14 17 35 52 66 80 89 104 139 148 162 167 170 183 185 192 194 205 207 233 249 ]
241: [ 44 55 147 151 174 195 199 221 238 ]
242: [ 1 25 31 33 78 133 147 191 218 244 ]
243: [ 2 77 106 125 126 146 204 231 237 ]
244: [ 21 48 64 65 78 80 108 114 140 155 171 187 200 212 224 242 245 ]
245: [ 14 28 45 54 59 60 73 96 112 113 118 129 145 153 166 170 175 183 197 215 244 ]
246: [ 8 29 67 82 112 124 126 130 163 198 211 228 229 ]
247: [ 23 96 101 104 107 120 156 159 225 ]
248: [ 7 41 60 83 144 190 200 208 215 ]
249: [ 4 24 86 91 109 112 116 119 145 165 240 ]
250: [ 5 32 42 93 94 97 121 143 151 199 211 ]
