1: [ 19 63 85 97 128 132 185 238 ]
2: [ 10 16 32 79 93 117 153 165 247 ]
3: [ 12 15 20 26 29 57 62 77 138 154 158 161 164 168 176 180 186 191 202 205 210 215 216 238 ]
4: [ 6 15 40 48 55 62 78 116 127 143 146 147 148 158 166 189 199 206 227 233 235 240 247 ]
5: [ 25 32 39 46 72 137 142 159 163 170 186 192 204 210 226 244 ]
6: [ 4 21 24 42 115 118 131 140 145 158 161 166 167 203 217 218 223 226 ]
7: [ 45 48 53 73 88 132 149 167 196 227 232 ]
8: [ 20 95 102 133 153 173 200 242 248 ]
9: [ 18 52 66 76 151 163 176 204 211 223 ]
10: [ 2 14 24 33 40 41 66 77 80 89 94 118 126 140 169 178 182 193 194 197 240 242 ]
11: [ 28 31 41 43 54 86 94 95 117 118 128 131 148 160 173 196 213 217 ]
12: [ 3 13 33 58 73 78 127 136 137 138 172 176 209 210 212 213 218 224 239 ]
13: [ 12 15 19 32 70 82 106 133 169 170 201 224 ]
14: [ 10 49 66 67 86 106 119 133 148 165 173 193 197 211 ]
15: [ 3 4 13 36 51 73 86 124 143 153 167 170 172 226 230 236 250 ]
16: [ 2 43 81 98 117 134 162 184 204 211 232 241 244 ]
17: [ 23 33 38 44 48 66 77 78 99 127 132 147 148 181 182 193 200 226 236 ]
18: [ 9 27 57 68 81 82 98 137 145 170 178 193 204 219 239 ]
19: [ 1 13 26 35 48 51 54 67 91 108 127 137 142 166 167 176 199 228 243 ]
20: [ 3 8 30 57 82 98 106 121 131 142 149 195 217 226 250 ]
21: [ 6 25 57 70 104 125 135 187 198 209 210 235 ]
22: [ 36 70 75 86 90 99 113 129 130 151 161 170 181 197 198 227 247 ]
23: [ 17 26 27 35 49 56 59 67 68 74 78 82 89 90 99 101 109 125 135 165 174 183 197 207 215 224 226 241 246 ]
24: [ 6 10 48 57 66 170 177 188 192 230 244 ]
25: [ 5 21 48 69 87 90 108 113 121 122 131 136 166 188 193 209 211 238 246 ]
26: [ 3 19 23 38 56 105 108 113 164 177 179 188 198 205 224 229 239 ]
27: [ 18 23 32 35 57 70 78 111 113 115 172 185 193 196 212 226 247 248 ]
28: [ 11 33 61 73 115 119 120 131 141 156 163 200 213 ]
29: [ 3 77 140 141 169 174 179 192 197 199 226 240 ]
30: [ 20 58 59 93 123 125 165 190 216 250 ]
31: [ 11 73 120 139 145 ]
32: [ 2 5 13 27 60 80 84 96 119 120 146 147 154 165 173 184 189 192 208 209 219 ]
33: [ 10 12 17 28 56 59 67 71 83 87 88 90 145 197 227 228 249 ]
34: [ 181 237 ]
35: [ 19 23 27 74 86 92 115 121 134 137 159 180 206 226 228 234 ]
36: [ 15 22 43 70 82 91 94 105 140 143 165 179 195 209 222 224 226 234 ]
37: [ 63 95 107 114 125 129 139 187 190 ]
38: [ 17 26 67 74 94 132 227 244 ]
39: [ 5 82 85 108 119 131 162 165 206 209 218 228 235 248 ]
40: [ 4 10 49 105 232 ]
41: [ 10 11 62 71 112 140 151 173 175 180 186 223 ]
42: [ 6 77 188 211 235 ]
43: [ 11 16 36 46 62 78 99 116 156 166 189 242 ]
44: [ 17 78 90 96 214 231 238 ]
45: [ 7 64 67 73 79 81 86 124 128 131 134 139 174 176 181 185 203 212 236 ]
46: [ 5 43 61 184 199 221 231 232 ]
47: [ 61 95 139 150 222 227 250 ]
48: [ 4 7 17 19 24 25 49 63 79 108 144 156 166 177 179 182 202 226 230 239 240 ]
49: [ 14 23 40 48 52 104 105 143 149 202 235 241 ]
50: [ 60 62 65 74 114 123 140 149 164 197 213 215 228 237 244 ]
51: [ 15 19 96 111 118 143 149 155 168 174 202 207 241 245 246 ]
52: [ 9 49 67 79 140 195 210 221 244 ]
53: [ 7 97 126 139 163 171 181 193 222 ]
54: [ 11 19 74 76 95 128 138 167 174 209 235 242 ]
55: [ 4 64 69 87 141 160 174 218 219 221 241 242 ]
56: [ 23 26 33 132 235 ]
57: [ 3 18 20 21 24 27 108 109 130 132 138 139 146 162 163 219 230 240 ]
58: [ 12 30 64 82 120 147 154 162 189 210 ]
59: [ 23 30 33 70 96 107 134 151 162 171 176 188 196 198 199 202 216 217 240 ]
60: [ 32 50 80 90 92 106 117 133 156 158 161 163 164 165 177 187 219 245 ]
61: [ 28 46 47 67 87 101 108 113 118 119 132 137 171 189 191 208 220 230 ]
62: [ 3 4 41 43 50 82 144 147 156 171 184 190 193 205 228 232 234 240 ]
63: [ 1 37 48 106 116 144 172 197 ]
64: [ 45 55 58 127 223 ]
65: [ 50 97 143 148 167 169 187 247 ]
66: [ 9 10 14 17 24 73 88 93 105 114 118 119 130 133 204 210 217 225 234 ]
67: [ 14 19 23 33 38 45 52 61 75 82 91 102 117 121 169 181 194 195 198 203 238 ]
68: [ 18 23 85 106 187 ]
69: [ 25 55 82 150 158 186 242 250 ]
70: [ 13 21 22 27 36 59 84 91 109 150 166 168 197 235 ]
71: [ 33 41 103 127 131 151 165 180 187 235 244 ]
72: [ 5 107 142 144 149 179 194 237 ]
73: [ 7 12 15 28 31 45 66 102 111 115 117 126 136 149 159 177 188 195 212 213 ]
74: [ 23 35 38 50 54 86 98 104 140 145 150 151 159 217 218 224 225 231 233 244 ]
75: [ 22 67 115 137 166 187 202 239 241 ]
76: [ 9 54 89 99 132 148 178 200 235 244 ]
77: [ 3 10 17 29 42 92 94 106 148 149 157 158 174 179 184 223 226 236 245 ]
78: [ 4 12 17 23 27 43 44 83 85 96 114 130 146 150 151 153 188 194 218 219 ]
79: [ 2 45 48 52 82 119 126 152 159 197 211 235 240 ]
80: [ 10 32 60 110 128 135 136 162 163 168 190 197 210 223 231 234 240 244 ]
81: [ 16 18 45 92 132 167 178 196 217 235 ]
82: [ 13 18 20 23 36 39 58 62 67 69 79 85 102 132 142 150 185 192 198 214 241 ]
83: [ 33 78 90 104 110 129 138 143 153 161 163 176 190 211 213 216 ]
84: [ 32 70 90 109 141 144 155 162 216 222 228 231 ]
85: [ 1 39 68 78 82 97 101 112 122 130 133 138 228 234 238 248 ]
86: [ 11 14 15 22 35 45 74 99 104 106 183 196 206 219 231 ]
87: [ 25 33 55 61 98 115 139 140 186 209 216 246 250 ]
88: [ 7 33 66 100 115 149 151 153 158 159 181 211 213 228 238 247 ]
89: [ 10 23 76 133 134 137 200 202 226 ]
90: [ 22 23 25 33 44 60 83 84 95 104 105 106 123 138 142 160 170 173 194 212 221 247 ]
91: [ 19 36 67 70 95 96 137 141 146 149 153 155 170 171 193 198 205 227 228 ]
92: [ 35 60 77 81 119 193 244 ]
93: [ 2 30 66 97 119 131 159 181 200 201 209 249 ]
94: [ 10 11 36 38 77 103 114 121 134 155 211 228 243 ]
95: [ 8 11 37 47 54 90 91 155 184 206 210 242 250 ]
96: [ 32 44 51 59 78 91 97 103 115 132 149 156 167 184 187 192 201 240 246 ]
97: [ 1 53 65 85 93 96 98 125 191 204 207 213 215 223 227 232 239 ]
98: [ 16 18 20 74 87 97 99 103 106 126 140 141 161 176 214 219 234 245 ]
99: [ 17 22 23 43 76 86 98 115 136 162 185 221 225 237 243 ]
100: [ 88 143 147 155 161 166 184 199 200 227 241 242 ]
101: [ 23 61 85 123 139 189 217 238 245 ]
102: [ 8 67 73 82 105 240 ]
103: [ 71 94 96 98 150 159 161 188 200 208 220 ]
104: [ 21 49 74 83 86 90 115 117 149 177 219 ]
105: [ 26 36 40 49 66 90 102 184 226 234 ]
106: [ 13 14 20 60 63 68 77 86 90 98 113 135 140 167 171 177 186 213 216 242 ]
107: [ 37 59 72 153 173 174 175 177 180 183 195 239 ]
108: [ 19 25 26 39 48 57 61 119 141 156 158 184 249 ]
109: [ 23 57 70 84 138 196 202 ]
110: [ 80 83 190 191 247 ]
111: [ 27 51 73 144 181 192 209 239 244 ]
112: [ 41 85 138 158 172 180 182 185 188 ]
113: [ 22 25 26 27 61 106 115 129 138 161 173 177 229 ]
114: [ 37 50 66 78 94 137 139 147 178 186 195 196 218 219 241 ]
115: [ 6 27 28 35 73 75 87 88 96 99 104 113 133 148 162 169 176 180 237 247 ]
116: [ 4 43 63 117 140 146 158 161 162 182 184 185 202 215 228 244 ]
117: [ 2 11 16 60 67 73 104 116 161 167 178 235 ]
118: [ 6 10 11 51 61 66 125 153 159 ]
119: [ 14 28 32 39 61 66 79 92 93 108 148 166 176 204 ]
120: [ 28 31 32 58 134 192 203 237 246 250 ]
121: [ 20 25 35 67 94 133 150 231 240 ]
122: [ 25 85 154 176 240 ]
123: [ 30 50 90 101 129 146 186 212 214 223 238 244 ]
124: [ 15 45 171 231 ]
125: [ 21 23 30 37 97 118 129 133 165 169 207 209 210 230 ]
126: [ 10 53 73 79 98 145 195 196 200 218 231 ]
127: [ 4 12 17 19 64 71 165 176 182 198 207 223 ]
128: [ 1 11 45 54 80 137 138 154 161 171 189 218 228 ]
129: [ 22 37 83 113 123 125 170 200 223 231 246 ]
130: [ 22 57 66 78 85 131 159 176 179 190 207 219 224 ]
131: [ 6 11 20 25 28 39 45 71 93 130 133 150 173 175 199 206 209 240 ]
132: [ 1 7 17 38 56 57 61 76 81 82 96 158 180 185 200 211 235 245 249 ]
133: [ 8 13 14 60 66 85 89 115 121 125 131 150 172 178 232 245 248 ]
134: [ 16 35 45 59 89 94 120 140 145 150 152 162 164 184 185 189 194 212 250 ]
135: [ 21 23 80 106 138 171 189 190 194 201 224 231 248 ]
136: [ 12 25 73 80 99 166 214 ]
137: [ 5 12 18 19 35 61 75 89 91 114 128 139 146 149 167 176 186 188 201 214 228 ]
138: [ 3 12 54 57 83 85 90 109 112 113 128 135 146 152 154 164 165 170 197 228 229 241 242 ]
139: [ 31 37 45 47 53 57 87 101 114 137 172 187 193 216 239 ]
140: [ 6 10 29 36 41 50 52 74 87 98 106 116 134 141 148 151 162 185 191 207 243 ]
141: [ 28 29 55 84 91 98 108 140 153 166 169 180 203 205 207 219 ]
142: [ 5 19 20 72 82 90 151 152 170 175 180 185 214 218 222 233 ]
143: [ 4 15 36 49 51 65 83 100 207 213 226 242 244 248 ]
144: [ 48 62 63 72 84 111 155 156 182 214 230 ]
145: [ 6 18 31 33 74 126 134 178 179 196 210 228 ]
146: [ 4 32 57 78 91 116 123 137 138 154 168 170 174 180 193 199 223 236 ]
147: [ 4 17 32 58 62 100 114 214 230 ]
148: [ 4 11 14 17 65 76 77 115 119 140 159 165 168 169 170 185 202 228 ]
149: [ 7 20 49 50 51 72 73 77 88 91 96 104 137 159 166 170 183 184 196 210 220 221 227 244 249 ]
150: [ 47 69 70 74 78 82 103 121 131 133 134 162 180 185 246 248 249 250 ]
151: [ 9 22 41 59 71 74 78 88 140 142 171 177 187 188 193 208 221 234 244 250 ]
152: [ 79 134 138 142 218 227 ]
153: [ 2 8 15 78 83 88 91 107 118 141 178 189 199 200 224 235 ]
154: [ 3 32 58 122 128 138 146 167 201 202 244 246 ]
155: [ 51 84 91 94 95 100 144 165 184 193 199 202 214 240 ]
156: [ 28 43 48 60 62 96 108 144 160 170 179 199 227 232 235 237 241 ]
157: [ 77 184 209 ]
158: [ 3 4 6 60 69 77 88 108 112 116 132 170 172 206 207 224 226 233 242 ]
159: [ 5 35 73 74 79 88 93 103 118 130 148 149 171 173 176 177 192 216 223 ]
160: [ 11 55 90 156 231 238 250 ]
161: [ 3 6 22 60 83 98 100 103 113 116 117 128 173 174 178 186 220 221 224 226 231 242 ]
162: [ 16 39 57 58 59 80 84 99 115 116 134 140 150 166 185 188 198 240 247 250 ]
163: [ 5 9 28 53 57 60 80 83 178 181 185 196 199 208 231 ]
164: [ 3 26 50 60 134 138 167 205 ]
165: [ 2 14 23 30 32 36 39 60 71 125 127 138 148 155 180 193 200 210 ]
166: [ 4 6 19 25 43 48 70 75 100 119 136 141 149 162 169 225 ]
167: [ 6 7 15 19 54 65 81 96 106 117 137 154 164 175 176 211 222 230 235 239 ]
168: [ 3 51 70 80 146 148 199 207 231 ]
169: [ 10 13 29 65 67 115 125 141 148 166 210 228 230 ]
170: [ 5 13 15 18 22 24 90 91 129 138 142 146 148 149 156 158 178 185 186 187 205 207 218 230 ]
171: [ 53 59 61 62 91 106 124 128 135 151 159 185 189 223 226 228 231 241 247 ]
172: [ 12 15 27 63 112 133 139 158 188 189 191 197 226 ]
173: [ 8 11 14 32 41 90 107 113 131 159 161 178 187 196 239 ]
174: [ 23 29 45 51 54 55 77 107 146 161 177 178 180 188 191 198 200 209 231 235 239 ]
175: [ 41 107 131 142 167 185 188 214 ]
176: [ 3 9 12 19 45 59 83 98 115 119 122 127 130 137 159 167 197 199 205 219 223 245 ]
177: [ 24 26 48 60 73 104 106 107 113 151 159 174 187 189 193 197 217 225 227 231 232 247 ]
178: [ 10 18 76 81 114 117 133 145 153 161 163 170 173 174 192 205 208 214 238 248 ]
179: [ 26 29 36 48 72 77 130 145 156 186 194 215 223 250 ]
180: [ 3 35 41 71 107 112 115 132 141 142 146 150 165 174 210 211 217 244 ]
181: [ 17 22 34 45 53 67 88 93 111 163 190 191 209 212 221 222 238 ]
182: [ 10 17 48 112 116 127 144 195 201 218 247 ]
183: [ 23 86 107 149 239 ]
184: [ 16 32 46 62 77 95 96 100 105 108 116 134 149 155 157 185 199 208 209 217 247 ]
185: [ 1 27 45 82 99 112 116 132 134 140 142 148 150 162 163 170 171 175 184 200 207 209 243 ]
186: [ 3 5 41 69 87 106 114 123 137 161 170 179 197 214 235 ]
187: [ 21 37 60 65 68 71 75 96 139 151 170 173 177 194 203 213 224 234 242 ]
188: [ 24 25 26 42 59 73 78 103 112 137 151 162 172 174 175 215 222 233 241 247 250 ]
189: [ 4 32 43 58 61 101 128 134 135 153 171 172 177 191 196 206 239 ]
190: [ 30 37 62 80 83 110 130 135 181 197 210 212 231 ]
191: [ 3 61 97 110 140 172 174 181 189 220 240 ]
192: [ 5 24 29 32 82 96 111 120 159 178 194 208 220 222 ]
193: [ 10 14 17 18 25 27 53 62 91 92 139 146 151 155 165 177 202 204 209 237 242 ]
194: [ 10 67 72 78 90 134 135 179 187 192 208 236 243 ]
195: [ 20 36 52 67 73 107 114 126 182 ]
196: [ 7 11 27 59 81 86 109 114 126 145 149 163 173 189 206 211 212 238 ]
197: [ 10 14 22 23 29 33 50 63 70 79 80 138 172 176 177 186 190 235 248 ]
198: [ 21 22 26 59 67 82 91 127 162 174 204 222 ]
199: [ 4 19 29 46 59 100 131 146 153 155 156 163 168 176 184 209 227 235 239 243 ]
200: [ 8 17 28 76 89 93 100 103 126 129 132 153 165 174 185 207 211 226 ]
201: [ 13 93 96 135 137 154 182 205 211 ]
202: [ 3 48 49 51 59 75 89 109 116 148 154 155 193 227 246 ]
203: [ 6 45 67 120 141 187 232 ]
204: [ 5 9 16 18 66 97 119 193 198 ]
205: [ 3 26 62 91 141 164 170 176 178 201 ]
206: [ 4 35 39 86 95 131 158 189 196 223 243 ]
207: [ 23 51 97 125 127 130 140 141 143 158 168 170 185 200 221 ]
208: [ 32 61 103 151 163 178 184 192 194 235 ]
209: [ 12 21 25 32 36 39 54 87 93 111 125 131 157 174 181 184 185 193 199 212 224 231 ]
210: [ 3 5 12 21 52 58 66 80 95 125 145 149 165 169 180 190 232 ]
211: [ 9 14 16 25 42 79 83 88 94 132 167 180 196 200 201 ]
212: [ 12 27 45 73 90 123 134 181 190 196 209 226 236 ]
213: [ 11 12 28 50 73 83 88 97 106 143 187 214 216 ]
214: [ 44 82 98 123 136 137 142 144 147 155 175 178 186 213 216 231 ]
215: [ 3 23 50 97 116 179 188 220 ]
216: [ 3 30 59 83 84 87 106 139 159 213 214 ]
217: [ 6 11 20 59 66 74 81 101 177 180 184 225 235 ]
218: [ 6 12 39 55 74 78 114 126 128 142 152 170 182 221 223 ]
219: [ 18 32 55 57 60 78 86 98 104 114 130 141 176 228 236 239 242 250 ]
220: [ 61 103 149 161 191 192 215 234 246 ]
221: [ 46 52 55 90 99 149 151 161 181 207 218 226 238 ]
222: [ 36 47 53 84 142 167 181 188 192 198 230 236 241 ]
223: [ 6 9 41 64 77 80 97 123 127 129 146 159 171 176 179 206 218 240 ]
224: [ 12 13 23 26 36 74 130 135 153 158 161 187 209 250 ]
225: [ 66 74 99 166 177 217 241 ]
226: [ 5 6 15 17 20 23 27 29 35 36 48 77 89 105 143 158 161 171 172 200 212 221 249 ]
227: [ 4 7 22 33 38 47 91 97 100 149 152 156 177 199 202 250 ]
228: [ 19 33 35 39 50 62 84 85 88 91 94 116 128 137 138 145 148 169 171 219 ]
229: [ 26 113 138 236 ]
230: [ 15 24 48 57 61 125 144 147 167 169 170 222 239 ]
231: [ 44 46 74 80 84 86 121 124 126 129 135 160 161 163 168 171 174 177 190 209 214 234 250 ]
232: [ 7 16 40 46 62 97 133 156 177 203 210 242 ]
233: [ 4 74 142 158 188 235 ]
234: [ 35 36 62 66 80 85 98 105 151 187 220 231 242 244 ]
235: [ 4 21 39 42 49 54 56 70 71 76 79 81 117 132 153 156 167 174 186 197 199 208 217 233 250 ]
236: [ 15 17 45 77 146 194 212 219 222 229 247 ]
237: [ 34 50 72 99 115 120 156 193 244 ]
238: [ 1 3 25 44 67 85 88 101 123 160 178 181 196 221 ]
239: [ 12 18 26 48 75 97 107 111 139 167 173 174 183 189 199 219 230 ]
240: [ 4 10 29 48 57 59 62 79 80 96 102 121 122 131 155 162 191 223 ]
241: [ 16 23 49 51 55 75 82 100 114 138 156 171 188 222 225 ]
242: [ 8 10 43 54 55 69 95 100 106 138 143 158 161 187 193 219 232 234 246 248 ]
243: [ 19 94 99 140 185 194 199 206 247 ]
244: [ 5 16 24 38 50 52 71 74 76 80 92 111 116 123 143 149 151 154 180 234 237 ]
245: [ 51 60 77 98 101 132 133 176 ]
246: [ 23 25 51 87 96 120 129 150 154 202 220 242 ]
247: [ 2 4 22 27 65 88 90 110 115 162 171 177 182 184 188 236 243 ]
248: [ 8 27 39 85 133 135 143 150 178 197 242 ]
249: [ 33 93 108 132 149 150 226 ]
250: [ 15 20 30 47 69 87 95 120 134 150 151 160 162 179 188 219 224 227 231 235 ]
