1: [ 59 62 118 152 168 197 206 220 225 230 237 ]
2: [ 21 34 49 56 72 91 100 106 127 159 178 215 ]
3: [ 4 7 9 33 34 36 46 71 87 91 147 151 175 208 218 223 242 248 ]
4: [ 3 34 89 93 107 150 151 154 155 232 245 ]
5: [ 15 23 32 37 63 67 68 72 73 77 80 90 98 116 126 171 174 178 206 248 ]
6: [ 35 65 66 91 95 100 106 138 168 208 248 ]
7: [ 3 22 24 93 146 148 152 163 168 172 175 183 239 ]
8: [ 22 139 187 190 ]
9: [ 3 12 18 25 48 72 143 144 179 205 206 ]
10: [ 27 48 92 105 125 132 181 184 201 228 ]
11: [ 20 22 32 35 42 55 77 82 108 118 122 157 162 182 189 191 201 206 211 218 ]
12: [ 9 15 38 70 90 95 134 147 188 230 232 ]
13: [ 18 38 94 107 213 222 230 235 ]
14: [ 58 75 81 93 95 130 136 174 250 ]
15: [ 5 12 22 62 64 66 77 79 88 102 106 140 144 174 187 194 199 205 212 ]
16: [ 18 30 31 37 58 62 93 105 114 135 141 152 159 162 167 173 177 184 187 200 202 205 209 226 243 ]
17: [ 31 47 51 74 91 94 102 106 163 171 196 245 246 249 ]
18: [ 9 13 16 20 23 39 63 64 75 76 79 80 90 136 152 175 177 180 ]
19: [ 25 32 36 39 40 42 58 79 80 103 119 134 142 144 151 158 179 227 235 ]
20: [ 11 18 26 32 46 67 75 80 87 96 98 112 119 124 125 133 144 171 180 185 205 221 231 243 248 ]
21: [ 2 29 48 51 58 70 75 93 122 156 229 248 ]
22: [ 7 8 11 15 62 71 80 84 87 102 116 127 157 158 177 182 186 220 229 230 245 246 249 ]
23: [ 5 18 68 148 150 163 184 197 ]
24: [ 7 41 51 54 77 97 102 132 139 146 152 153 162 174 180 188 197 199 203 206 234 ]
25: [ 9 19 33 58 63 98 112 124 133 149 150 158 164 179 185 189 195 198 208 209 ]
26: [ 20 69 193 ]
27: [ 10 59 70 79 80 100 109 139 143 164 167 174 186 187 193 205 210 214 230 236 241 245 ]
28: [ 40 44 55 74 181 233 ]
29: [ 21 32 33 66 76 109 123 133 186 215 245 ]
30: [ 16 95 99 104 129 154 156 182 186 195 200 224 ]
31: [ 16 17 35 52 63 66 71 99 107 118 122 123 144 164 169 174 193 196 198 210 248 ]
32: [ 5 11 19 20 29 43 46 47 49 51 53 59 61 75 76 96 99 100 118 145 175 183 195 212 233 ]
33: [ 3 25 29 41 49 64 76 81 94 192 211 ]
34: [ 2 3 4 54 59 63 66 73 84 105 132 135 183 188 223 238 ]
35: [ 6 11 31 43 62 71 72 101 137 144 183 197 210 237 244 246 ]
36: [ 3 19 42 47 72 91 106 120 135 138 140 144 160 210 217 233 248 ]
37: [ 5 16 63 94 98 117 122 133 135 151 170 198 231 239 245 ]
38: [ 12 13 63 74 128 183 208 214 250 ]
39: [ 18 19 64 106 132 134 161 181 186 194 216 238 ]
40: [ 19 28 51 60 73 84 105 132 134 135 157 166 190 222 ]
41: [ 24 33 44 56 65 124 127 162 170 234 237 ]
42: [ 11 19 36 71 72 91 93 102 104 108 131 174 181 189 193 243 ]
43: [ 32 35 53 55 62 77 94 124 141 216 225 228 ]
44: [ 28 41 54 59 64 82 87 93 99 101 175 216 239 242 ]
45: [ 53 54 89 98 124 227 ]
46: [ 3 20 32 47 62 63 93 98 104 105 110 149 156 161 170 181 189 197 202 211 230 235 237 245 ]
47: [ 17 32 36 46 58 80 84 97 99 126 138 219 223 241 248 ]
48: [ 9 10 21 72 74 78 102 117 122 147 181 187 190 ]
49: [ 2 32 33 55 161 168 187 238 ]
50: [ 112 118 170 189 191 239 ]
51: [ 17 21 24 32 40 83 88 94 102 128 136 173 179 186 223 228 229 239 241 ]
52: [ 31 65 75 83 99 113 114 132 136 151 160 166 171 198 217 227 239 ]
53: [ 32 43 45 56 84 86 90 139 154 155 192 199 217 222 234 245 ]
54: [ 24 34 44 45 55 66 115 117 125 128 133 138 159 173 190 208 247 ]
55: [ 11 28 43 49 54 56 74 97 103 110 119 130 131 132 139 147 180 182 185 200 204 ]
56: [ 2 41 53 55 82 95 97 134 135 148 156 158 161 179 199 210 219 233 239 241 ]
57: [ 64 84 105 163 180 184 203 244 ]
58: [ 14 16 19 21 25 47 72 79 91 94 98 106 114 159 160 163 173 177 178 195 214 223 238 243 250 ]
59: [ 1 27 32 34 44 62 63 74 85 106 120 153 158 170 171 185 186 195 208 223 225 241 250 ]
60: [ 40 82 155 183 201 221 232 236 ]
61: [ 32 77 89 96 97 116 118 129 133 144 151 188 196 204 211 222 227 235 239 243 246 248 ]
62: [ 1 15 16 22 35 43 46 59 63 67 74 88 96 117 141 146 163 186 192 195 229 230 233 ]
63: [ 5 18 25 31 34 37 38 46 59 62 75 103 106 142 156 176 197 210 224 ]
64: [ 15 18 33 39 44 57 68 69 77 79 84 87 94 100 105 154 157 163 165 174 178 182 192 201 204 215 230 233 ]
65: [ 6 41 52 105 109 123 159 170 193 ]
66: [ 6 15 29 31 34 54 88 94 107 108 109 114 139 165 239 ]
67: [ 5 20 62 91 92 94 99 103 117 150 156 174 180 185 210 215 219 222 233 ]
68: [ 5 23 64 87 107 122 144 157 176 204 207 215 233 234 237 241 246 ]
69: [ 26 64 96 144 148 155 156 158 188 216 225 236 248 ]
70: [ 12 21 27 99 159 162 168 193 244 ]
71: [ 3 22 31 35 42 77 84 87 107 136 138 165 168 174 180 200 204 210 216 ]
72: [ 2 5 9 35 36 42 48 58 73 81 97 110 116 148 149 151 152 153 155 166 210 212 231 ]
73: [ 5 34 40 72 80 116 118 146 225 237 ]
74: [ 17 28 38 48 55 59 62 78 121 123 136 139 152 193 213 232 248 ]
75: [ 14 18 20 21 32 52 63 85 89 115 121 162 165 169 201 210 219 232 239 244 ]
76: [ 18 29 32 33 133 174 183 192 194 218 248 ]
77: [ 5 11 15 24 43 61 64 71 114 116 117 127 152 158 164 172 194 208 210 212 213 221 ]
78: [ 48 74 84 95 104 128 135 145 148 173 220 223 230 ]
79: [ 15 18 19 27 58 64 88 122 163 190 224 244 ]
80: [ 5 18 19 20 22 27 47 73 94 128 145 148 185 194 206 217 225 238 244 248 249 ]
81: [ 14 33 72 103 137 152 171 189 193 222 226 227 238 ]
82: [ 11 44 56 60 122 128 133 167 ]
83: [ 51 52 90 96 163 203 249 ]
84: [ 22 34 40 47 53 57 64 71 78 103 116 124 140 144 147 154 173 175 199 206 238 243 248 ]
85: [ 59 75 116 125 138 184 238 ]
86: [ 53 99 157 ]
87: [ 3 20 22 44 64 68 71 103 106 107 114 118 155 158 161 166 189 191 205 216 219 221 ]
88: [ 15 51 62 66 79 146 151 154 188 228 242 ]
89: [ 4 45 61 75 102 123 136 151 187 201 210 238 ]
90: [ 5 12 18 53 83 91 100 113 118 126 135 183 200 229 238 242 ]
91: [ 2 3 6 17 36 42 58 67 90 95 98 134 148 180 195 197 206 207 212 250 ]
92: [ 10 67 93 123 136 151 190 198 ]
93: [ 4 7 14 16 21 42 44 46 92 104 108 121 128 170 202 214 ]
94: [ 13 17 33 37 43 51 58 64 66 67 80 96 98 123 125 132 152 186 200 223 225 227 243 250 ]
95: [ 6 12 14 30 56 78 91 114 116 118 122 133 139 171 207 214 216 233 ]
96: [ 20 32 61 62 69 83 94 98 110 122 145 149 160 201 203 233 ]
97: [ 24 47 55 56 61 72 103 146 168 172 197 230 249 ]
98: [ 5 20 25 37 45 46 58 91 94 96 171 208 230 233 ]
99: [ 30 31 32 44 47 52 67 70 86 108 116 118 157 158 196 213 217 231 238 242 ]
100: [ 2 6 27 32 64 90 126 136 144 148 172 183 200 219 ]
101: [ 35 44 156 167 191 196 249 ]
102: [ 15 17 22 24 42 48 51 89 106 132 139 154 158 174 193 204 219 228 ]
103: [ 19 55 63 67 81 84 87 97 111 125 156 162 182 189 190 194 205 245 ]
104: [ 30 42 46 78 93 119 154 160 172 173 176 183 204 207 226 238 ]
105: [ 10 16 34 40 46 57 64 65 106 128 129 131 152 157 168 177 201 212 225 249 ]
106: [ 2 6 15 17 36 39 58 59 63 87 102 105 116 136 142 155 170 181 202 208 235 ]
107: [ 4 13 31 66 68 71 87 151 167 180 194 201 216 222 230 236 245 ]
108: [ 11 42 66 93 99 117 125 162 164 166 175 190 206 207 215 216 221 249 ]
109: [ 27 29 65 66 180 203 ]
110: [ 46 55 72 96 122 136 144 146 166 175 178 214 217 225 239 243 ]
111: [ 103 116 155 245 ]
112: [ 20 25 50 114 158 175 ]
113: [ 52 90 116 152 157 183 188 222 231 ]
114: [ 16 52 58 66 77 87 95 112 118 119 120 151 166 170 182 191 ]
115: [ 54 75 224 227 ]
116: [ 5 22 61 72 73 77 84 85 95 99 106 111 113 129 141 182 200 222 230 ]
117: [ 37 48 54 62 67 77 108 122 131 153 160 188 232 233 235 237 247 250 ]
118: [ 1 11 31 32 50 61 73 87 90 95 99 114 157 183 184 188 201 ]
119: [ 19 20 55 104 114 136 152 157 159 188 231 243 ]
120: [ 36 59 114 134 222 244 ]
121: [ 74 75 93 122 147 150 203 220 238 ]
122: [ 11 21 31 37 48 68 79 82 95 96 110 117 121 125 168 182 187 198 227 ]
123: [ 29 31 65 74 89 92 94 135 162 182 189 194 196 212 222 ]
124: [ 20 25 41 43 45 84 144 145 155 157 194 195 197 213 236 241 ]
125: [ 10 20 54 85 94 103 108 122 131 146 151 157 167 174 216 228 233 250 ]
126: [ 5 47 90 100 130 170 206 ]
127: [ 2 22 41 77 191 200 229 ]
128: [ 38 51 54 78 80 82 93 105 154 173 189 191 206 235 ]
129: [ 30 61 105 116 226 239 245 ]
130: [ 14 55 126 168 169 193 206 230 234 ]
131: [ 42 55 105 117 125 136 154 158 160 195 222 248 ]
132: [ 10 24 34 39 40 52 55 94 102 180 184 191 202 212 227 248 ]
133: [ 20 25 29 37 54 61 76 82 95 143 155 170 179 201 219 ]
134: [ 12 19 39 40 56 91 120 153 191 218 ]
135: [ 16 34 36 37 40 56 78 90 123 137 164 176 188 189 190 236 244 ]
136: [ 14 18 51 52 71 74 89 92 100 106 110 119 131 151 152 181 200 201 216 ]
137: [ 35 81 135 138 143 156 158 161 168 175 188 249 ]
138: [ 6 36 47 54 71 85 137 152 ]
139: [ 8 24 27 53 55 66 74 95 102 ]
140: [ 15 36 84 157 170 181 183 191 212 217 219 245 ]
141: [ 16 43 62 116 152 160 201 203 245 ]
142: [ 19 63 106 144 159 181 ]
143: [ 9 27 133 137 145 156 173 180 193 226 228 238 ]
144: [ 9 15 19 20 31 35 36 61 68 69 84 100 110 124 142 159 160 207 234 ]
145: [ 32 78 80 96 124 143 164 194 200 216 244 ]
146: [ 7 24 62 73 88 97 110 125 153 154 166 189 200 201 206 208 ]
147: [ 3 12 48 55 84 121 149 160 163 168 170 179 182 183 187 207 223 224 247 ]
148: [ 7 23 56 69 72 78 80 91 100 187 ]
149: [ 25 46 72 96 147 168 171 240 ]
150: [ 4 23 25 67 121 ]
151: [ 3 4 19 37 52 61 72 88 89 92 107 114 125 136 162 182 190 207 212 225 239 246 250 ]
152: [ 1 7 16 18 24 72 74 77 81 94 105 113 119 136 138 141 157 162 180 184 203 222 226 232 250 ]
153: [ 24 59 72 117 134 146 206 210 220 225 249 ]
154: [ 4 30 53 64 84 88 102 104 128 131 146 173 174 183 197 202 230 236 243 249 ]
155: [ 4 53 60 69 72 87 106 111 124 133 186 203 208 211 219 222 226 ]
156: [ 21 30 46 56 63 67 69 101 103 137 143 170 171 180 211 212 231 245 ]
157: [ 11 22 40 64 68 86 99 105 113 118 119 124 125 140 152 173 213 217 225 231 244 247 ]
158: [ 19 22 25 56 59 69 77 87 99 102 112 131 137 160 171 190 193 198 238 ]
159: [ 2 16 54 58 65 70 119 142 144 167 210 229 231 238 249 ]
160: [ 36 52 58 96 104 117 131 141 144 147 158 163 169 190 198 203 206 215 224 227 236 246 ]
161: [ 39 46 49 56 87 137 ]
162: [ 11 16 24 41 70 75 103 108 123 151 152 173 193 214 223 234 241 ]
163: [ 7 17 23 57 58 62 64 79 83 147 160 165 174 178 181 206 236 ]
164: [ 25 27 31 77 108 135 145 179 180 196 224 ]
165: [ 64 66 71 75 163 188 243 246 250 ]
166: [ 40 52 72 87 108 110 114 146 168 173 180 208 246 ]
167: [ 16 27 82 101 107 125 159 180 194 201 ]
168: [ 1 6 7 49 70 71 97 105 122 130 137 147 149 166 169 221 ]
169: [ 31 75 130 160 168 200 220 224 227 247 250 ]
170: [ 37 41 46 50 59 65 93 106 114 126 133 140 147 156 186 203 230 ]
171: [ 5 17 20 52 59 81 95 98 149 156 158 241 ]
172: [ 7 77 97 100 104 183 219 243 ]
173: [ 16 51 54 58 78 84 104 128 143 154 157 162 166 174 176 185 228 237 ]
174: [ 5 14 15 24 27 31 42 64 67 71 76 102 125 154 163 173 175 186 192 202 212 219 232 ]
175: [ 3 7 18 32 44 84 108 110 112 137 174 181 232 245 ]
176: [ 63 68 104 135 173 187 212 226 236 ]
177: [ 16 18 22 58 105 188 230 244 ]
178: [ 2 5 58 64 110 163 180 183 186 188 204 215 236 ]
179: [ 9 19 25 51 56 133 147 164 184 187 203 227 238 244 ]
180: [ 18 20 24 55 57 67 71 91 107 109 132 143 152 156 164 166 167 178 189 215 238 239 240 241 249 ]
181: [ 10 28 39 42 46 48 106 136 140 142 163 175 194 232 245 ]
182: [ 11 22 30 55 64 103 114 116 122 123 147 151 184 210 239 ]
183: [ 7 32 34 35 38 60 76 90 100 104 113 118 140 147 154 172 178 191 216 225 227 ]
184: [ 10 16 23 57 85 118 132 152 179 182 187 212 223 ]
185: [ 20 25 55 59 67 80 173 218 246 ]
186: [ 22 27 29 30 39 51 59 62 94 155 170 174 178 194 209 210 212 223 ]
187: [ 8 15 16 27 48 49 89 122 147 148 176 179 184 199 218 228 241 ]
188: [ 12 24 34 61 69 88 113 117 118 119 135 137 165 177 178 198 201 212 ]
189: [ 11 25 42 46 50 81 87 103 123 128 135 146 180 200 ]
190: [ 8 40 48 54 79 92 103 108 135 151 158 160 196 201 212 216 227 235 237 239 ]
191: [ 11 50 87 101 114 127 128 132 134 140 183 206 240 ]
192: [ 33 53 62 64 76 174 211 244 ]
193: [ 26 27 31 42 65 70 74 81 102 130 143 158 162 226 238 ]
194: [ 15 39 76 77 80 103 107 123 124 145 167 181 186 212 236 238 ]
195: [ 25 30 32 58 59 62 91 124 131 245 250 ]
196: [ 17 31 61 99 101 123 164 190 197 200 220 228 ]
197: [ 1 23 24 35 46 63 91 97 124 154 196 207 222 ]
198: [ 25 31 37 52 92 122 158 160 188 210 ]
199: [ 15 24 53 56 84 187 240 ]
200: [ 16 30 55 71 90 94 100 116 127 136 145 146 169 189 196 207 211 215 216 218 234 241 ]
201: [ 10 11 60 64 75 89 96 105 107 118 133 136 141 146 167 188 190 216 218 228 ]
202: [ 16 46 93 106 132 154 174 ]
203: [ 24 57 83 96 109 121 141 152 155 160 170 179 207 236 243 ]
204: [ 55 61 64 68 71 102 104 178 233 ]
205: [ 9 15 16 20 27 87 103 206 245 247 ]
206: [ 1 5 9 11 24 80 84 91 108 126 128 130 146 153 160 163 191 205 213 226 227 243 248 ]
207: [ 68 91 95 104 108 144 147 151 197 200 203 216 234 244 ]
208: [ 3 6 25 38 54 59 77 98 106 146 155 166 219 221 225 229 243 247 ]
209: [ 16 25 186 ]
210: [ 27 31 35 36 56 63 67 71 72 75 77 89 153 159 182 186 198 234 240 247 ]
211: [ 11 33 46 61 155 156 192 200 214 230 235 239 ]
212: [ 15 32 72 77 91 105 123 132 140 151 156 174 176 184 186 188 190 194 223 227 235 247 ]
213: [ 13 74 77 99 124 157 206 219 ]
214: [ 27 38 58 93 95 110 162 211 231 233 ]
215: [ 2 29 64 67 68 108 160 178 180 200 229 231 242 ]
216: [ 39 43 44 69 71 87 95 107 108 125 136 145 183 190 200 201 207 218 241 ]
217: [ 36 52 53 80 99 110 140 157 ]
218: [ 3 11 76 134 185 187 200 201 216 234 236 ]
219: [ 47 56 67 75 87 100 102 133 140 155 172 174 208 213 223 242 ]
220: [ 1 22 78 121 153 169 196 222 246 ]
221: [ 20 60 77 87 108 168 208 245 ]
222: [ 13 40 53 61 67 81 107 113 116 120 123 131 152 155 197 220 231 ]
223: [ 3 34 47 51 58 59 78 94 147 162 184 186 212 219 229 ]
224: [ 30 63 79 115 147 160 164 169 226 237 246 ]
225: [ 1 43 59 69 73 80 94 105 110 151 153 157 183 208 237 ]
226: [ 16 81 104 129 143 152 155 176 193 206 224 240 244 ]
227: [ 19 45 52 61 81 94 115 122 132 160 169 179 183 190 206 212 238 248 250 ]
228: [ 10 43 51 88 102 125 143 173 187 196 201 235 ]
229: [ 21 22 51 62 90 127 159 208 215 223 245 ]
230: [ 1 12 13 22 27 46 62 64 78 97 98 107 116 130 154 170 177 211 ]
231: [ 20 37 72 99 113 119 156 157 159 214 215 222 241 243 ]
232: [ 4 12 60 74 75 117 152 174 175 181 241 250 ]
233: [ 28 32 36 56 62 64 67 68 95 96 98 117 125 204 214 ]
234: [ 24 41 53 68 130 144 162 200 207 210 218 240 249 ]
235: [ 13 19 46 61 106 117 128 190 211 212 228 ]
236: [ 27 60 69 107 124 135 154 160 163 176 178 194 203 218 245 ]
237: [ 1 35 41 46 68 73 117 173 190 224 225 ]
238: [ 34 39 49 58 80 81 84 85 89 90 99 104 121 143 158 159 179 180 193 194 227 246 ]
239: [ 7 37 44 50 51 52 56 61 66 75 110 129 151 180 182 190 211 242 ]
240: [ 149 180 191 199 210 226 234 245 ]
241: [ 27 47 51 56 59 68 124 162 171 180 187 200 216 231 232 ]
242: [ 3 44 88 90 99 215 219 239 248 ]
243: [ 16 20 42 58 61 84 94 110 119 154 165 172 203 206 208 231 ]
244: [ 35 57 70 75 79 80 120 135 145 157 177 179 192 207 226 ]
245: [ 4 17 22 27 29 37 46 53 103 107 111 129 140 141 156 175 181 195 205 221 229 236 240 ]
246: [ 17 22 35 61 68 151 160 165 166 185 220 224 238 247 249 ]
247: [ 54 117 147 157 169 205 208 210 212 246 ]
248: [ 3 5 6 20 21 31 36 47 61 69 74 76 80 84 131 132 206 227 242 ]
249: [ 17 22 80 83 97 101 105 108 137 153 154 159 180 234 246 ]
250: [ 14 38 58 59 91 94 117 125 151 152 165 169 195 227 232 ]
