1: [ 37 44 78 84 89 104 108 125 128 131 138 157 162 164 170 175 181 203 208 215 220 221 223 245 ]
2: [ 3 4 10 18 37 70 75 76 79 102 118 128 157 165 171 190 197 216 217 246 ]
3: [ 2 37 70 82 106 127 168 189 218 243 ]
4: [ 2 13 19 88 120 183 226 ]
5: [ 19 25 49 64 70 95 128 131 154 161 249 ]
6: [ 67 81 112 139 ]
7: [ 16 33 36 50 54 74 79 106 113 126 128 173 189 221 227 244 ]
8: [ 31 37 39 43 56 78 80 87 88 92 158 170 180 188 202 203 216 220 224 246 ]
9: [ 13 40 45 53 54 59 65 71 82 94 99 136 144 149 151 153 163 194 196 204 217 218 237 ]
10: [ 2 15 22 55 57 60 65 83 111 112 128 139 167 172 183 197 198 221 241 ]
11: [ 23 43 118 138 233 ]
12: [ 45 58 74 77 87 89 94 107 121 126 129 131 163 182 186 201 202 209 218 248 ]
13: [ 4 9 29 32 58 64 67 98 123 193 204 212 215 ]
14: [ 146 179 ]
15: [ 10 24 32 37 41 46 53 66 138 139 141 147 159 163 164 168 194 ]
16: [ 7 43 46 62 65 86 102 104 123 132 138 145 147 171 174 183 186 196 209 224 225 228 240 243 ]
17: [ 26 33 49 97 100 111 115 153 159 183 188 233 ]
18: [ 2 58 74 80 84 166 187 227 ]
19: [ 4 5 22 41 53 56 99 100 110 146 160 179 180 201 205 226 233 239 245 ]
20: [ 55 64 143 175 191 194 207 222 232 ]
21: [ 65 79 223 239 ]
22: [ 10 19 26 34 35 41 66 136 159 161 221 244 247 ]
23: [ 11 56 85 125 128 130 145 161 218 235 ]
24: [ 15 39 41 54 55 69 78 88 98 127 134 173 180 191 208 210 215 231 ]
25: [ 5 38 39 45 48 57 70 71 75 96 102 104 114 127 147 154 165 170 175 196 206 208 218 243 ]
26: [ 17 22 33 40 42 70 81 100 127 136 146 167 178 181 237 ]
27: [ 37 50 155 ]
28: [ 89 119 129 168 202 207 244 247 ]
29: [ 13 53 56 67 78 82 94 97 112 116 117 128 145 149 175 198 200 227 ]
30: [ 60 61 102 119 137 174 ]
31: [ 8 40 58 77 78 80 84 86 120 130 142 196 230 248 ]
32: [ 13 15 49 119 166 168 187 203 227 249 ]
33: [ 7 17 26 36 54 76 91 97 127 155 165 188 192 202 222 242 ]
34: [ 22 55 203 208 ]
35: [ 22 41 47 72 82 90 98 103 138 154 159 160 163 191 211 240 ]
36: [ 7 33 106 118 169 ]
37: [ 1 2 3 8 15 27 64 77 94 98 135 139 154 155 164 174 201 202 232 ]
38: [ 25 73 74 105 119 130 135 161 224 232 233 239 ]
39: [ 8 24 25 73 77 79 91 95 113 127 162 187 198 202 211 220 221 228 230 233 ]
40: [ 9 26 31 41 102 105 110 149 161 167 172 175 216 218 227 234 241 ]
41: [ 15 19 22 24 35 40 58 63 87 112 114 121 165 179 191 209 217 221 250 ]
42: [ 26 45 54 67 75 97 122 126 182 216 242 ]
43: [ 8 11 16 51 60 68 79 84 139 196 201 208 220 223 224 230 232 242 248 ]
44: [ 1 53 54 64 91 105 113 136 140 171 196 197 221 224 229 ]
45: [ 9 12 25 42 67 73 76 89 107 155 156 206 229 234 245 246 ]
46: [ 15 16 53 54 62 75 78 92 93 118 132 141 166 194 199 220 234 241 ]
47: [ 35 59 65 70 74 99 112 149 157 184 197 214 219 ]
48: [ 25 54 57 62 74 93 98 111 163 200 220 ]
49: [ 5 17 32 53 60 94 99 114 134 181 185 235 ]
50: [ 7 27 60 85 112 149 153 162 228 241 245 ]
51: [ 43 77 112 134 167 229 ]
52: [ 60 110 111 112 119 144 169 177 188 209 239 246 ]
53: [ 9 15 19 29 44 46 49 70 91 114 119 128 130 132 140 164 165 180 188 196 208 212 229 232 ]
54: [ 7 9 24 33 42 44 46 48 57 79 82 91 97 110 115 140 150 173 174 187 194 208 223 236 ]
55: [ 10 20 24 34 74 118 134 147 158 161 163 170 192 199 243 ]
56: [ 8 19 23 29 63 101 178 183 184 203 204 214 216 230 233 ]
57: [ 10 25 48 54 83 86 99 126 127 227 236 239 ]
58: [ 12 13 18 31 41 108 132 136 148 154 157 176 194 ]
59: [ 9 47 63 65 71 75 81 84 88 107 108 117 128 157 164 194 201 234 246 249 ]
60: [ 10 30 43 49 50 52 78 81 112 120 131 144 150 159 164 170 210 219 240 243 245 ]
61: [ 30 66 107 119 152 153 164 198 221 249 ]
62: [ 16 46 48 78 88 96 101 104 115 140 164 168 171 177 207 248 ]
63: [ 41 56 59 79 103 105 119 137 139 156 163 176 178 181 187 203 215 227 235 243 245 247 ]
64: [ 5 13 20 37 44 86 91 103 119 125 166 172 185 188 190 212 219 220 237 242 ]
65: [ 9 10 16 21 47 59 71 80 91 95 98 107 126 136 162 165 173 178 192 212 ]
66: [ 15 22 61 80 83 91 97 103 117 120 127 131 132 162 169 179 187 205 237 243 248 ]
67: [ 6 13 29 42 45 81 119 136 139 148 173 194 219 ]
68: [ 43 74 241 248 ]
69: [ 24 74 102 103 111 121 122 129 150 155 198 215 227 238 243 ]
70: [ 2 3 5 25 26 47 53 95 99 107 116 160 169 190 191 210 243 245 ]
71: [ 9 25 59 65 90 118 197 203 217 237 ]
72: [ 35 129 140 152 156 168 190 ]
73: [ 38 39 45 78 82 92 136 161 181 186 223 239 ]
74: [ 7 12 18 38 47 48 55 68 69 94 97 115 135 142 152 153 155 184 204 233 236 ]
75: [ 2 25 42 46 59 92 111 114 142 174 207 208 220 230 232 236 ]
76: [ 2 33 45 78 109 111 119 128 140 168 172 197 249 ]
77: [ 12 31 37 39 51 87 97 155 158 201 207 225 233 234 247 248 ]
78: [ 1 8 24 29 31 46 60 62 73 76 91 107 116 119 135 146 158 162 181 198 224 235 241 ]
79: [ 2 7 21 39 43 54 63 89 97 110 116 128 134 151 188 192 212 216 221 224 229 ]
80: [ 8 18 31 65 66 102 109 115 192 194 235 246 ]
81: [ 6 26 59 60 67 90 114 116 120 130 132 166 211 219 230 233 245 ]
82: [ 3 9 29 35 54 73 89 121 127 147 192 246 250 ]
83: [ 10 57 66 174 180 184 220 221 237 ]
84: [ 1 18 31 43 59 106 115 146 158 162 192 246 ]
85: [ 23 50 176 237 243 ]
86: [ 16 31 57 64 91 155 173 200 ]
87: [ 8 12 41 77 90 108 128 165 171 175 188 237 ]
88: [ 4 8 24 59 62 89 91 94 100 102 109 111 127 194 238 ]
89: [ 1 12 28 45 79 82 88 98 130 139 250 ]
90: [ 35 71 81 87 116 168 214 233 245 ]
91: [ 33 39 44 53 54 64 65 66 78 86 88 108 115 119 126 137 157 167 171 189 200 232 246 250 ]
92: [ 8 46 73 75 115 119 131 139 151 153 157 162 163 166 220 234 247 ]
93: [ 46 48 148 207 223 239 249 ]
94: [ 9 12 29 37 49 74 88 101 152 155 157 171 173 182 193 201 229 235 242 243 250 ]
95: [ 5 39 65 70 99 131 134 135 140 154 181 188 216 ]
96: [ 25 62 97 106 158 164 165 216 228 ]
97: [ 17 29 33 42 54 66 74 77 79 96 110 114 119 139 148 182 188 201 204 241 ]
98: [ 13 24 35 37 48 65 89 108 110 124 136 152 182 215 216 223 235 237 239 243 245 249 ]
99: [ 9 19 47 49 57 70 95 132 157 159 169 179 184 225 ]
100: [ 17 19 26 88 110 136 159 179 216 235 241 ]
101: [ 56 62 94 111 131 136 140 151 163 165 196 250 ]
102: [ 2 16 25 30 40 69 80 88 126 157 168 179 193 227 229 234 241 243 248 ]
103: [ 35 63 64 66 69 107 136 140 144 156 173 175 190 ]
104: [ 1 16 25 62 125 136 140 142 178 188 191 200 221 231 249 ]
105: [ 38 40 44 63 164 197 200 203 ]
106: [ 3 7 36 84 96 111 121 124 136 137 147 148 184 189 202 205 210 218 235 ]
107: [ 12 45 59 61 65 70 78 103 120 127 135 174 200 211 236 ]
108: [ 1 58 59 87 91 98 109 117 130 143 163 192 202 216 231 233 237 248 ]
109: [ 76 80 88 108 113 118 133 136 141 154 161 168 213 216 ]
110: [ 19 40 52 54 79 97 98 100 138 148 149 155 162 164 183 189 220 ]
111: [ 10 17 48 52 69 75 76 88 101 106 121 152 167 185 186 214 223 228 244 ]
112: [ 6 10 29 41 47 50 51 52 60 128 130 131 151 159 177 212 216 219 222 229 241 ]
113: [ 7 39 44 109 115 165 180 203 247 248 249 ]
114: [ 25 41 49 53 75 81 97 116 119 132 153 161 166 203 226 233 ]
115: [ 17 54 62 74 80 84 91 92 113 127 135 137 149 153 186 219 222 227 232 247 ]
116: [ 29 70 78 79 81 90 114 128 151 154 159 190 232 243 244 ]
117: [ 29 59 66 108 127 132 149 169 171 194 198 216 ]
118: [ 2 11 36 46 55 71 109 127 136 149 172 175 187 190 220 229 234 249 ]
119: [ 28 30 32 38 52 53 61 63 64 67 76 78 91 92 97 114 176 212 233 243 248 ]
120: [ 4 31 60 66 81 107 138 139 162 188 198 215 230 ]
121: [ 12 41 69 82 106 111 170 191 233 ]
122: [ 42 69 130 151 163 208 235 ]
123: [ 13 16 175 236 250 ]
124: [ 98 106 132 205 207 ]
125: [ 1 23 64 104 126 148 171 173 194 198 204 223 229 247 ]
126: [ 7 12 42 57 65 91 102 125 134 149 158 163 170 184 211 240 248 ]
127: [ 3 24 25 26 33 39 57 66 82 88 107 115 117 118 136 164 174 192 196 230 239 ]
128: [ 1 2 5 7 10 23 29 53 59 76 79 87 112 116 145 166 188 199 202 209 232 ]
129: [ 12 28 69 72 159 168 183 227 ]
130: [ 23 31 38 53 81 89 108 112 122 131 138 152 179 186 196 218 223 ]
131: [ 1 5 12 60 66 92 95 101 112 130 132 150 156 167 184 190 247 ]
132: [ 16 46 53 58 66 81 99 114 117 124 131 152 163 167 175 183 200 212 216 227 245 247 ]
133: [ 109 167 212 223 ]
134: [ 24 49 51 55 79 95 126 139 146 181 186 229 234 238 243 ]
135: [ 37 38 74 78 95 107 115 186 ]
136: [ 9 22 26 44 58 65 67 73 98 100 101 103 104 106 109 118 127 178 199 227 239 ]
137: [ 30 63 91 106 115 140 149 158 204 210 217 ]
138: [ 1 11 15 16 35 110 120 130 147 159 165 170 192 204 236 248 ]
139: [ 6 10 15 37 43 63 67 89 92 97 120 134 142 149 155 159 172 181 192 215 220 250 ]
140: [ 44 53 54 62 72 76 95 101 103 104 137 170 174 ]
141: [ 15 46 109 219 233 ]
142: [ 31 74 75 104 139 156 159 167 173 184 192 216 221 ]
143: [ 20 108 161 175 188 190 198 199 210 ]
144: [ 9 52 60 103 157 174 187 192 197 205 217 218 221 235 236 243 245 ]
145: [ 16 23 29 128 159 163 182 220 ]
146: [ 14 19 26 78 84 134 152 176 177 187 207 209 245 ]
147: [ 15 16 25 55 82 106 138 153 159 171 182 188 200 203 220 227 245 ]
148: [ 58 67 93 97 106 110 125 201 203 211 219 248 ]
149: [ 9 29 40 47 50 110 115 117 118 126 137 139 156 158 160 169 190 197 237 ]
150: [ 54 60 69 131 185 194 197 208 236 ]
151: [ 9 79 92 101 112 116 122 175 193 202 214 249 ]
152: [ 61 72 74 94 98 111 130 132 146 155 163 175 177 235 241 243 ]
153: [ 9 17 50 61 74 92 114 115 147 165 178 211 221 235 246 ]
154: [ 5 25 35 37 58 95 109 116 161 167 172 197 201 218 ]
155: [ 27 33 37 45 69 74 77 86 94 110 139 152 171 217 ]
156: [ 45 63 72 103 131 142 149 188 195 210 216 244 ]
157: [ 1 2 47 58 59 91 92 94 99 102 144 165 167 178 183 200 208 223 229 243 250 ]
158: [ 8 55 77 78 84 96 126 137 149 166 172 173 192 203 214 220 232 241 ]
159: [ 15 17 22 35 60 99 100 112 116 129 138 139 142 145 147 165 170 175 247 ]
160: [ 19 35 70 149 178 224 ]
161: [ 5 22 23 38 40 55 73 109 114 143 154 167 168 223 241 243 ]
162: [ 1 39 50 65 66 78 84 92 110 120 175 218 220 227 232 246 248 ]
163: [ 9 12 15 35 48 55 63 92 101 108 122 126 132 145 152 185 190 204 217 223 228 231 ]
164: [ 1 15 37 53 59 60 61 62 96 105 110 127 192 194 217 248 ]
165: [ 2 25 33 41 53 65 87 96 101 113 138 153 157 159 167 212 225 241 ]
166: [ 18 32 46 64 81 92 114 128 158 198 199 217 247 ]
167: [ 10 26 40 51 91 111 131 132 133 142 154 157 161 165 185 201 202 235 242 ]
168: [ 3 15 28 32 62 72 76 90 102 109 129 161 175 180 239 241 ]
169: [ 36 52 66 70 99 117 149 174 176 197 205 224 232 ]
170: [ 1 8 25 55 60 121 126 138 140 159 176 217 219 221 223 226 227 232 237 240 242 ]
171: [ 2 16 44 62 87 91 94 117 125 147 155 200 208 218 221 ]
172: [ 10 40 64 76 118 139 154 158 196 212 237 240 ]
173: [ 7 24 54 65 67 86 94 103 125 142 158 245 ]
174: [ 16 30 37 54 75 83 107 127 140 144 169 184 188 214 217 230 235 247 ]
175: [ 1 20 25 29 40 87 103 118 123 132 143 151 152 159 162 168 181 196 199 224 228 ]
176: [ 58 63 85 119 146 169 170 179 210 ]
177: [ 52 62 112 146 152 196 207 212 229 250 ]
178: [ 26 56 63 65 104 136 153 157 160 192 205 236 242 ]
179: [ 14 19 41 66 99 100 102 130 176 181 212 213 214 235 241 ]
180: [ 8 19 24 53 83 113 168 188 191 238 239 243 ]
181: [ 1 26 49 63 73 78 95 134 139 175 179 186 ]
182: [ 12 42 94 97 98 145 147 225 233 236 249 ]
183: [ 4 10 16 17 56 110 129 132 157 210 233 240 ]
184: [ 47 56 74 83 99 106 126 131 142 174 203 216 220 222 230 231 245 ]
185: [ 49 64 111 150 163 167 197 222 ]
186: [ 12 16 73 111 115 130 134 135 181 189 214 246 ]
187: [ 18 32 39 54 63 66 118 144 146 203 207 211 219 223 224 225 238 ]
188: [ 8 17 33 52 53 64 79 87 95 97 104 120 128 143 147 156 174 180 208 212 220 247 250 ]
189: [ 3 7 91 106 110 186 221 232 234 235 239 248 ]
190: [ 2 64 70 72 103 116 118 131 143 149 163 207 235 ]
191: [ 20 24 35 41 70 104 121 180 221 ]
192: [ 33 55 65 79 80 82 84 108 127 138 139 142 144 158 164 178 ]
193: [ 13 94 102 151 208 244 ]
194: [ 9 15 20 46 54 58 59 67 80 88 117 125 150 164 208 225 246 250 ]
195: [ 156 205 ]
196: [ 9 16 25 31 43 44 53 101 127 130 172 175 177 197 204 ]
197: [ 2 10 44 47 71 76 105 144 149 150 154 169 185 196 213 221 ]
198: [ 10 29 39 61 69 78 117 120 125 143 166 201 207 226 231 ]
199: [ 46 55 128 136 143 166 175 207 216 234 ]
200: [ 29 48 86 91 104 105 107 132 147 157 171 249 ]
201: [ 12 19 37 43 59 77 94 97 148 154 167 198 204 214 234 ]
202: [ 8 12 28 33 37 39 106 108 128 151 167 244 ]
203: [ 1 8 32 34 56 63 71 105 113 114 147 148 158 184 187 217 234 247 ]
204: [ 9 13 56 74 97 125 137 138 163 196 201 219 234 ]
205: [ 19 66 106 124 144 169 178 195 211 212 244 ]
206: [ 25 45 ]
207: [ 20 28 62 75 77 93 124 146 177 187 190 198 199 235 236 ]
208: [ 1 24 25 34 43 53 54 75 122 150 157 171 188 193 194 210 232 244 ]
209: [ 12 16 41 52 128 146 220 ]
210: [ 24 60 70 106 137 143 156 176 183 208 212 220 244 ]
211: [ 35 39 81 107 126 148 153 187 205 ]
212: [ 13 53 64 65 79 112 119 132 133 165 172 177 179 188 205 210 217 232 234 243 ]
213: [ 109 179 197 220 ]
214: [ 47 56 90 111 151 158 174 179 186 201 234 239 250 ]
215: [ 1 13 24 63 69 98 120 139 230 244 ]
216: [ 2 8 40 42 56 79 95 96 98 100 108 109 112 117 132 142 156 184 199 236 240 250 ]
217: [ 2 9 41 71 137 144 155 163 164 166 170 174 203 212 224 231 236 243 ]
218: [ 3 9 12 23 25 40 106 130 144 154 162 171 231 238 ]
219: [ 47 60 64 67 81 112 115 141 148 170 187 204 226 237 238 ]
220: [ 1 8 39 43 46 48 64 75 83 92 110 118 139 145 147 158 162 184 188 209 210 213 235 ]
221: [ 1 7 10 22 39 41 44 61 79 83 104 142 144 153 170 171 189 191 197 227 231 233 237 243 ]
222: [ 20 33 112 115 184 185 237 245 ]
223: [ 1 21 43 54 73 93 98 111 125 130 133 157 161 163 170 187 225 231 234 237 ]
224: [ 8 16 38 43 44 78 79 160 169 175 187 217 ]
225: [ 16 77 99 165 182 187 194 223 ]
226: [ 4 19 114 170 198 219 232 ]
227: [ 7 18 29 32 40 57 63 69 102 115 129 132 136 147 162 170 221 234 236 ]
228: [ 16 39 50 96 111 163 175 237 238 ]
229: [ 44 45 51 53 79 94 102 112 118 125 134 157 177 ]
230: [ 31 39 43 56 75 81 120 127 174 184 215 ]
231: [ 24 104 108 163 184 198 217 218 221 223 234 245 ]
232: [ 20 37 38 43 53 75 91 115 116 128 158 162 169 170 189 208 212 226 239 ]
233: [ 11 17 19 38 39 56 74 77 81 90 108 114 119 121 141 182 183 221 249 ]
234: [ 40 45 46 59 77 92 102 118 134 189 199 201 203 204 212 214 223 227 231 237 241 244 246 249 ]
235: [ 23 49 63 78 80 94 98 100 106 122 144 152 153 167 174 179 189 190 207 220 240 248 ]
236: [ 54 57 74 75 107 123 138 144 150 178 182 207 216 217 227 238 ]
237: [ 9 26 64 66 71 83 85 87 98 108 149 170 172 219 221 222 223 228 234 ]
238: [ 69 88 134 180 187 218 219 228 236 ]
239: [ 19 21 38 52 57 73 93 98 127 136 168 180 189 214 232 246 ]
240: [ 16 35 60 126 170 172 183 216 235 245 ]
241: [ 10 40 46 50 68 78 97 100 102 112 152 158 161 165 168 179 234 242 248 ]
242: [ 33 42 43 64 94 167 170 178 241 ]
243: [ 3 16 25 55 60 63 66 69 70 85 94 98 102 116 119 134 144 152 157 161 180 212 217 221 244 ]
244: [ 7 22 28 111 116 156 193 202 205 208 210 215 234 243 ]
245: [ 1 19 45 50 60 63 70 81 90 98 132 144 146 147 173 184 222 231 240 247 ]
246: [ 2 8 45 52 59 80 82 84 91 153 162 186 194 234 239 249 ]
247: [ 22 28 63 77 92 113 115 125 131 132 159 166 174 188 203 245 ]
248: [ 12 31 43 62 66 68 77 102 108 113 119 126 138 148 162 164 189 235 241 ]
249: [ 5 32 59 61 76 93 98 104 113 118 151 182 200 233 234 246 ]
250: [ 41 82 89 91 94 101 123 139 157 177 188 194 214 216 ]
