1: [ 5 28 39 76 86 92 93 102 106 136 144 151 197 206 226 229 240 ]
2: [ 7 25 27 41 55 91 98 104 111 149 178 194 198 213 219 227 ]
3: [ 7 15 16 29 35 51 59 86 108 140 168 169 177 185 226 243 ]
4: [ 11 42 57 94 123 146 148 177 192 200 224 245 ]
5: [ 1 14 17 28 29 63 67 78 100 101 111 125 133 147 153 161 179 182 222 ]
6: [ 25 36 43 51 56 64 91 135 155 178 186 189 202 215 243 ]
7: [ 2 3 17 26 33 43 44 60 63 81 110 114 128 139 159 160 214 223 247 ]
8: [ 31 38 75 91 102 124 125 160 163 208 ]
9: [ 16 23 71 108 120 121 124 130 183 186 228 237 ]
10: [ 23 31 37 62 92 95 116 141 147 156 162 170 192 210 247 ]
11: [ 4 19 23 25 31 37 51 81 82 84 99 102 106 124 125 138 147 177 179 181 203 233 239 ]
12: [ 21 30 39 46 59 75 76 82 83 116 117 134 144 146 171 178 226 248 ]
13: [ 14 23 34 56 66 73 89 100 102 137 160 175 185 208 224 235 240 ]
14: [ 5 13 17 21 25 27 39 50 52 59 62 76 86 109 114 135 151 155 196 198 206 236 ]
15: [ 3 52 116 152 165 187 200 212 ]
16: [ 3 9 18 34 47 55 57 89 97 109 116 132 134 135 137 150 197 206 219 ]
17: [ 5 7 14 41 75 95 116 155 191 241 ]
18: [ 16 20 24 43 59 63 65 75 98 100 124 149 179 195 227 234 247 250 ]
19: [ 11 97 102 131 ]
20: [ 18 127 154 174 176 ]
21: [ 12 14 33 35 36 44 46 139 158 168 171 174 183 200 206 225 246 ]
22: [ 29 74 92 98 113 131 135 147 229 ]
23: [ 9 10 11 13 33 39 51 76 86 87 153 174 205 ]
24: [ 18 38 47 66 145 146 157 160 196 225 ]
25: [ 2 6 11 14 29 34 55 59 75 76 85 112 136 138 155 156 167 169 176 177 180 182 187 192 212 218 236 243 ]
26: [ 7 27 37 88 95 98 101 112 116 117 123 130 134 145 186 211 219 221 226 235 241 ]
27: [ 2 14 26 41 59 61 102 136 138 139 160 172 175 200 215 245 ]
28: [ 1 5 38 42 61 65 67 76 79 93 99 123 137 138 141 151 179 202 207 208 210 214 230 234 243 ]
29: [ 3 5 22 25 75 81 85 103 111 134 139 156 173 225 228 ]
30: [ 12 60 72 76 78 99 136 143 ]
31: [ 8 10 11 37 49 51 78 82 91 111 144 151 165 187 231 ]
32: [ 41 114 168 192 194 218 219 ]
33: [ 7 21 23 38 64 75 82 96 144 162 166 178 187 191 198 211 227 237 242 249 ]
34: [ 13 16 25 42 46 48 67 70 71 114 149 153 182 191 212 ]
35: [ 3 21 39 48 105 113 171 205 235 238 ]
36: [ 6 21 41 56 95 116 125 131 147 152 179 223 226 227 248 249 ]
37: [ 10 11 26 31 45 82 88 103 104 120 121 127 129 131 150 151 167 222 245 248 ]
38: [ 8 24 28 33 51 63 66 77 82 94 101 123 133 144 167 182 191 223 ]
39: [ 1 12 14 23 35 41 72 131 133 141 149 204 239 ]
40: [ 54 58 69 79 87 91 113 116 154 180 ]
41: [ 2 17 27 32 36 39 55 61 62 68 86 90 94 103 106 112 130 167 187 195 197 226 230 236 238 245 ]
42: [ 4 28 34 47 56 60 64 98 153 157 158 164 167 175 196 209 217 223 241 ]
43: [ 6 7 18 62 65 122 154 163 182 183 208 211 213 215 223 226 227 232 ]
44: [ 7 21 52 77 78 93 105 117 133 138 150 167 191 201 217 219 234 ]
45: [ 37 85 108 117 177 178 191 204 214 215 225 ]
46: [ 12 21 34 53 64 65 73 85 88 109 119 139 140 160 183 222 230 245 ]
47: [ 16 24 42 78 82 88 92 95 107 113 114 120 146 150 151 163 170 180 184 212 216 239 244 ]
48: [ 34 35 58 91 97 98 100 102 141 158 178 227 233 245 ]
49: [ 31 60 65 77 104 111 203 ]
50: [ 14 61 97 107 121 166 171 178 210 214 240 246 ]
51: [ 3 6 11 23 31 38 54 67 69 78 106 109 118 145 161 164 203 211 221 232 ]
52: [ 14 15 44 88 95 99 137 163 174 180 210 243 ]
53: [ 46 100 118 132 135 157 163 175 ]
54: [ 40 51 56 65 75 84 86 103 143 145 152 165 189 198 205 217 227 ]
55: [ 2 16 25 41 78 79 80 85 101 114 134 142 169 191 207 214 222 225 ]
56: [ 6 13 36 42 54 57 82 101 149 153 162 213 227 228 ]
57: [ 4 16 56 74 91 99 125 132 138 204 205 212 233 237 248 ]
58: [ 40 48 95 100 101 114 132 187 ]
59: [ 3 12 14 18 25 27 71 92 97 102 106 110 113 130 136 187 200 204 211 215 228 ]
60: [ 7 30 42 49 79 91 92 141 148 149 164 170 176 223 227 235 ]
61: [ 27 28 41 50 66 88 116 130 151 153 180 205 223 226 234 239 ]
62: [ 10 14 41 43 65 71 78 90 106 119 123 136 151 164 174 179 182 187 189 195 196 211 223 ]
63: [ 5 7 18 38 72 83 92 101 128 173 227 244 ]
64: [ 6 33 42 46 119 124 137 200 201 228 229 238 240 ]
65: [ 18 28 43 46 49 54 62 78 82 109 117 125 130 141 149 177 203 234 238 ]
66: [ 13 24 38 61 72 80 109 115 129 142 160 176 177 178 180 184 223 229 ]
67: [ 5 28 34 51 72 77 93 104 105 109 118 124 152 153 159 169 170 183 184 195 196 203 224 ]
68: [ 41 85 87 94 100 103 122 123 133 136 145 150 179 182 186 197 221 225 239 245 246 ]
69: [ 40 51 82 100 110 113 132 136 162 164 165 188 211 220 245 246 ]
70: [ 34 98 138 146 210 229 ]
71: [ 9 34 59 62 79 95 113 115 135 138 195 225 227 231 ]
72: [ 30 39 63 66 67 79 91 133 136 140 149 185 209 215 218 226 232 239 240 ]
73: [ 13 46 98 117 129 133 145 146 147 170 171 188 190 192 193 217 225 234 ]
74: [ 22 57 90 100 101 103 105 121 144 146 158 162 163 192 200 227 237 ]
75: [ 8 12 17 18 25 29 33 54 88 90 91 112 123 133 134 169 197 211 ]
76: [ 1 12 14 23 25 28 30 82 86 111 112 133 172 178 184 192 199 223 226 ]
77: [ 38 44 49 67 80 87 102 156 169 188 222 238 241 249 ]
78: [ 5 30 31 44 47 51 55 62 65 98 103 115 131 132 160 185 191 194 195 203 227 238 240 ]
79: [ 28 40 55 60 71 72 97 116 132 134 149 155 177 187 224 ]
80: [ 55 66 77 96 97 105 136 142 146 155 167 171 186 196 200 226 230 248 ]
81: [ 7 11 29 100 147 177 183 192 ]
82: [ 11 12 31 33 37 38 47 56 65 69 76 88 91 102 112 116 132 138 142 153 170 184 204 ]
83: [ 12 63 158 162 185 187 192 197 205 229 ]
84: [ 11 54 94 95 130 170 195 196 ]
85: [ 25 29 45 46 55 68 93 111 132 150 155 160 163 164 168 169 187 193 197 200 ]
86: [ 1 3 14 23 41 54 76 89 95 113 115 130 146 157 169 179 181 191 197 203 224 236 ]
87: [ 23 40 68 77 172 201 239 ]
88: [ 26 37 46 47 52 61 75 82 131 137 141 151 157 162 164 179 183 190 193 229 238 239 240 241 ]
89: [ 13 16 86 93 100 141 149 196 205 217 248 ]
90: [ 41 62 74 75 113 118 142 146 173 177 192 ]
91: [ 2 6 8 31 40 48 57 60 72 75 82 117 123 124 132 138 139 151 162 175 208 213 248 ]
92: [ 1 10 22 47 59 60 63 95 100 125 159 163 164 217 ]
93: [ 1 28 44 67 85 89 95 97 123 138 146 164 186 200 209 223 234 244 245 ]
94: [ 4 38 41 68 84 106 142 144 153 181 192 194 204 225 239 ]
95: [ 10 17 26 36 47 52 58 71 84 86 92 93 113 126 164 171 176 177 178 186 187 197 221 248 ]
96: [ 33 80 106 149 174 176 215 ]
97: [ 16 19 48 50 59 79 80 93 102 104 126 129 170 176 178 196 197 208 212 214 ]
98: [ 2 18 22 26 42 48 70 73 78 106 110 127 138 150 153 174 196 202 ]
99: [ 11 28 30 52 57 106 108 137 149 177 187 227 232 238 ]
100: [ 5 13 18 48 53 58 68 69 74 81 89 92 110 114 137 145 153 155 159 166 207 229 249 ]
101: [ 5 26 38 55 56 58 63 74 104 119 148 157 177 212 232 234 236 237 246 ]
102: [ 1 8 11 13 19 27 48 59 77 82 97 111 144 145 159 160 187 208 226 230 232 ]
103: [ 29 37 41 54 68 74 78 120 128 142 162 180 188 194 203 ]
104: [ 2 37 49 67 97 101 119 130 133 136 140 175 183 184 201 214 226 243 ]
105: [ 35 44 67 74 80 142 152 156 175 188 190 240 243 ]
106: [ 1 11 41 51 59 62 94 96 98 99 120 135 151 166 171 179 205 207 225 242 ]
107: [ 47 50 128 158 164 169 186 194 ]
108: [ 3 9 45 99 112 123 133 143 178 191 211 ]
109: [ 14 16 46 51 65 66 67 123 151 152 177 208 215 ]
110: [ 7 59 69 98 100 114 117 132 133 137 146 152 163 177 209 210 215 231 235 243 ]
111: [ 2 5 29 31 49 76 85 102 116 117 126 163 175 185 188 190 199 215 ]
112: [ 25 26 41 75 76 82 108 125 138 150 151 153 160 179 180 201 206 210 224 235 ]
113: [ 22 35 40 47 59 69 71 86 90 95 126 130 142 143 154 155 159 185 199 222 230 239 ]
114: [ 7 14 32 34 47 55 58 100 110 133 166 176 212 219 224 234 250 ]
115: [ 66 71 78 86 118 138 142 163 183 200 223 243 244 ]
116: [ 10 12 15 16 17 26 36 40 61 79 82 111 127 129 133 148 175 196 202 226 ]
117: [ 12 26 44 45 65 73 91 110 111 144 146 178 224 227 ]
118: [ 51 53 67 90 115 133 148 170 171 188 198 200 202 207 222 236 247 ]
119: [ 46 62 64 101 104 174 185 195 232 ]
120: [ 9 37 47 103 106 152 157 205 ]
121: [ 9 37 50 74 122 134 142 211 225 244 ]
122: [ 43 68 121 151 166 201 230 237 ]
123: [ 4 26 28 38 62 68 75 91 93 108 109 172 173 190 212 213 225 238 ]
124: [ 8 9 11 18 64 67 91 152 197 204 234 ]
125: [ 5 8 11 36 57 65 92 112 134 142 143 149 162 188 195 196 209 238 239 ]
126: [ 95 97 111 113 159 171 192 215 ]
127: [ 20 37 98 116 ]
128: [ 7 63 103 107 134 141 142 146 234 ]
129: [ 37 66 73 97 116 131 152 155 163 187 219 246 ]
130: [ 9 26 41 59 61 65 84 86 104 113 134 142 157 172 177 208 227 248 250 ]
131: [ 19 22 36 37 39 78 88 129 133 138 148 150 151 156 167 177 183 211 214 219 230 ]
132: [ 16 53 57 58 69 78 79 82 85 91 110 149 152 161 170 176 178 195 201 210 229 234 241 ]
133: [ 5 38 39 44 68 72 73 75 76 104 108 110 114 116 118 131 139 147 163 210 223 230 240 ]
134: [ 12 16 26 29 55 75 79 121 125 128 130 145 146 ]
135: [ 6 14 16 22 53 71 106 143 157 160 161 176 205 210 216 238 241 ]
136: [ 1 25 27 30 59 62 68 69 72 80 104 137 138 144 153 165 183 214 215 233 234 ]
137: [ 13 16 28 52 64 88 99 100 110 136 146 169 186 198 207 213 ]
138: [ 11 25 27 28 44 57 70 71 82 91 93 98 112 115 131 136 144 145 153 175 183 188 206 208 229 ]
139: [ 7 21 27 29 46 91 133 173 191 210 ]
140: [ 3 46 72 104 176 188 225 226 ]
141: [ 10 28 39 48 60 65 88 89 128 176 206 213 239 ]
142: [ 55 66 80 82 90 94 103 105 113 115 121 125 128 130 149 154 160 171 187 195 201 205 209 216 226 242 ]
143: [ 30 54 108 113 125 135 164 232 248 ]
144: [ 1 12 31 33 38 74 94 102 117 136 138 167 205 211 225 ]
145: [ 24 26 51 54 68 73 100 102 134 138 174 182 188 213 219 223 229 ]
146: [ 4 12 24 47 70 73 74 80 86 90 93 110 117 128 134 137 149 ]
147: [ 5 10 11 22 36 73 81 133 169 176 188 191 246 ]
148: [ 4 60 101 116 118 131 187 213 ]
149: [ 2 18 34 39 56 60 65 72 79 89 96 99 125 132 142 146 191 215 232 239 ]
150: [ 16 37 44 47 68 85 98 112 131 157 158 165 179 188 229 232 236 240 244 245 ]
151: [ 1 14 28 31 37 47 61 62 88 91 106 109 112 122 131 160 168 179 188 197 226 240 248 ]
152: [ 15 36 54 67 105 109 110 120 124 129 132 154 156 158 187 196 200 203 214 240 246 ]
153: [ 5 23 34 42 56 61 67 82 94 98 100 112 136 138 155 157 179 194 225 226 234 235 ]
154: [ 20 40 43 113 142 152 162 164 176 191 204 210 212 240 ]
155: [ 6 14 17 25 79 80 85 100 113 129 153 157 174 175 179 208 230 ]
156: [ 10 25 29 77 105 131 152 162 173 177 187 192 196 210 235 241 250 ]
157: [ 24 42 53 86 88 101 120 130 135 150 153 155 168 182 188 190 207 219 244 ]
158: [ 21 42 48 74 83 107 150 152 161 190 210 214 215 218 219 222 224 226 240 245 ]
159: [ 7 67 92 100 102 113 126 189 203 209 213 232 ]
160: [ 7 8 13 24 27 46 66 78 85 102 112 135 142 151 195 234 244 ]
161: [ 5 51 132 135 158 163 200 247 ]
162: [ 10 33 56 69 74 83 88 91 103 125 154 156 163 168 179 206 215 234 246 ]
163: [ 8 43 47 52 53 74 85 92 110 111 115 129 133 161 162 167 189 191 227 248 ]
164: [ 42 51 60 62 69 85 88 92 93 95 107 143 154 170 172 174 177 179 191 205 237 241 248 ]
165: [ 15 31 54 69 136 150 174 195 200 211 226 247 ]
166: [ 33 50 100 106 114 122 200 202 236 245 ]
167: [ 25 37 38 41 42 44 80 131 144 163 175 183 196 210 213 221 247 ]
168: [ 3 21 32 85 151 157 162 179 234 248 ]
169: [ 3 25 55 67 75 77 85 86 107 137 147 190 193 196 213 249 ]
170: [ 10 47 60 67 73 82 84 97 118 132 164 184 199 208 239 ]
171: [ 12 21 35 50 73 80 95 106 118 126 142 201 214 242 ]
172: [ 27 76 87 123 130 164 183 212 214 ]
173: [ 29 63 90 123 139 156 179 198 216 217 223 230 243 ]
174: [ 20 21 23 52 62 96 98 119 145 155 164 165 208 214 232 240 249 ]
175: [ 13 27 42 53 91 104 105 111 116 138 155 167 182 191 200 208 225 238 ]
176: [ 20 25 60 66 95 96 97 114 132 135 140 141 147 154 183 200 206 234 248 ]
177: [ 3 4 11 25 45 65 66 79 81 90 95 99 101 109 110 130 131 156 164 188 192 240 242 ]
178: [ 2 6 12 33 45 48 50 66 76 95 97 108 117 132 179 222 244 ]
179: [ 5 11 18 28 36 62 68 86 88 106 112 150 151 153 155 162 164 168 173 178 196 215 223 ]
180: [ 25 40 47 52 61 66 103 112 191 200 207 215 234 244 ]
181: [ 11 86 94 201 231 ]
182: [ 5 25 34 38 43 62 68 145 157 175 185 189 199 204 219 236 239 ]
183: [ 9 21 43 46 67 81 88 104 115 131 136 138 167 172 176 184 211 ]
184: [ 47 66 67 76 82 104 170 183 186 196 ]
185: [ 3 13 72 78 83 111 113 119 182 187 194 210 226 233 245 246 ]
186: [ 6 9 26 68 80 93 95 107 137 184 196 197 201 213 223 229 ]
187: [ 15 25 31 33 41 58 59 62 79 83 85 95 99 102 129 142 148 152 156 185 190 201 207 214 215 222 235 ]
188: [ 69 73 77 103 105 111 118 125 138 140 145 147 150 151 157 177 203 223 245 249 ]
189: [ 6 54 62 159 163 182 201 210 232 ]
190: [ 73 88 105 111 123 157 158 169 187 192 195 223 246 ]
191: [ 17 33 34 38 44 45 55 78 86 108 139 147 149 154 163 164 175 180 197 205 225 ]
192: [ 4 10 25 32 73 74 76 81 83 90 94 126 156 177 190 224 225 ]
193: [ 73 85 88 169 203 210 212 244 248 ]
194: [ 2 32 78 94 103 107 153 185 210 220 237 ]
195: [ 18 41 62 67 71 78 84 119 125 132 142 160 165 190 243 ]
196: [ 14 24 42 62 67 80 84 89 97 98 116 125 152 156 167 169 179 184 186 203 208 239 ]
197: [ 1 16 41 68 75 83 85 86 95 97 124 151 186 191 214 250 ]
198: [ 2 14 33 54 118 137 173 200 241 ]
199: [ 76 111 113 170 182 215 ]
200: [ 4 15 21 27 59 64 74 80 85 93 115 118 152 161 165 166 175 176 180 198 203 204 214 225 232 240 ]
201: [ 44 64 87 104 112 122 132 142 171 181 186 187 189 238 ]
202: [ 6 28 98 116 118 166 247 ]
203: [ 11 49 51 65 67 78 86 103 152 159 188 193 196 200 211 223 238 ]
204: [ 39 45 57 59 82 94 124 154 182 200 215 226 236 ]
205: [ 23 35 54 57 61 83 89 106 120 135 142 144 164 191 206 208 245 ]
206: [ 1 14 16 21 112 138 141 162 176 205 215 ]
207: [ 28 55 100 106 118 137 157 180 187 240 246 ]
208: [ 8 13 28 43 91 97 102 109 130 138 155 170 174 175 196 205 220 223 ]
209: [ 42 72 93 110 125 142 159 211 ]
210: [ 10 28 50 52 70 110 112 132 133 135 139 154 156 158 167 185 189 193 194 219 224 232 ]
211: [ 26 33 43 51 59 62 69 75 108 121 131 144 165 183 203 209 212 214 219 225 237 246 ]
212: [ 15 25 34 47 57 97 101 114 123 154 172 193 211 234 236 240 ]
213: [ 2 43 56 91 123 137 141 145 148 159 167 169 186 ]
214: [ 7 28 45 50 55 97 104 131 136 152 158 171 172 174 187 197 200 211 234 ]
215: [ 6 27 43 45 59 72 96 109 110 111 126 136 149 158 162 179 180 187 199 204 206 227 ]
216: [ 47 135 142 173 236 ]
217: [ 42 44 54 73 89 92 173 ]
218: [ 25 32 72 158 231 243 ]
219: [ 2 16 26 32 44 114 129 131 145 157 158 182 210 211 225 ]
220: [ 69 194 208 236 ]
221: [ 26 51 68 95 167 ]
222: [ 5 37 46 55 77 113 118 158 178 187 ]
223: [ 7 36 38 42 43 60 61 62 66 76 93 115 133 145 173 179 186 188 190 203 208 232 ]
224: [ 4 13 67 79 86 112 114 117 158 192 210 ]
225: [ 21 24 29 45 55 68 71 73 94 106 121 123 140 144 153 175 191 192 200 211 219 ]
226: [ 1 3 12 26 36 41 43 61 72 76 80 102 104 116 140 142 151 153 158 165 185 204 230 249 ]
227: [ 2 18 33 36 43 48 54 56 60 63 71 74 78 99 117 130 163 215 236 237 250 ]
228: [ 9 29 56 59 64 248 ]
229: [ 1 22 64 66 70 83 88 100 132 138 145 150 186 234 235 ]
230: [ 28 41 46 80 102 113 122 131 133 155 173 226 244 ]
231: [ 31 71 110 181 218 240 ]
232: [ 43 51 72 99 101 102 119 143 149 150 159 174 189 200 210 223 237 245 ]
233: [ 11 48 57 136 185 245 ]
234: [ 18 28 44 61 65 73 93 101 114 124 128 132 136 153 160 162 168 176 180 212 214 229 243 ]
235: [ 13 26 35 60 110 112 153 156 187 229 240 ]
236: [ 14 25 41 86 101 118 150 166 182 204 212 216 220 227 ]
237: [ 9 33 57 74 101 122 164 194 211 227 232 245 ]
238: [ 35 41 64 65 77 78 88 99 123 125 135 175 201 203 248 ]
239: [ 11 39 47 61 68 72 87 88 94 113 125 141 149 170 182 196 ]
240: [ 1 13 50 64 72 78 88 105 133 150 151 152 154 158 174 177 200 207 212 231 235 243 ]
241: [ 17 26 42 77 88 132 135 156 164 198 ]
242: [ 33 106 142 171 177 ]
243: [ 3 6 25 28 52 104 105 110 115 173 195 218 234 240 ]
244: [ 47 63 93 115 121 150 157 160 178 180 193 230 248 ]
245: [ 4 27 37 41 46 48 68 69 93 150 158 166 185 188 205 232 233 237 ]
246: [ 21 50 68 69 101 129 147 152 162 185 190 207 211 ]
247: [ 7 10 18 118 161 165 167 202 ]
248: [ 12 36 37 57 80 89 91 95 130 143 151 163 164 168 176 193 228 238 244 ]
249: [ 33 36 77 100 169 174 188 226 ]
250: [ 18 114 130 156 197 227 ]
