1: [ 3 7 15 36 83 85 93 103 154 190 194 196 248 ]
2: [ 6 25 44 64 105 114 136 197 203 238 245 ]
3: [ 1 24 39 41 43 50 61 62 70 96 109 125 164 167 184 188 196 219 229 242 243 ]
4: [ 6 46 54 66 95 98 112 118 119 142 187 231 ]
5: [ 32 39 60 72 85 108 109 112 123 146 147 174 185 216 233 ]
6: [ 2 4 34 42 70 72 112 158 166 184 187 190 194 233 245 ]
7: [ 1 51 79 92 100 146 150 207 220 243 ]
8: [ 9 13 19 24 34 36 38 57 58 74 82 97 110 118 119 134 148 156 164 192 217 218 ]
9: [ 8 22 23 38 42 64 90 122 124 141 156 175 187 204 206 207 221 233 ]
10: [ 16 23 25 82 88 97 100 105 109 115 140 143 165 166 167 178 185 192 204 ]
11: [ 43 49 52 64 73 93 101 110 114 121 146 183 187 194 196 209 210 244 246 ]
12: [ 44 64 69 82 103 145 195 225 226 228 ]
13: [ 8 28 37 49 53 64 100 104 106 112 123 124 129 130 205 231 235 248 250 ]
14: [ 43 44 57 66 69 72 83 96 98 114 128 153 182 188 199 219 231 236 246 ]
15: [ 1 69 122 134 146 158 175 195 201 216 222 239 ]
16: [ 10 21 27 47 50 51 55 74 77 93 100 124 133 141 158 162 187 191 192 214 226 ]
17: [ 24 60 64 111 112 137 196 202 211 ]
18: [ 19 33 48 61 69 76 80 91 122 126 137 140 155 156 159 194 206 209 210 ]
19: [ 8 18 34 39 40 42 48 54 57 85 91 138 140 149 177 182 189 206 216 235 ]
20: [ 22 102 127 164 185 186 225 226 236 242 243 ]
21: [ 16 24 53 93 159 160 179 180 182 190 211 220 230 ]
22: [ 9 20 50 68 109 113 153 201 225 250 ]
23: [ 9 10 53 70 96 105 115 122 139 146 222 245 ]
24: [ 3 8 17 21 30 33 61 64 65 68 93 97 128 139 152 170 208 213 214 223 227 233 ]
25: [ 2 10 46 87 89 93 103 108 183 184 187 191 198 201 208 222 227 244 ]
26: [ 43 59 66 87 91 94 114 129 132 153 157 161 162 179 186 204 213 216 221 224 230 ]
27: [ 16 34 58 64 120 151 185 202 205 206 ]
28: [ 13 36 38 49 105 107 126 134 163 202 207 ]
29: [ 43 58 74 94 104 112 116 130 136 141 145 149 152 162 164 169 172 198 199 217 ]
30: [ 24 90 91 172 182 197 216 ]
31: [ 34 93 113 114 119 140 190 196 213 ]
32: [ 5 47 50 51 63 69 73 87 123 136 140 148 154 155 161 165 179 189 205 214 227 238 ]
33: [ 18 24 37 41 43 47 49 56 58 73 74 86 116 117 126 144 155 166 168 176 177 199 214 224 225 248 ]
34: [ 6 8 19 27 31 35 39 43 55 58 85 106 124 126 128 134 154 162 182 185 195 232 249 ]
35: [ 34 44 50 69 75 87 106 126 146 175 191 206 232 ]
36: [ 1 8 28 89 122 137 150 163 182 219 ]
37: [ 13 33 40 42 55 57 65 101 102 117 128 159 176 196 198 203 209 227 235 243 ]
38: [ 8 9 28 44 73 75 114 130 146 163 167 168 181 207 217 ]
39: [ 3 5 19 34 41 68 87 94 103 127 148 158 174 182 189 ]
40: [ 19 37 43 50 51 109 131 174 183 188 224 227 241 244 ]
41: [ 3 33 39 43 52 61 83 116 138 177 180 183 190 194 207 213 218 237 ]
42: [ 6 9 19 37 44 46 80 86 95 107 108 118 138 141 172 199 202 211 213 221 233 248 ]
43: [ 3 11 14 26 29 33 34 40 41 62 65 97 117 122 135 140 146 164 175 183 190 218 224 229 232 ]
44: [ 2 12 14 35 38 42 51 57 66 71 83 120 215 239 242 245 247 ]
45: [ 63 123 127 140 153 164 165 168 187 198 243 247 ]
46: [ 4 25 42 81 93 103 105 116 141 142 168 172 193 197 203 209 226 ]
47: [ 16 32 33 61 80 81 82 105 114 133 138 143 153 157 187 188 202 209 216 238 240 245 ]
48: [ 18 19 61 77 109 136 151 155 163 177 191 194 202 213 233 ]
49: [ 11 13 28 33 65 79 80 96 98 122 140 161 172 190 194 200 204 234 ]
50: [ 3 16 22 32 35 40 51 52 69 91 103 115 116 131 153 155 159 202 204 227 230 234 240 ]
51: [ 7 16 32 40 44 50 54 57 68 93 105 123 124 164 170 188 203 ]
52: [ 11 41 50 69 84 87 108 182 199 226 228 231 236 ]
53: [ 13 21 23 83 85 87 100 107 109 110 140 145 148 160 166 169 172 200 204 206 215 227 240 243 ]
54: [ 4 19 51 68 75 130 146 152 158 164 209 221 243 ]
55: [ 16 34 37 154 158 168 203 207 224 233 240 249 ]
56: [ 33 135 168 177 209 ]
57: [ 8 14 19 37 44 51 61 109 199 220 ]
58: [ 8 27 29 33 34 66 81 86 88 91 96 109 128 162 173 182 188 204 205 212 213 231 ]
59: [ 26 77 82 89 100 108 119 130 171 172 192 202 235 ]
60: [ 5 17 62 95 127 137 144 150 154 176 188 202 ]
61: [ 3 18 24 41 47 48 57 77 84 91 101 118 132 145 159 162 169 245 ]
62: [ 3 43 60 67 85 90 98 99 116 136 141 179 204 205 243 ]
63: [ 32 45 97 106 113 122 124 130 176 189 215 ]
64: [ 2 9 11 12 13 17 24 27 78 87 105 145 149 185 206 209 224 ]
65: [ 24 37 43 49 86 95 118 131 139 171 172 174 176 178 185 189 201 209 223 ]
66: [ 4 14 26 44 58 81 103 132 159 179 195 197 207 210 222 226 239 249 ]
67: [ 62 68 89 132 140 143 157 ]
68: [ 22 24 39 51 54 67 117 124 136 138 143 154 179 192 207 208 222 225 231 239 ]
69: [ 12 14 15 18 32 35 50 52 88 111 117 122 135 140 155 170 228 239 243 247 ]
70: [ 3 6 23 76 121 130 140 163 175 191 209 213 ]
71: [ 44 90 103 169 206 235 ]
72: [ 5 6 14 83 118 150 169 187 213 223 231 ]
73: [ 11 32 33 38 122 168 224 226 227 ]
74: [ 8 16 29 33 75 85 96 99 127 140 150 164 201 ]
75: [ 35 38 54 74 84 102 109 119 120 129 138 149 154 175 176 196 200 235 ]
76: [ 18 70 83 88 91 97 149 163 188 209 235 ]
77: [ 16 48 59 61 82 89 101 147 163 173 175 179 206 208 223 227 239 249 ]
78: [ 64 91 156 189 217 223 ]
79: [ 7 49 118 122 126 179 189 195 231 ]
80: [ 18 42 47 49 86 91 105 130 139 161 177 182 ]
81: [ 46 47 58 66 105 116 160 213 219 221 ]
82: [ 8 10 12 47 59 77 91 121 122 143 160 199 209 227 243 248 ]
83: [ 1 14 41 44 53 72 76 84 133 162 166 167 187 197 202 221 225 228 ]
84: [ 52 61 75 83 98 109 111 117 119 122 125 139 147 157 168 172 221 231 235 ]
85: [ 1 5 19 34 53 62 74 87 91 103 109 114 116 133 134 170 186 227 228 244 ]
86: [ 33 42 58 65 80 98 102 180 181 184 185 199 206 213 238 239 ]
87: [ 25 26 32 35 39 52 53 64 85 98 134 140 ]
88: [ 10 58 69 76 89 102 117 132 149 150 159 161 206 216 ]
89: [ 25 36 59 67 77 88 93 98 121 124 143 149 155 163 165 177 180 188 189 192 202 204 206 209 219 223 239 ]
90: [ 9 30 62 71 154 171 173 174 191 201 208 210 ]
91: [ 18 19 26 30 50 58 61 76 78 80 82 85 155 175 190 204 236 ]
92: [ 7 103 108 132 134 169 175 178 199 224 229 ]
93: [ 1 11 16 21 24 25 31 46 51 89 117 143 155 168 171 187 202 209 215 223 230 240 ]
94: [ 26 29 39 132 140 147 179 ]
95: [ 4 42 60 65 116 128 175 177 216 ]
96: [ 3 14 23 49 58 74 100 114 124 132 135 154 155 158 193 194 197 201 206 228 ]
97: [ 8 10 24 43 63 76 107 171 179 180 ]
98: [ 4 14 49 62 84 86 87 89 105 114 120 162 185 200 248 ]
99: [ 62 74 123 126 214 224 235 238 246 249 ]
100: [ 7 10 13 16 53 59 96 114 127 ]
101: [ 11 37 61 77 131 134 195 214 218 ]
102: [ 20 37 75 86 88 146 172 174 175 186 188 189 193 202 219 231 ]
103: [ 1 12 25 39 46 50 66 71 85 92 105 120 132 138 195 224 239 245 ]
104: [ 13 29 118 126 127 134 162 178 194 199 209 243 246 ]
105: [ 2 10 23 28 46 47 51 64 80 81 98 103 138 141 184 197 204 219 236 ]
106: [ 13 34 35 63 130 142 166 178 201 204 241 248 ]
107: [ 28 42 53 97 126 172 173 198 211 213 ]
108: [ 5 25 42 52 59 92 143 148 173 177 194 201 202 203 ]
109: [ 3 5 10 22 40 48 53 57 58 75 84 85 118 130 180 206 232 235 241 244 ]
110: [ 8 11 53 166 175 197 219 232 ]
111: [ 17 69 84 117 123 124 147 199 233 ]
112: [ 4 5 6 13 17 29 165 181 182 234 ]
113: [ 22 31 63 117 125 128 143 148 156 203 233 ]
114: [ 2 11 14 26 31 38 47 85 96 98 100 120 135 136 140 146 168 195 206 225 235 239 244 ]
115: [ 10 23 50 117 127 132 133 152 186 241 245 ]
116: [ 29 33 41 46 50 62 81 85 95 130 143 173 189 191 208 236 245 ]
117: [ 33 37 43 68 69 84 88 93 111 113 115 120 149 155 187 196 203 208 209 212 234 237 ]
118: [ 4 8 42 61 65 72 79 104 109 138 151 153 158 164 175 189 219 245 ]
119: [ 4 8 31 59 75 84 166 172 243 244 ]
120: [ 27 44 75 98 103 114 117 122 132 143 153 174 199 214 ]
121: [ 11 70 82 89 131 159 176 178 180 185 221 ]
122: [ 9 15 18 23 36 43 49 63 69 73 79 82 84 120 123 135 155 163 170 190 211 215 228 241 243 ]
123: [ 5 13 32 45 51 99 111 122 136 150 166 202 203 223 ]
124: [ 9 13 16 34 51 63 68 89 96 111 141 177 178 189 207 210 ]
125: [ 3 84 113 158 177 195 211 245 ]
126: [ 18 28 33 34 35 79 99 104 107 132 142 150 153 163 164 174 197 206 214 235 246 247 ]
127: [ 20 39 45 60 74 100 104 115 132 152 185 190 214 226 ]
128: [ 14 24 34 37 58 95 113 143 146 147 194 212 236 ]
129: [ 13 26 75 131 152 179 217 224 ]
130: [ 13 29 38 54 59 63 70 80 106 109 116 134 162 174 199 211 221 227 242 249 ]
131: [ 40 50 65 101 121 129 188 190 204 224 ]
132: [ 26 61 66 67 88 92 94 96 103 115 120 126 127 135 154 178 193 205 206 249 ]
133: [ 16 47 83 85 115 156 169 192 205 209 231 237 243 ]
134: [ 8 15 28 34 85 87 92 101 104 130 166 177 182 244 ]
135: [ 43 56 69 96 114 122 132 153 ]
136: [ 2 29 32 48 62 68 114 123 158 170 174 175 176 185 186 187 191 197 206 209 210 215 228 ]
137: [ 17 18 36 60 208 217 243 ]
138: [ 19 41 42 47 68 75 103 105 118 159 160 164 174 194 197 201 206 208 218 227 231 241 ]
139: [ 23 24 65 80 84 175 ]
140: [ 10 18 19 31 32 43 45 49 53 67 69 70 74 87 94 114 166 172 210 225 232 238 ]
141: [ 9 16 29 42 46 62 105 124 147 195 197 208 219 ]
142: [ 4 46 106 126 162 190 201 ]
143: [ 10 47 67 68 82 89 93 108 113 116 120 128 155 163 187 239 243 250 ]
144: [ 33 60 162 175 185 248 ]
145: [ 12 29 53 61 64 179 207 ]
146: [ 5 7 11 15 23 35 38 43 54 102 114 128 150 154 166 167 170 184 202 217 220 236 240 241 ]
147: [ 5 77 84 94 111 128 141 163 220 225 231 249 ]
148: [ 8 32 39 53 108 113 184 185 192 208 244 ]
149: [ 19 29 64 75 76 88 89 117 150 154 185 210 249 ]
150: [ 7 36 60 72 74 88 123 126 146 149 159 185 191 203 204 210 235 240 247 ]
151: [ 27 48 118 164 ]
152: [ 24 29 54 115 127 129 165 172 175 189 194 ]
153: [ 14 22 26 45 47 50 118 120 126 135 ]
154: [ 1 32 34 55 60 68 75 90 96 132 146 149 162 170 178 247 ]
155: [ 18 32 33 48 50 69 89 91 93 96 117 122 143 175 192 247 ]
156: [ 8 9 18 78 113 133 159 176 187 201 207 214 217 233 250 ]
157: [ 26 47 67 84 159 216 235 ]
158: [ 6 15 16 39 54 55 96 118 125 136 175 192 194 207 209 213 215 ]
159: [ 18 21 37 50 61 66 88 121 138 150 156 157 172 216 226 249 ]
160: [ 21 53 81 82 138 168 177 224 227 239 246 ]
161: [ 26 32 49 80 88 182 187 230 ]
162: [ 16 26 29 34 58 61 83 98 104 130 142 144 154 175 ]
163: [ 28 36 38 48 70 76 77 89 122 126 143 147 167 196 203 204 220 231 235 243 ]
164: [ 3 8 20 29 43 45 51 54 74 118 126 138 151 167 174 200 208 230 ]
165: [ 10 32 45 89 112 152 199 201 207 222 239 ]
166: [ 6 10 33 53 83 106 110 119 123 134 140 146 169 190 197 201 208 219 ]
167: [ 3 10 38 83 146 163 164 207 231 ]
168: [ 33 38 45 46 55 56 73 84 93 114 160 169 187 195 203 207 212 213 230 240 244 ]
169: [ 29 53 61 71 72 92 133 166 168 182 216 232 235 ]
170: [ 24 51 69 85 122 136 146 154 186 197 226 234 ]
171: [ 59 65 90 93 97 202 221 245 ]
172: [ 29 30 42 46 49 53 59 65 84 102 107 119 140 152 159 208 212 226 231 ]
173: [ 58 77 90 107 108 116 187 188 200 217 224 225 244 ]
174: [ 5 39 40 65 90 102 120 126 130 136 138 164 194 ]
175: [ 9 15 35 43 70 75 77 91 92 95 102 110 118 136 139 144 152 155 158 162 204 207 209 232 ]
176: [ 33 37 60 63 65 75 121 136 156 194 ]
177: [ 19 33 41 48 56 80 89 95 108 124 125 134 160 189 196 210 229 243 ]
178: [ 10 65 92 104 106 121 124 132 154 186 199 210 215 219 224 241 ]
179: [ 21 26 32 62 66 68 77 79 94 97 129 145 190 213 225 237 248 ]
180: [ 21 41 86 89 97 109 121 220 224 236 240 ]
181: [ 38 86 112 203 210 238 ]
182: [ 14 19 21 30 34 36 39 52 58 80 112 134 161 169 201 210 219 224 225 226 233 ]
183: [ 11 25 40 41 43 208 ]
184: [ 3 6 25 86 105 146 148 187 195 213 ]
185: [ 5 10 20 27 34 64 65 86 98 121 127 136 144 148 149 150 195 207 ]
186: [ 20 26 85 102 115 136 170 178 201 222 238 ]
187: [ 4 6 9 11 16 25 45 47 72 83 93 117 136 143 156 161 168 173 184 195 204 215 ]
188: [ 3 14 40 47 51 58 60 76 89 102 131 173 206 ]
189: [ 19 32 39 63 65 78 79 89 102 116 118 124 152 177 204 219 ]
190: [ 1 6 21 31 41 43 49 91 122 127 131 142 166 179 193 211 219 220 ]
191: [ 16 25 35 48 70 90 116 136 150 211 214 234 245 ]
192: [ 8 10 16 59 68 89 133 148 155 158 196 203 210 211 217 221 244 ]
193: [ 46 96 102 132 190 ]
194: [ 1 6 11 18 41 48 49 96 104 108 128 138 152 158 174 176 197 225 ]
195: [ 12 15 34 66 79 101 103 114 125 141 168 184 185 187 227 ]
196: [ 1 3 11 17 31 37 75 117 163 177 192 217 223 ]
197: [ 2 30 46 66 83 96 105 110 126 136 138 141 166 170 194 204 206 218 219 ]
198: [ 25 29 37 45 107 202 224 240 ]
199: [ 14 29 33 42 52 57 82 86 92 104 111 120 130 165 178 207 208 221 230 232 236 ]
200: [ 49 53 75 98 164 173 201 ]
201: [ 15 22 25 65 74 90 96 106 108 138 142 156 165 166 182 186 200 231 248 ]
202: [ 17 27 28 42 47 48 50 59 60 83 89 93 102 108 123 146 171 198 216 239 ]
203: [ 2 37 46 51 55 108 113 117 123 150 163 168 181 192 210 ]
204: [ 9 10 26 49 50 53 58 62 89 91 105 106 131 150 163 175 187 189 197 227 235 ]
205: [ 13 27 32 58 62 132 133 207 ]
206: [ 9 18 19 27 35 53 64 71 77 86 88 89 96 109 114 126 132 136 138 188 197 209 210 218 220 224 235 ]
207: [ 7 9 28 38 41 55 66 68 124 145 156 158 165 167 168 175 185 199 205 222 ]
208: [ 24 25 68 77 90 116 117 137 138 141 148 164 166 172 183 199 210 221 230 235 239 243 ]
209: [ 11 18 37 46 47 54 56 64 65 70 76 82 89 93 104 117 133 136 158 175 206 227 ]
210: [ 11 18 66 90 124 136 140 149 150 177 178 181 182 192 203 206 208 227 236 242 246 ]
211: [ 17 21 42 107 122 125 130 190 191 192 231 ]
212: [ 58 117 128 168 172 224 245 ]
213: [ 24 26 31 41 42 48 58 70 72 81 86 107 158 168 179 184 223 226 ]
214: [ 16 24 32 33 99 101 120 126 127 156 191 220 234 245 ]
215: [ 44 53 63 93 122 136 158 178 187 224 238 ]
216: [ 5 15 19 26 30 47 88 95 157 159 169 202 233 ]
217: [ 8 29 38 78 129 137 146 156 173 192 196 219 243 ]
218: [ 8 41 43 101 138 197 206 235 ]
219: [ 3 14 36 81 89 102 105 110 118 141 166 178 182 189 190 197 217 222 234 235 ]
220: [ 7 21 57 146 147 163 180 190 206 214 ]
221: [ 9 26 42 54 81 83 84 121 130 171 192 199 208 225 228 246 ]
222: [ 15 23 25 66 68 165 186 207 219 224 228 235 ]
223: [ 24 65 72 77 78 89 93 123 196 213 245 ]
224: [ 26 33 40 43 55 64 73 92 99 103 129 131 160 173 178 180 182 198 206 212 215 222 237 ]
225: [ 12 20 22 33 68 83 114 140 147 173 179 182 194 221 ]
226: [ 12 16 20 46 52 66 73 127 159 170 172 182 213 229 231 232 ]
227: [ 24 25 32 37 40 50 53 73 77 82 85 130 138 160 195 204 209 210 234 240 247 ]
228: [ 12 52 69 83 85 96 122 136 221 222 230 ]
229: [ 3 43 92 177 226 235 ]
230: [ 21 26 50 93 161 164 168 199 208 228 235 ]
231: [ 4 13 14 52 58 68 72 79 84 102 133 138 147 163 167 172 201 211 226 241 ]
232: [ 34 35 43 109 110 140 169 175 199 226 ]
233: [ 5 6 9 24 42 48 55 111 113 156 182 216 242 245 ]
234: [ 49 50 112 117 170 191 214 219 227 ]
235: [ 13 19 37 59 71 75 76 84 99 109 114 126 150 157 163 169 204 206 208 218 219 222 229 230 249 ]
236: [ 14 20 52 91 105 116 128 146 180 199 210 ]
237: [ 41 117 133 179 224 243 ]
238: [ 2 32 47 86 99 140 181 186 215 ]
239: [ 15 44 66 68 69 77 86 89 103 114 143 160 165 202 208 241 ]
240: [ 47 50 53 55 93 146 150 168 180 198 227 245 250 ]
241: [ 40 106 109 115 122 138 146 178 231 239 ]
242: [ 3 20 44 130 210 233 ]
243: [ 3 7 20 37 45 53 54 62 69 82 104 119 122 133 137 143 163 177 208 217 237 ]
244: [ 11 25 40 85 109 114 119 134 148 168 173 192 ]
245: [ 2 6 23 44 47 61 103 115 116 118 125 171 191 212 214 223 233 240 ]
246: [ 11 14 99 104 126 160 210 221 ]
247: [ 44 45 69 126 150 154 155 227 ]
248: [ 1 13 33 42 82 98 106 144 179 201 ]
249: [ 34 55 66 77 99 130 132 147 149 159 235 ]
250: [ 13 22 143 156 240 ]
