1: [ 10 50 54 73 75 79 88 95 108 112 127 144 178 190 245 ]
2: [ 25 36 39 64 65 87 108 113 167 203 206 248 249 ]
3: [ 27 34 65 72 76 95 110 116 144 155 166 195 215 221 246 ]
4: [ 20 30 43 53 85 144 205 225 243 ]
5: [ 53 55 77 83 113 134 180 181 189 197 203 208 214 220 245 ]
6: [ 14 17 21 57 75 79 137 145 152 156 179 185 201 222 229 233 245 ]
7: [ 34 57 66 118 119 141 144 160 169 ]
8: [ 21 58 62 70 77 80 115 160 165 171 195 206 210 218 ]
9: [ 24 119 122 157 161 164 220 234 249 ]
10: [ 1 51 53 68 74 88 96 98 102 108 116 144 168 171 175 197 227 ]
11: [ 34 52 54 55 59 60 64 83 91 93 95 98 99 103 122 166 173 177 179 181 185 194 195 201 203 208 220 236 ]
12: [ 85 229 232 247 ]
13: [ 37 61 89 91 114 129 171 184 196 ]
14: [ 6 35 61 123 134 146 152 156 168 172 195 218 ]
15: [ 42 80 107 131 179 214 218 222 235 ]
16: [ 17 24 54 57 115 116 134 152 155 171 201 203 211 213 225 237 241 249 ]
17: [ 6 16 19 25 65 71 79 113 149 157 189 ]
18: [ 81 95 121 157 203 211 248 ]
19: [ 17 32 36 39 62 63 65 75 81 94 96 130 133 153 159 173 182 221 232 234 241 247 ]
20: [ 4 36 57 70 98 115 142 200 ]
21: [ 6 8 64 81 114 120 140 206 220 246 249 ]
22: [ 27 42 53 58 60 64 86 116 122 124 157 185 189 196 240 ]
23: [ 85 86 107 110 120 133 138 155 157 159 203 208 210 211 213 217 219 220 248 ]
24: [ 9 16 50 104 121 153 159 166 ]
25: [ 2 17 35 36 48 52 53 54 70 85 138 159 178 188 195 201 206 213 218 231 232 ]
26: [ 30 55 61 65 105 127 142 167 204 231 ]
27: [ 3 22 42 56 61 79 97 99 118 134 191 205 219 250 ]
28: [ 52 70 79 110 116 119 126 143 153 162 171 184 196 210 242 ]
29: [ 68 80 82 99 112 132 187 218 234 243 ]
30: [ 4 26 52 59 76 99 103 104 128 141 159 176 179 194 217 219 228 ]
31: [ 45 47 96 111 124 143 147 160 171 196 198 205 215 231 ]
32: [ 19 43 47 109 148 156 162 166 172 220 231 233 235 246 ]
33: [ 36 39 50 124 133 142 155 157 178 246 ]
34: [ 3 7 11 35 54 66 81 89 91 113 128 131 154 156 171 172 184 192 217 234 239 ]
35: [ 14 25 34 37 50 66 68 69 87 112 144 145 149 151 166 171 185 186 192 197 220 234 238 243 ]
36: [ 2 19 20 25 33 80 150 211 ]
37: [ 13 35 75 78 115 131 178 202 222 224 235 244 249 ]
38: [ 40 81 85 91 137 145 163 189 210 211 226 241 ]
39: [ 2 19 33 41 43 76 104 113 119 120 125 129 139 150 156 160 165 191 195 203 213 217 ]
40: [ 38 51 65 118 134 139 146 192 210 226 ]
41: [ 39 67 71 122 137 144 162 164 167 174 209 242 249 ]
42: [ 15 22 27 53 65 66 81 95 110 111 132 148 152 154 157 208 209 214 230 248 ]
43: [ 4 32 39 55 56 58 75 88 128 149 157 160 163 165 166 170 177 184 188 205 232 ]
44: [ 88 131 166 217 223 231 ]
45: [ 31 47 51 65 95 170 209 ]
46: [ 59 70 78 98 139 141 191 245 ]
47: [ 31 32 45 62 81 114 148 149 150 165 226 237 241 ]
48: [ 25 56 77 121 128 131 141 185 203 224 ]
49: [ 72 210 224 246 ]
50: [ 1 24 33 35 52 80 85 95 104 114 120 132 177 184 209 236 245 ]
51: [ 10 40 45 64 65 89 101 108 139 178 180 225 228 239 ]
52: [ 11 25 28 30 50 62 103 112 165 183 189 ]
53: [ 4 5 10 22 25 42 65 66 88 89 98 110 123 124 131 154 155 171 176 183 195 217 225 232 ]
54: [ 1 11 16 25 34 128 141 151 155 160 177 179 184 185 192 219 225 228 ]
55: [ 5 11 26 43 65 79 90 92 100 101 103 149 153 157 158 218 224 225 229 232 ]
56: [ 27 43 48 63 85 97 112 117 128 145 187 222 241 246 ]
57: [ 6 7 16 20 58 60 65 69 115 123 154 220 228 230 233 243 245 247 249 ]
58: [ 8 22 43 57 60 88 109 134 154 155 156 183 240 ]
59: [ 11 30 46 74 84 91 100 110 124 171 202 213 232 240 ]
60: [ 11 22 57 58 90 94 97 104 127 129 131 141 149 151 177 188 195 215 ]
61: [ 13 14 26 27 115 132 173 178 198 204 224 229 236 243 ]
62: [ 8 19 47 52 76 85 137 174 191 199 239 ]
63: [ 19 56 65 71 77 79 86 140 143 155 168 183 205 212 217 224 241 245 ]
64: [ 2 11 21 22 51 81 115 139 144 169 177 183 192 233 234 ]
65: [ 2 3 17 19 26 40 42 45 51 53 55 57 63 83 99 112 132 178 192 199 201 205 231 232 240 241 ]
66: [ 7 34 35 42 53 83 87 95 99 103 105 111 132 161 184 229 236 244 ]
67: [ 41 76 133 139 205 226 231 248 ]
68: [ 10 29 35 79 85 88 112 113 141 222 225 ]
69: [ 35 57 108 124 167 182 240 ]
70: [ 8 20 25 28 46 76 77 88 91 100 117 120 134 170 190 197 212 213 234 239 245 ]
71: [ 17 41 63 76 94 155 169 185 224 239 250 ]
72: [ 3 49 86 95 105 112 127 215 216 231 ]
73: [ 1 81 115 148 163 165 169 179 209 219 ]
74: [ 10 59 96 112 169 182 210 229 ]
75: [ 1 6 19 37 43 76 81 118 216 217 245 ]
76: [ 3 30 39 62 67 70 71 75 125 127 170 183 184 188 211 234 249 ]
77: [ 5 8 48 63 70 84 116 117 141 154 163 210 231 ]
78: [ 37 46 89 91 114 126 132 138 176 186 218 222 226 231 ]
79: [ 1 6 17 27 28 55 63 68 147 169 220 222 226 248 ]
80: [ 8 15 29 36 50 81 99 103 132 133 161 186 188 208 217 224 238 244 ]
81: [ 18 19 21 34 38 42 47 64 73 75 80 84 100 112 132 134 186 195 204 240 244 245 250 ]
82: [ 29 91 112 113 149 160 163 181 194 ]
83: [ 5 11 65 66 89 94 134 191 225 243 ]
84: [ 59 77 81 98 105 125 134 177 182 219 220 235 240 ]
85: [ 4 12 23 25 38 50 56 62 68 93 95 101 114 136 146 207 211 250 ]
86: [ 22 23 63 72 91 97 102 111 114 118 127 128 132 139 156 160 182 195 201 204 211 213 226 234 246 ]
87: [ 2 35 66 96 115 124 130 131 170 181 196 201 219 220 223 ]
88: [ 1 10 43 44 53 58 68 70 127 129 155 164 179 210 213 220 229 240 250 ]
89: [ 13 34 51 53 78 83 96 110 117 178 181 183 200 216 218 234 239 245 ]
90: [ 55 60 107 114 138 155 169 172 192 209 235 239 241 246 ]
91: [ 11 13 34 38 59 70 78 82 86 99 140 146 147 151 185 194 232 244 245 246 247 250 ]
92: [ 55 96 120 147 202 217 232 ]
93: [ 11 85 139 156 195 199 231 237 239 242 ]
94: [ 19 60 71 83 123 225 243 ]
95: [ 1 3 11 18 42 45 50 66 72 85 98 104 142 164 209 238 241 243 ]
96: [ 10 19 31 74 87 89 92 116 142 228 ]
97: [ 27 56 60 86 129 137 148 164 178 179 204 223 231 233 246 248 ]
98: [ 10 11 20 46 53 84 95 107 119 142 143 153 170 176 194 196 209 213 214 223 230 ]
99: [ 11 27 29 30 65 66 80 91 137 143 159 190 193 205 224 230 240 ]
100: [ 55 59 70 81 101 104 152 171 178 182 229 242 250 ]
101: [ 51 55 85 100 102 131 136 182 212 216 221 244 ]
102: [ 10 86 101 106 126 127 131 153 163 176 184 225 232 242 ]
103: [ 11 30 52 55 66 80 114 124 127 133 134 169 189 198 247 250 ]
104: [ 24 30 39 50 60 95 100 105 118 130 134 176 180 206 230 ]
105: [ 26 66 72 84 104 114 118 129 142 145 174 206 207 215 217 239 ]
106: [ 102 109 111 213 244 ]
107: [ 15 23 90 98 113 137 146 152 153 156 165 178 195 199 238 244 250 ]
108: [ 1 2 10 51 69 137 144 151 169 197 203 205 209 214 215 239 ]
109: [ 32 58 106 118 122 130 132 136 156 163 165 172 190 199 230 ]
110: [ 3 23 28 42 53 59 89 129 130 146 166 190 ]
111: [ 31 42 66 86 106 114 130 133 136 160 164 168 231 240 ]
112: [ 1 29 35 52 56 65 68 72 74 81 82 120 142 159 174 179 218 226 229 241 249 ]
113: [ 2 5 17 34 39 68 82 107 130 135 168 170 177 181 201 207 ]
114: [ 13 21 47 50 78 85 86 90 103 105 111 146 158 167 182 215 225 228 240 ]
115: [ 8 16 20 37 57 61 64 73 87 120 128 139 141 152 162 164 166 179 190 ]
116: [ 3 10 16 22 28 77 96 124 128 140 169 178 183 184 190 201 210 211 213 238 249 ]
117: [ 56 70 77 89 143 246 ]
118: [ 7 27 40 75 86 104 105 109 130 140 143 158 171 205 206 238 243 ]
119: [ 7 9 28 39 98 121 124 138 141 214 237 ]
120: [ 21 23 39 50 70 92 112 115 147 162 185 203 ]
121: [ 18 24 48 119 137 151 162 173 184 197 201 208 246 250 ]
122: [ 9 11 22 41 109 182 203 206 214 218 224 235 238 ]
123: [ 14 53 57 94 125 156 166 169 171 175 191 210 211 218 ]
124: [ 22 31 33 53 59 69 87 103 116 119 130 131 142 143 152 195 222 226 235 243 247 ]
125: [ 39 76 84 123 172 183 195 196 222 231 246 ]
126: [ 28 78 102 154 208 210 220 232 ]
127: [ 1 26 60 72 76 86 88 102 103 185 189 194 199 200 204 205 216 222 244 245 ]
128: [ 30 34 43 48 54 56 86 115 116 143 156 157 181 198 211 ]
129: [ 13 39 60 88 97 105 110 145 154 172 178 229 241 ]
130: [ 19 87 104 109 110 111 113 118 124 131 139 141 155 159 209 210 229 241 ]
131: [ 15 34 37 44 48 53 60 87 101 102 124 130 155 185 197 211 221 223 231 ]
132: [ 29 42 50 61 65 66 78 80 81 86 109 136 137 142 152 206 217 229 232 ]
133: [ 19 23 33 67 80 103 111 158 159 180 182 197 202 207 220 223 248 ]
134: [ 5 14 16 27 40 58 70 81 83 84 103 104 139 146 161 162 164 166 181 223 225 247 ]
135: [ 113 136 165 168 ]
136: [ 85 101 109 111 132 135 151 159 195 214 218 227 237 ]
137: [ 6 38 41 62 97 99 107 108 121 132 157 196 214 230 242 ]
138: [ 23 25 78 90 119 151 169 199 225 233 234 ]
139: [ 39 40 46 51 64 67 86 93 115 130 134 160 164 190 193 196 243 ]
140: [ 21 63 91 116 118 155 171 228 232 244 ]
141: [ 7 30 46 48 54 60 68 77 115 119 130 142 166 183 201 223 ]
142: [ 20 26 33 95 96 98 105 112 124 132 141 155 156 169 172 203 245 249 ]
143: [ 28 31 63 98 99 117 118 124 128 156 157 185 190 216 228 ]
144: [ 1 3 4 7 10 35 41 64 108 154 163 190 195 211 232 239 ]
145: [ 6 35 38 56 105 129 165 167 189 191 193 226 247 ]
146: [ 14 40 85 91 107 110 114 134 161 187 196 229 233 234 ]
147: [ 31 79 91 92 120 153 157 170 178 227 ]
148: [ 32 42 47 73 97 185 195 205 213 242 248 ]
149: [ 17 35 43 47 55 60 82 155 195 ]
150: [ 36 39 47 163 ]
151: [ 35 54 60 91 108 121 136 138 155 165 168 204 213 244 ]
152: [ 6 14 16 42 100 107 115 124 132 197 210 228 233 234 ]
153: [ 19 24 28 55 98 102 107 147 170 210 215 240 241 244 ]
154: [ 34 42 53 57 58 77 126 129 144 157 206 213 ]
155: [ 3 16 23 33 53 54 58 63 71 88 90 130 131 140 142 149 151 187 201 243 244 249 ]
156: [ 6 14 32 34 39 58 86 93 107 109 123 128 142 143 210 220 224 225 239 ]
157: [ 9 17 18 22 23 33 42 43 55 128 137 143 147 154 166 211 ]
158: [ 55 114 118 133 166 173 205 244 ]
159: [ 19 23 24 25 30 99 112 130 133 136 202 211 246 ]
160: [ 7 8 31 39 43 54 82 86 111 139 169 171 172 181 190 191 193 206 245 247 ]
161: [ 9 66 80 134 146 178 197 205 226 ]
162: [ 28 32 41 115 120 121 134 174 181 192 195 206 213 227 ]
163: [ 38 43 73 77 82 102 109 144 150 168 195 207 227 233 ]
164: [ 9 41 88 95 97 111 115 134 139 165 168 181 182 ]
165: [ 8 39 43 47 52 73 107 109 135 145 151 164 179 204 212 214 232 241 244 ]
166: [ 3 11 24 32 35 43 44 110 115 123 134 141 157 158 187 194 196 223 225 230 ]
167: [ 2 26 41 69 114 145 174 176 214 217 224 246 247 ]
168: [ 10 14 63 111 113 135 151 163 164 229 ]
169: [ 7 64 71 73 74 79 90 103 108 116 123 138 142 160 170 174 185 221 231 ]
170: [ 43 45 70 76 87 98 113 147 153 169 182 212 ]
171: [ 8 10 13 16 28 31 34 35 53 59 100 118 123 140 160 172 194 202 204 206 211 217 242 ]
172: [ 14 32 34 90 109 125 129 142 160 171 193 194 206 228 235 243 ]
173: [ 11 19 61 121 158 176 193 240 ]
174: [ 41 62 105 112 162 167 169 176 205 ]
175: [ 10 123 229 ]
176: [ 30 53 78 98 102 104 167 173 174 183 213 224 231 250 ]
177: [ 11 43 50 54 60 64 84 113 187 ]
178: [ 1 25 33 37 51 61 65 89 97 100 107 116 129 147 161 188 194 202 206 239 ]
179: [ 6 11 15 30 54 73 88 97 112 115 165 187 188 194 195 235 240 ]
180: [ 5 51 104 133 243 246 250 ]
181: [ 5 11 82 87 89 113 128 134 160 162 164 182 202 240 ]
182: [ 19 69 74 84 86 100 101 114 122 133 164 170 181 193 204 209 219 224 225 ]
183: [ 52 53 58 63 64 76 89 116 125 141 176 201 ]
184: [ 13 28 34 43 50 54 66 76 102 116 121 185 204 225 ]
185: [ 6 11 22 35 48 54 71 91 120 127 131 143 148 169 184 192 199 204 206 207 210 218 220 ]
186: [ 35 78 80 81 187 222 233 ]
187: [ 29 56 146 155 166 177 179 186 213 229 232 ]
188: [ 25 43 60 76 80 178 179 218 232 234 ]
189: [ 5 17 22 38 52 103 127 145 190 208 210 222 229 ]
190: [ 1 70 99 109 110 115 116 139 143 144 160 189 202 206 217 ]
191: [ 27 39 46 62 83 123 145 160 196 203 233 238 247 ]
192: [ 34 35 40 54 64 65 90 162 185 202 211 215 226 247 ]
193: [ 99 139 145 160 172 173 182 204 220 226 ]
194: [ 11 30 82 91 98 127 166 171 172 178 179 201 215 219 220 231 233 242 ]
195: [ 3 8 11 14 25 39 53 60 81 86 93 107 124 125 136 144 148 149 162 163 179 201 214 224 246 ]
196: [ 13 22 28 31 87 98 125 137 139 146 166 191 205 236 238 245 249 ]
197: [ 5 10 35 70 108 121 131 133 152 161 206 210 218 220 226 249 ]
198: [ 31 61 103 128 203 215 ]
199: [ 62 65 93 107 109 127 138 185 207 232 246 ]
200: [ 20 89 127 ]
201: [ 6 11 16 25 65 86 87 113 116 121 141 155 183 194 195 205 221 231 ]
202: [ 37 59 92 133 159 171 178 181 190 192 211 224 241 ]
203: [ 2 5 11 16 18 23 39 48 108 120 122 142 191 198 215 235 245 ]
204: [ 26 61 81 86 97 127 151 165 171 182 184 185 193 210 212 233 239 ]
205: [ 4 27 31 43 63 65 67 99 108 118 127 148 158 161 174 196 201 210 224 233 239 241 249 ]
206: [ 2 8 21 25 104 105 118 122 132 154 160 162 171 172 178 185 190 197 217 233 243 ]
207: [ 85 105 113 133 163 185 199 224 247 ]
208: [ 5 11 23 42 80 121 126 189 215 ]
209: [ 41 42 45 50 73 90 95 98 108 130 182 237 250 ]
210: [ 8 23 28 38 40 49 74 77 88 116 123 126 130 152 153 156 185 189 197 204 205 227 ]
211: [ 16 18 23 36 38 76 85 86 116 123 128 131 144 157 159 171 192 202 212 235 239 ]
212: [ 63 70 101 165 170 204 211 216 233 239 ]
213: [ 16 23 25 39 59 70 86 88 98 106 116 148 151 154 162 176 187 215 218 233 ]
214: [ 5 15 42 98 108 119 122 136 137 165 167 195 215 217 245 249 ]
215: [ 3 31 60 72 105 108 114 153 192 194 198 203 208 213 214 222 226 233 234 249 250 ]
216: [ 72 75 89 101 127 143 212 232 ]
217: [ 23 30 34 39 44 53 63 75 80 92 105 132 167 171 190 206 214 233 241 247 250 ]
218: [ 8 14 15 25 29 55 78 89 112 122 123 136 185 188 197 213 223 239 ]
219: [ 23 27 30 54 73 84 87 182 194 222 231 ]
220: [ 5 9 11 21 23 32 35 57 79 84 87 88 126 133 156 185 193 194 197 222 246 ]
221: [ 3 19 101 131 169 201 ]
222: [ 6 15 37 56 68 78 79 124 125 127 186 189 215 219 220 235 247 ]
223: [ 44 87 97 98 131 133 134 141 166 218 ]
224: [ 37 48 49 55 61 63 71 80 99 122 156 167 176 182 195 202 205 207 235 238 ]
225: [ 4 16 51 53 54 55 68 83 94 102 114 134 138 156 166 182 184 243 244 248 ]
226: [ 38 40 47 67 78 79 86 112 124 145 161 192 193 197 215 234 238 242 248 ]
227: [ 10 136 147 162 163 210 ]
228: [ 30 51 54 57 96 114 140 143 152 172 233 246 ]
229: [ 6 12 55 61 66 74 88 100 112 129 130 132 146 168 175 187 189 241 ]
230: [ 42 57 98 99 104 109 137 166 ]
231: [ 25 26 31 32 44 65 67 72 77 78 93 97 111 125 131 169 176 194 201 219 239 243 248 ]
232: [ 12 19 25 43 53 55 59 65 91 92 102 126 132 140 144 165 187 188 199 216 ]
233: [ 6 32 57 64 97 138 146 152 163 186 191 194 204 205 206 212 213 215 217 228 ]
234: [ 9 19 29 34 35 64 70 76 86 89 138 146 152 188 215 226 237 ]
235: [ 15 32 37 84 90 122 124 172 179 203 211 222 224 240 243 ]
236: [ 11 50 61 66 196 ]
237: [ 16 47 93 119 136 209 234 ]
238: [ 35 80 95 107 116 118 122 191 196 224 226 ]
239: [ 34 51 62 70 71 89 90 93 105 108 144 156 178 204 205 211 212 218 231 ]
240: [ 22 58 59 65 69 81 84 88 99 111 114 153 173 179 181 235 ]
241: [ 16 19 38 47 56 63 65 90 95 112 129 130 153 165 202 205 217 229 246 249 ]
242: [ 28 41 93 100 102 137 148 171 194 226 244 245 ]
243: [ 4 29 35 57 61 83 94 95 118 124 139 155 172 180 206 225 231 235 ]
244: [ 37 66 80 81 91 101 106 107 127 140 151 153 155 158 165 225 242 245 246 250 ]
245: [ 1 5 6 46 50 57 63 70 75 81 89 91 127 142 160 196 203 214 242 244 247 ]
246: [ 3 21 32 33 49 56 86 90 91 97 117 121 125 159 167 180 195 199 220 228 241 244 ]
247: [ 12 19 57 91 103 124 134 145 160 167 191 192 207 217 222 245 250 ]
248: [ 2 18 23 42 67 79 97 133 148 225 226 231 ]
249: [ 2 9 16 21 37 41 57 76 112 116 142 155 196 197 205 214 215 241 ]
250: [ 27 71 81 85 88 91 100 103 107 121 176 180 209 215 217 244 247 ]
