1: [ 37 38 40 91 96 115 161 168 191 218 232 243 250 ]
2: [ 4 5 44 50 52 147 150 179 215 220 222 ]
3: [ 11 22 52 56 95 112 114 120 131 177 ]
4: [ 2 23 29 31 56 57 58 117 123 128 129 134 140 173 198 206 228 230 250 ]
5: [ 2 6 28 56 82 84 128 149 154 182 192 221 ]
6: [ 5 15 46 56 60 69 75 92 108 121 132 168 173 201 203 233 235 236 ]
7: [ 23 24 49 51 58 62 64 84 132 139 151 158 169 171 174 178 195 203 221 234 236 239 249 ]
8: [ 54 69 96 122 125 128 139 171 176 236 239 ]
9: [ 12 18 32 49 56 58 70 80 89 98 113 126 144 188 194 198 201 205 213 217 229 231 ]
10: [ 25 38 44 68 70 122 135 136 143 209 229 233 ]
11: [ 3 42 100 131 137 179 207 209 215 232 ]
12: [ 9 40 44 88 121 146 157 173 177 209 222 227 233 ]
13: [ 30 40 44 52 56 63 73 94 98 105 137 139 152 153 155 187 190 191 200 203 204 207 221 224 228 230 234 ]
14: [ 46 60 61 71 146 175 186 221 222 234 ]
15: [ 6 139 ]
16: [ 18 24 31 33 61 76 90 92 119 124 158 161 162 163 185 222 224 226 232 233 241 ]
17: [ 51 138 159 176 179 206 207 225 247 ]
18: [ 9 16 35 44 48 62 79 116 145 147 149 162 182 207 234 ]
19: [ 21 24 42 43 50 56 90 108 132 141 149 161 185 203 207 208 215 ]
20: [ 44 53 99 207 211 ]
21: [ 19 40 53 59 80 111 116 129 180 201 212 227 240 ]
22: [ 3 33 36 46 73 98 99 109 133 142 145 152 153 171 179 184 185 192 230 239 ]
23: [ 4 7 24 98 107 120 138 218 222 230 ]
24: [ 7 16 19 23 30 39 43 44 54 61 67 89 112 120 155 161 162 163 199 206 208 219 222 231 243 ]
25: [ 10 71 78 84 97 144 158 190 224 250 ]
26: [ 36 74 88 120 143 144 224 ]
27: [ 42 43 45 94 102 130 133 165 180 200 219 220 229 244 ]
28: [ 5 33 41 43 47 54 76 81 84 95 118 128 173 179 227 250 ]
29: [ 4 32 49 73 94 96 98 100 108 113 125 128 198 202 237 246 249 ]
30: [ 13 24 33 36 43 54 71 83 128 134 143 145 160 175 217 246 ]
31: [ 4 16 47 63 99 107 124 129 131 142 143 164 170 180 204 217 246 249 ]
32: [ 9 29 46 51 52 81 82 99 101 105 129 141 151 155 156 162 165 181 187 224 228 236 237 238 ]
33: [ 16 22 28 30 50 56 58 72 93 121 159 169 185 189 219 241 246 ]
34: [ 61 157 172 194 220 245 ]
35: [ 18 37 45 87 89 110 121 134 150 186 201 203 218 247 248 ]
36: [ 22 26 30 39 49 64 82 86 90 95 102 105 135 145 150 154 158 171 180 193 194 215 227 243 ]
37: [ 1 35 50 54 59 80 82 84 85 100 116 117 139 143 162 164 179 186 189 191 225 246 ]
38: [ 1 10 54 61 70 75 79 81 94 102 104 121 126 129 135 140 ]
39: [ 24 36 42 53 71 72 76 94 99 120 138 146 161 166 194 203 212 225 ]
40: [ 1 12 13 21 54 69 83 103 121 154 177 186 ]
41: [ 28 52 61 70 85 90 94 104 111 131 165 195 202 204 213 218 230 ]
42: [ 11 19 27 39 45 54 79 83 91 96 99 115 125 147 172 186 190 207 215 218 228 230 ]
43: [ 19 24 27 28 30 44 59 84 86 93 109 140 144 147 187 192 193 222 226 229 ]
44: [ 2 10 12 13 18 20 24 43 50 54 55 63 76 101 116 125 131 134 154 157 170 186 187 205 222 ]
45: [ 27 35 42 50 105 118 126 155 158 159 166 176 202 210 238 ]
46: [ 6 14 22 32 54 74 79 86 89 114 136 139 142 143 146 193 210 240 245 ]
47: [ 28 31 53 104 171 ]
48: [ 18 89 93 224 ]
49: [ 7 9 29 36 54 68 71 87 96 100 104 108 131 141 162 168 185 202 208 233 237 ]
50: [ 2 19 33 37 44 45 69 70 76 88 117 119 127 136 142 168 195 247 ]
51: [ 7 17 32 69 89 108 120 123 136 137 150 163 172 184 185 221 248 ]
52: [ 2 3 13 32 41 61 87 95 105 114 145 148 155 156 167 169 177 197 212 220 237 250 ]
53: [ 20 21 39 47 54 56 72 78 92 97 125 152 168 169 173 175 183 186 189 197 207 212 213 215 232 238 ]
54: [ 8 24 28 30 37 38 40 42 44 46 49 53 79 87 101 103 110 111 142 144 151 161 191 208 233 ]
55: [ 44 58 63 66 69 75 100 125 135 155 187 196 205 ]
56: [ 3 4 5 6 9 13 19 33 53 69 80 95 97 103 105 127 142 147 148 168 179 193 194 198 199 200 205 217 239 ]
57: [ 4 64 92 101 122 168 199 226 247 ]
58: [ 4 7 9 33 55 68 101 111 129 189 214 ]
59: [ 21 37 43 64 75 84 102 112 116 136 192 216 236 243 249 ]
60: [ 6 14 61 65 66 104 108 112 115 116 140 161 165 167 176 177 179 204 206 212 217 226 246 ]
61: [ 14 16 24 34 38 41 52 60 174 176 224 247 ]
62: [ 7 18 76 86 97 98 112 116 123 138 155 163 165 170 212 233 ]
63: [ 13 31 44 55 79 105 127 151 185 210 ]
64: [ 7 36 57 59 80 83 92 97 102 105 110 118 146 192 198 202 204 212 214 221 231 239 ]
65: [ 60 80 101 122 144 151 156 157 174 190 ]
66: [ 55 60 69 99 100 108 109 117 118 120 130 188 240 247 ]
67: [ 24 69 111 118 146 177 198 ]
68: [ 10 49 58 70 98 108 111 113 117 125 129 138 143 157 206 209 219 244 250 ]
69: [ 6 8 40 50 51 55 56 66 67 73 111 122 123 125 131 137 140 159 178 180 191 228 237 244 ]
70: [ 9 10 38 41 50 68 91 131 145 165 194 199 207 235 ]
71: [ 14 25 30 39 49 110 158 168 192 210 220 221 244 ]
72: [ 33 39 53 99 105 114 165 169 177 201 ]
73: [ 13 22 29 69 74 89 153 154 175 184 196 207 219 ]
74: [ 26 46 73 82 102 107 122 166 189 200 203 222 226 236 ]
75: [ 6 38 55 59 102 103 129 155 159 160 171 186 217 226 228 239 242 247 ]
76: [ 16 28 39 44 50 62 78 85 87 93 95 101 112 117 143 151 155 170 179 194 199 200 217 221 234 ]
77: [ 169 182 ]
78: [ 25 53 76 79 86 127 130 145 150 155 161 170 175 198 202 212 213 216 218 219 222 232 233 235 248 ]
79: [ 18 38 42 46 54 63 78 83 84 92 112 114 153 177 183 184 191 198 224 229 230 249 ]
80: [ 9 21 37 56 64 65 82 102 110 121 155 165 222 ]
81: [ 28 32 38 96 101 102 104 131 139 146 153 181 240 246 249 ]
82: [ 5 32 36 37 74 80 119 121 131 132 147 182 207 229 238 242 249 ]
83: [ 30 40 42 64 79 98 111 112 121 143 145 151 175 184 ]
84: [ 5 7 25 28 37 43 59 79 91 97 110 117 143 168 176 195 205 225 226 228 239 242 243 ]
85: [ 37 41 76 107 151 179 209 229 234 ]
86: [ 36 43 46 62 78 93 107 130 134 168 200 203 222 ]
87: [ 35 49 52 54 76 91 102 112 120 128 137 154 167 178 183 195 209 210 223 227 236 237 246 248 ]
88: [ 12 26 50 104 169 ]
89: [ 9 24 35 46 48 51 73 115 120 125 140 144 154 165 202 212 231 ]
90: [ 16 19 36 41 95 109 162 181 194 201 221 ]
91: [ 1 42 70 84 87 107 128 132 133 155 164 168 174 207 216 238 ]
92: [ 6 16 53 57 64 79 142 146 171 187 190 203 214 227 230 236 237 ]
93: [ 33 43 48 76 86 101 103 131 156 177 207 248 250 ]
94: [ 13 27 29 38 39 41 151 152 166 189 193 237 ]
95: [ 3 28 36 52 56 76 90 114 118 124 131 144 172 175 183 190 202 224 230 231 250 ]
96: [ 1 8 29 42 49 81 109 132 151 157 189 198 205 211 220 222 227 248 ]
97: [ 25 53 56 62 64 84 116 124 127 128 132 162 166 172 194 199 224 229 237 ]
98: [ 9 13 22 23 29 62 68 83 107 125 135 150 151 157 170 172 186 196 218 238 242 ]
99: [ 20 22 31 32 39 42 66 72 173 180 201 212 224 232 235 ]
100: [ 11 29 37 49 55 66 104 106 134 155 157 179 183 184 186 212 ]
101: [ 32 44 54 57 58 65 76 81 93 109 123 129 142 155 159 169 171 179 181 183 185 187 212 213 218 ]
102: [ 27 36 38 59 64 74 75 80 81 87 115 121 132 155 156 161 165 ]
103: [ 40 54 56 75 93 118 132 145 182 187 194 196 201 214 248 ]
104: [ 38 41 47 49 60 81 88 100 120 131 138 147 156 168 210 234 243 ]
105: [ 13 32 36 45 52 56 63 64 72 111 120 142 173 180 191 246 ]
106: [ 100 133 161 180 191 213 219 ]
107: [ 23 31 74 85 86 91 98 110 125 128 141 142 151 184 200 224 239 ]
108: [ 6 19 29 49 51 60 66 68 165 180 190 247 ]
109: [ 22 43 66 90 96 101 132 133 141 151 157 159 166 175 178 180 197 209 227 245 250 ]
110: [ 35 54 64 71 80 84 107 111 138 142 161 180 194 232 ]
111: [ 21 41 54 58 67 68 69 83 105 110 128 131 139 165 179 183 209 221 241 ]
112: [ 3 24 59 60 62 76 79 83 87 118 125 142 146 149 155 170 190 246 250 ]
113: [ 9 29 68 116 138 149 167 225 248 ]
114: [ 3 46 52 72 79 95 122 126 164 192 217 ]
115: [ 1 42 60 89 102 152 198 201 206 220 241 ]
116: [ 18 21 37 44 59 60 62 97 113 148 178 245 ]
117: [ 4 37 50 66 68 76 84 135 148 157 189 206 213 229 245 ]
118: [ 28 45 64 66 67 95 103 112 129 142 145 154 170 184 212 225 ]
119: [ 16 50 82 155 173 176 177 187 194 199 227 232 ]
120: [ 3 23 24 26 39 51 66 87 89 104 105 123 129 144 179 217 225 229 233 ]
121: [ 6 12 33 35 38 40 80 82 83 102 143 147 157 199 202 205 233 ]
122: [ 8 10 57 65 69 74 114 125 158 173 201 208 221 ]
123: [ 4 51 62 69 101 120 147 157 164 219 225 232 233 ]
124: [ 16 31 95 97 128 135 147 168 185 ]
125: [ 8 29 42 44 53 55 68 69 89 98 107 112 122 133 154 196 209 221 222 230 233 236 243 ]
126: [ 9 38 45 114 149 154 155 156 186 201 230 ]
127: [ 50 56 63 78 97 155 157 161 165 182 185 193 195 226 233 248 250 ]
128: [ 4 5 8 28 29 30 87 91 97 107 111 124 138 179 224 235 244 250 ]
129: [ 4 21 31 32 38 58 68 75 101 118 120 142 147 164 192 225 234 ]
130: [ 27 66 78 86 148 167 171 173 190 198 220 234 ]
131: [ 3 11 31 41 44 49 69 70 81 82 93 95 104 111 137 138 172 173 190 199 200 221 230 238 246 ]
132: [ 6 7 19 82 91 96 97 102 103 109 133 161 169 175 183 234 ]
133: [ 22 27 91 106 109 125 132 142 147 150 181 249 ]
134: [ 4 30 35 44 86 100 155 160 180 194 197 230 245 247 ]
135: [ 10 36 38 55 98 117 124 190 227 248 ]
136: [ 10 46 50 51 59 157 173 221 236 ]
137: [ 11 13 51 69 87 131 156 167 174 200 225 ]
138: [ 17 23 39 62 68 104 110 113 128 131 142 145 179 181 184 199 205 218 235 239 ]
139: [ 7 8 13 15 37 46 81 111 140 154 157 217 229 ]
140: [ 4 38 43 60 69 89 139 142 150 162 165 172 179 226 248 250 ]
141: [ 19 32 49 107 109 145 188 ]
142: [ 22 31 46 50 54 56 92 101 105 107 110 112 118 129 133 138 140 185 211 246 ]
143: [ 10 26 30 31 37 46 68 76 83 84 121 154 158 160 162 163 168 184 219 225 ]
144: [ 9 25 26 43 54 65 89 95 120 166 171 184 189 193 222 241 ]
145: [ 18 22 30 36 52 70 78 83 103 118 138 141 164 179 188 ]
146: [ 12 14 39 46 64 67 81 92 112 156 165 175 183 208 213 214 217 237 238 ]
147: [ 2 18 42 43 56 82 104 121 123 124 129 133 155 161 169 177 179 180 202 207 222 236 ]
148: [ 52 56 116 117 130 155 182 185 197 210 ]
149: [ 5 18 19 112 113 126 151 173 179 191 198 219 234 241 243 ]
150: [ 2 35 36 51 78 98 133 140 217 ]
151: [ 7 32 54 63 65 76 83 85 94 96 98 107 109 149 174 207 226 243 ]
152: [ 13 22 53 94 115 172 199 224 ]
153: [ 13 22 73 79 81 164 170 177 180 190 220 242 249 ]
154: [ 5 36 40 44 73 87 89 118 125 126 139 143 186 187 201 214 220 237 245 249 ]
155: [ 13 24 32 45 52 55 62 75 76 78 80 91 100 101 102 112 119 126 127 134 147 148 186 197 240 241 242 246 ]
156: [ 32 52 65 93 102 104 126 137 146 163 177 182 189 202 207 227 243 ]
157: [ 12 34 44 65 68 96 98 100 109 117 121 123 127 136 139 166 173 174 177 220 ]
158: [ 7 16 25 36 45 71 122 143 164 182 190 201 222 225 230 236 242 243 246 250 ]
159: [ 17 33 45 69 75 101 109 160 241 249 ]
160: [ 30 75 134 143 159 161 174 183 219 235 240 ]
161: [ 1 16 19 24 39 54 60 78 102 106 110 127 132 147 160 189 191 210 220 246 ]
162: [ 16 18 24 32 37 49 90 97 140 143 177 180 186 191 221 ]
163: [ 16 24 51 62 143 156 183 209 ]
164: [ 31 37 91 114 123 129 145 153 158 182 188 227 245 ]
165: [ 27 32 41 60 62 70 72 80 89 102 108 111 127 140 146 185 189 202 237 ]
166: [ 39 45 74 94 97 109 144 157 179 180 ]
167: [ 52 60 87 113 130 137 173 174 198 240 ]
168: [ 1 6 49 50 53 56 57 71 84 86 91 104 124 143 176 184 185 207 ]
169: [ 7 33 52 53 72 77 88 101 132 147 197 247 ]
170: [ 31 44 62 76 78 98 112 118 153 181 191 209 ]
171: [ 7 8 22 36 47 75 92 101 130 144 172 225 ]
172: [ 34 42 51 95 97 98 131 140 152 171 182 190 212 224 227 246 ]
173: [ 4 6 12 28 53 99 105 119 122 130 131 136 149 157 167 181 186 199 222 239 ]
174: [ 7 61 65 91 137 151 157 160 167 206 ]
175: [ 14 30 53 73 78 83 95 109 132 146 187 191 239 244 249 ]
176: [ 8 17 45 60 61 84 119 168 209 242 ]
177: [ 3 12 40 52 60 67 72 79 93 119 147 153 156 157 162 183 194 198 222 240 250 ]
178: [ 7 69 87 109 116 196 221 ]
179: [ 2 11 17 22 28 37 56 60 76 85 100 101 111 120 128 138 140 145 147 149 166 187 234 ]
180: [ 21 27 31 36 69 99 105 106 108 109 110 134 147 153 162 166 185 199 223 230 245 250 ]
181: [ 32 81 90 101 133 138 170 173 199 213 224 ]
182: [ 5 18 77 82 103 127 148 156 158 164 172 186 213 243 ]
183: [ 53 79 87 95 100 101 111 132 146 160 163 177 187 198 221 224 226 ]
184: [ 22 51 73 79 83 100 107 118 138 143 144 168 185 187 191 210 221 233 244 245 248 ]
185: [ 16 19 22 33 49 51 63 101 124 127 142 148 165 168 180 184 205 247 248 ]
186: [ 14 35 37 40 42 44 53 75 98 100 126 154 155 162 173 182 198 220 234 ]
187: [ 13 32 43 44 55 92 101 103 119 154 175 179 183 184 190 193 200 208 224 235 ]
188: [ 9 66 141 145 164 215 226 ]
189: [ 33 37 53 58 74 94 96 117 144 156 161 165 209 ]
190: [ 13 25 42 65 92 95 108 112 130 131 135 153 158 172 187 201 219 249 ]
191: [ 1 13 37 54 69 79 105 106 149 161 162 170 175 184 230 240 ]
192: [ 5 22 43 59 64 71 114 129 224 ]
193: [ 36 43 46 56 94 127 144 187 201 217 218 238 ]
194: [ 9 34 36 39 56 70 76 90 97 103 110 119 134 177 199 216 217 225 237 241 ]
195: [ 7 41 50 84 87 127 198 203 219 227 234 ]
196: [ 55 73 98 103 125 178 219 ]
197: [ 52 53 109 134 148 155 169 203 227 240 249 250 ]
198: [ 4 9 29 56 64 67 78 79 96 115 130 149 167 177 183 186 195 201 203 205 217 218 222 225 228 ]
199: [ 24 56 57 70 76 97 119 121 131 138 152 173 180 181 194 210 222 232 239 242 ]
200: [ 13 27 56 74 76 86 107 131 137 187 215 235 ]
201: [ 6 9 21 35 72 90 99 103 115 122 126 154 158 190 193 198 241 ]
202: [ 29 41 45 49 64 78 89 95 121 147 156 165 204 210 212 215 222 223 232 243 ]
203: [ 6 7 13 19 35 39 74 86 92 195 197 198 206 224 239 ]
204: [ 13 31 41 60 64 202 225 227 244 ]
205: [ 9 44 55 56 84 96 121 138 185 198 ]
206: [ 4 17 24 60 68 115 117 174 203 237 240 250 ]
207: [ 11 13 17 18 19 20 42 53 70 73 82 91 93 147 151 156 168 229 240 ]
208: [ 19 24 49 54 122 146 187 243 ]
209: [ 10 11 12 68 85 87 109 111 125 163 170 176 189 226 ]
210: [ 45 46 63 71 87 104 148 161 184 199 202 227 ]
211: [ 20 96 142 214 215 231 ]
212: [ 21 39 52 53 60 62 64 78 89 99 100 101 118 172 202 227 228 229 242 ]
213: [ 9 41 53 78 101 106 117 146 181 182 225 243 246 ]
214: [ 58 64 92 103 146 154 211 231 247 ]
215: [ 2 11 19 36 42 53 188 200 202 211 243 ]
216: [ 59 78 91 194 240 241 249 ]
217: [ 9 30 31 56 60 75 76 114 120 139 146 150 193 194 198 250 ]
218: [ 1 23 35 41 42 78 98 101 138 193 198 ]
219: [ 24 27 33 68 73 78 106 123 143 149 160 190 195 196 240 ]
220: [ 2 27 34 52 71 96 115 130 153 154 157 161 186 234 243 ]
221: [ 5 7 13 14 51 64 71 76 90 111 122 125 131 136 162 178 183 184 249 ]
222: [ 2 12 14 16 23 24 43 44 74 78 80 86 96 125 144 147 158 173 177 198 199 202 245 ]
223: [ 87 180 202 243 ]
224: [ 13 16 25 26 32 48 61 79 95 97 99 107 128 152 172 181 183 187 192 203 240 249 ]
225: [ 17 37 39 84 113 118 120 123 129 137 143 158 171 194 198 204 213 226 235 236 248 ]
226: [ 16 43 57 60 74 75 84 127 140 151 183 188 209 225 230 232 233 ]
227: [ 12 21 28 36 87 92 96 109 119 135 156 164 172 195 197 204 210 212 229 236 ]
228: [ 4 13 32 42 69 75 84 198 212 ]
229: [ 9 10 27 43 79 82 85 97 117 120 139 207 212 227 247 ]
230: [ 4 13 22 23 41 42 79 92 95 125 126 131 134 158 180 191 226 244 ]
231: [ 9 24 64 89 95 211 214 ]
232: [ 1 11 16 53 78 99 110 119 123 199 202 226 237 246 ]
233: [ 6 10 12 16 49 54 62 78 120 121 123 125 127 184 226 244 ]
234: [ 7 13 14 18 76 85 104 129 130 132 149 179 186 195 220 241 ]
235: [ 6 70 78 99 128 138 160 187 200 225 ]
236: [ 6 7 8 32 59 74 87 92 125 136 147 158 225 227 ]
237: [ 29 32 49 52 69 87 92 94 97 146 154 165 194 206 232 ]
238: [ 32 45 53 82 91 98 131 146 193 241 245 ]
239: [ 7 8 22 56 64 75 84 107 138 173 175 199 203 250 ]
240: [ 21 46 66 81 155 160 167 177 191 197 206 207 216 219 224 ]
241: [ 16 33 111 115 144 149 155 159 194 201 216 234 238 244 ]
242: [ 75 82 84 98 153 155 158 176 199 212 243 ]
243: [ 1 24 36 59 84 104 125 149 151 156 158 182 202 208 213 215 220 223 242 244 245 ]
244: [ 27 68 69 71 128 175 184 204 230 233 241 243 ]
245: [ 34 46 109 116 117 134 154 164 180 184 222 238 243 247 ]
246: [ 29 30 31 33 37 60 81 87 105 112 131 142 155 158 161 172 213 232 ]
247: [ 17 35 50 57 61 66 75 108 134 169 185 214 229 245 248 ]
248: [ 35 51 78 87 93 96 103 113 127 135 140 184 185 225 247 ]
249: [ 7 29 31 59 79 81 82 133 153 154 159 175 190 197 216 221 224 ]
250: [ 1 4 25 28 52 68 93 95 109 112 127 128 140 158 177 180 197 206 217 239 ]
