1: [ 8 80 109 120 132 137 144 ]
2: [ 42 134 142 220 245 ]
3: [ 5 9 21 26 36 37 58 66 67 71 79 87 95 107 108 135 137 143 146 194 203 222 ]
4: [ 25 31 38 39 43 44 50 69 90 106 117 130 132 146 152 162 184 195 204 209 224 230 238 241 244 ]
5: [ 3 57 58 94 96 97 130 154 161 176 178 204 237 242 ]
6: [ 7 12 14 26 40 72 80 89 98 105 116 121 123 129 170 171 176 185 192 196 202 224 247 ]
7: [ 6 13 24 25 34 35 42 44 46 67 88 96 103 109 132 140 169 171 180 195 198 213 219 241 ]
8: [ 1 45 54 64 69 86 87 88 128 166 189 214 226 235 240 ]
9: [ 3 10 27 29 40 67 80 89 95 127 180 188 194 204 246 ]
10: [ 9 28 47 54 62 65 81 98 120 146 149 160 190 197 218 220 ]
11: [ 12 28 81 85 90 104 117 190 203 224 234 ]
12: [ 6 11 57 59 78 112 120 126 136 137 144 172 200 211 212 236 241 ]
13: [ 7 16 21 42 49 59 85 90 109 127 135 151 163 169 170 193 221 230 235 240 243 ]
14: [ 6 38 49 95 132 176 ]
15: [ 24 68 111 140 156 170 173 192 201 224 241 ]
16: [ 13 22 41 62 63 81 89 133 141 145 156 185 197 202 203 204 209 211 218 219 229 ]
17: [ 66 70 110 115 128 132 146 202 213 249 ]
18: [ 34 38 69 86 87 113 129 150 156 160 163 165 169 174 183 192 201 202 233 234 240 ]
19: [ 71 78 91 109 119 129 134 148 149 153 164 170 176 204 217 232 ]
20: [ 43 65 70 87 119 170 174 191 194 221 232 246 ]
21: [ 3 13 34 37 39 60 76 91 108 133 146 171 182 198 220 228 ]
22: [ 16 50 67 83 85 101 103 122 129 133 148 159 170 189 203 222 244 ]
23: [ 33 70 95 141 211 213 ]
24: [ 7 15 51 52 68 74 95 112 120 139 140 209 214 ]
25: [ 4 7 48 52 53 71 88 91 95 104 140 146 149 159 191 192 193 232 233 235 ]
26: [ 3 6 27 43 57 91 157 158 174 200 247 ]
27: [ 9 26 46 61 71 82 90 140 169 187 198 225 233 244 248 ]
28: [ 10 11 39 48 105 118 119 139 148 152 160 176 206 228 239 250 ]
29: [ 9 33 38 40 42 53 63 64 67 71 93 97 110 117 122 140 142 173 177 201 240 249 ]
30: [ 73 78 80 113 121 128 170 201 202 207 228 235 ]
31: [ 4 43 56 74 78 111 129 ]
32: [ 34 62 70 143 169 193 200 201 204 247 ]
33: [ 23 29 49 107 123 132 139 149 162 171 180 ]
34: [ 7 18 21 32 39 45 67 92 119 126 142 159 161 210 218 219 246 ]
35: [ 7 48 57 59 79 82 95 117 140 149 160 177 205 213 219 246 ]
36: [ 3 42 79 80 91 96 99 109 140 142 170 183 189 196 198 211 212 214 228 237 ]
37: [ 3 21 45 72 89 102 116 142 144 157 163 164 193 202 214 246 ]
38: [ 4 14 18 29 61 97 109 120 153 169 178 190 201 202 209 230 233 236 ]
39: [ 4 21 28 34 43 49 62 81 95 139 174 224 ]
40: [ 6 9 29 44 45 49 59 63 73 75 94 114 121 123 132 153 162 182 191 217 246 ]
41: [ 16 87 104 128 142 144 197 ]
42: [ 2 7 13 29 36 45 83 88 90 91 94 111 123 134 230 ]
43: [ 4 20 26 31 39 71 76 91 92 101 115 125 136 158 188 203 217 219 222 224 225 248 ]
44: [ 4 7 40 49 86 111 113 118 119 121 133 155 159 176 212 214 231 ]
45: [ 8 34 37 40 42 53 59 119 127 143 150 178 190 191 196 203 218 ]
46: [ 7 27 86 87 98 126 185 ]
47: [ 10 50 52 58 62 66 108 125 140 169 182 190 199 206 219 238 240 ]
48: [ 25 28 35 89 121 127 130 132 ]
49: [ 13 14 33 39 40 44 81 85 86 94 97 103 111 114 115 126 168 169 172 214 220 221 222 250 ]
50: [ 4 22 47 69 74 107 116 122 126 142 159 165 180 181 187 206 215 216 226 234 ]
51: [ 24 62 83 112 132 134 136 163 221 231 233 ]
52: [ 24 25 47 55 67 78 132 133 153 172 185 204 ]
53: [ 25 29 45 68 69 71 121 136 238 ]
54: [ 8 10 80 90 92 103 112 115 171 ]
55: [ 52 100 103 115 123 142 143 161 224 228 ]
56: [ 31 81 89 133 142 145 162 177 203 242 ]
57: [ 5 12 26 35 121 156 198 211 215 244 246 ]
58: [ 3 5 47 66 82 94 124 138 142 174 179 202 219 231 235 238 ]
59: [ 12 13 35 40 45 62 70 81 95 103 113 117 125 128 131 141 142 179 185 239 ]
60: [ 21 66 83 90 169 195 196 230 ]
61: [ 27 38 62 68 91 101 117 120 140 143 165 169 239 241 ]
62: [ 10 16 32 39 47 51 59 61 100 106 119 155 208 211 241 ]
63: [ 16 29 40 108 144 179 190 196 224 ]
64: [ 8 29 132 193 194 213 ]
65: [ 10 20 86 107 127 128 130 132 185 203 205 ]
66: [ 3 17 47 58 60 71 83 108 122 143 169 183 193 196 206 212 219 238 ]
67: [ 3 7 9 22 29 34 52 115 132 135 141 148 160 169 192 212 ]
68: [ 15 24 53 61 80 83 90 92 98 128 131 178 183 188 206 211 240 248 ]
69: [ 4 8 18 50 53 86 94 112 121 143 171 177 185 191 198 216 ]
70: [ 17 20 23 32 59 85 97 118 121 169 198 216 217 224 ]
71: [ 3 19 25 27 29 43 53 66 78 79 90 91 109 121 135 137 145 155 166 167 177 196 200 211 244 ]
72: [ 6 37 101 123 162 172 175 178 180 189 209 218 ]
73: [ 30 40 93 219 234 240 ]
74: [ 24 31 50 86 101 108 132 190 244 ]
75: [ 40 78 120 121 136 144 178 185 207 211 236 248 ]
76: [ 21 43 103 116 167 247 ]
77: [ 80 115 124 144 170 235 ]
78: [ 12 19 30 31 52 71 75 89 98 102 148 149 150 160 163 172 206 216 220 229 241 ]
79: [ 3 35 36 71 88 89 95 118 131 135 137 142 152 156 166 193 216 218 ]
80: [ 1 6 9 30 36 54 68 77 120 127 162 169 182 189 200 202 214 242 243 246 ]
81: [ 10 11 16 39 49 56 59 82 83 91 98 114 117 126 196 197 218 221 247 ]
82: [ 27 35 58 81 160 161 190 211 249 ]
83: [ 22 42 51 60 66 68 81 94 101 119 148 172 179 187 205 207 222 230 240 250 ]
84: [ 106 107 126 154 179 184 212 241 246 ]
85: [ 11 13 22 49 70 88 138 155 170 196 202 203 ]
86: [ 8 18 44 46 49 65 69 74 97 101 106 119 134 135 178 194 196 211 215 216 232 ]
87: [ 3 8 18 20 41 46 97 100 129 135 148 152 167 171 183 206 207 209 215 234 ]
88: [ 7 8 25 42 79 85 97 116 118 138 227 240 ]
89: [ 6 9 16 37 48 56 78 79 95 97 102 130 132 169 197 211 250 ]
90: [ 4 11 13 27 42 54 60 68 71 92 117 128 133 175 206 212 218 229 ]
91: [ 19 21 25 26 36 42 43 61 71 81 95 103 118 153 156 182 188 200 208 229 240 250 ]
92: [ 34 43 54 68 90 137 147 148 159 192 194 228 250 ]
93: [ 29 73 127 134 139 153 154 183 202 229 ]
94: [ 5 40 42 49 58 69 83 132 143 148 161 162 163 166 173 191 245 246 ]
95: [ 3 9 14 23 24 25 35 39 59 79 89 91 101 105 167 210 220 234 246 ]
96: [ 5 7 36 139 184 236 ]
97: [ 5 29 38 49 70 86 87 88 89 100 110 114 160 188 216 218 ]
98: [ 6 10 46 68 78 81 108 112 128 131 133 150 163 167 170 184 227 232 235 ]
99: [ 36 108 122 126 141 153 161 168 170 174 177 182 190 192 193 221 227 244 ]
100: [ 55 62 87 97 109 126 135 145 183 217 ]
101: [ 22 43 61 72 74 83 86 95 103 115 156 172 199 220 234 237 ]
102: [ 37 78 89 177 208 ]
103: [ 7 22 49 54 55 59 76 91 101 129 165 175 190 219 227 230 235 ]
104: [ 11 25 41 112 115 129 152 160 220 241 ]
105: [ 6 28 95 112 127 175 176 203 216 220 233 ]
106: [ 4 62 84 86 110 117 120 152 156 165 170 192 195 216 229 230 234 236 248 ]
107: [ 3 33 50 65 84 136 141 ]
108: [ 3 21 47 63 66 74 98 99 117 129 133 146 153 233 ]
109: [ 1 7 13 19 36 38 71 100 112 122 126 135 137 159 164 191 198 206 207 248 ]
110: [ 17 29 97 106 116 121 134 152 158 230 232 ]
111: [ 15 31 42 44 49 117 127 150 218 232 239 244 ]
112: [ 12 24 51 54 69 98 104 105 109 122 136 140 143 156 163 167 188 189 190 203 249 ]
113: [ 18 30 44 59 139 142 177 ]
114: [ 40 49 81 97 158 176 193 197 201 226 240 247 ]
115: [ 17 43 49 54 55 67 77 101 104 142 146 171 184 214 228 231 236 239 240 ]
116: [ 6 37 50 76 88 110 130 140 164 190 221 242 ]
117: [ 4 11 29 35 59 61 81 90 106 108 111 122 139 144 170 176 185 198 240 242 245 249 ]
118: [ 28 44 70 79 88 91 124 146 149 163 180 194 207 215 224 230 239 244 246 250 ]
119: [ 19 20 28 34 44 45 62 83 86 157 179 191 ]
120: [ 1 10 12 24 38 61 75 80 106 131 143 205 211 217 238 245 ]
121: [ 6 30 40 44 48 53 57 69 70 71 75 110 123 127 132 140 143 146 148 156 189 190 191 222 229 230 232 ]
122: [ 22 29 50 66 99 109 112 117 142 145 163 189 194 204 210 241 ]
123: [ 6 33 40 42 55 72 121 126 130 131 141 145 168 212 219 228 ]
124: [ 58 77 118 127 160 163 216 243 ]
125: [ 43 47 59 126 209 ]
126: [ 12 34 46 49 50 81 84 99 100 109 123 125 140 141 145 148 151 162 176 192 197 204 208 211 224 237 ]
127: [ 9 13 45 48 65 80 93 105 111 121 124 137 146 150 167 170 189 214 222 224 227 232 249 ]
128: [ 8 17 30 41 59 65 68 90 98 162 167 176 202 214 236 ]
129: [ 6 18 19 22 31 87 103 104 108 135 143 152 154 161 179 180 202 220 226 ]
130: [ 4 5 48 65 89 116 123 134 138 162 239 240 ]
131: [ 59 68 79 98 120 123 246 ]
132: [ 1 4 7 14 17 33 40 48 51 52 64 65 67 74 89 94 121 134 137 144 152 215 225 242 ]
133: [ 16 21 22 44 52 56 90 98 108 174 229 ]
134: [ 2 19 42 51 86 93 110 130 132 136 159 161 166 167 168 195 235 249 ]
135: [ 3 13 67 71 79 86 87 100 109 129 154 183 190 196 212 218 ]
136: [ 12 43 51 53 75 107 112 134 189 219 244 250 ]
137: [ 1 3 12 71 79 92 109 127 132 138 152 163 170 173 183 197 213 237 ]
138: [ 58 85 88 130 137 192 202 208 247 ]
139: [ 24 28 33 39 93 96 113 117 145 153 155 161 169 200 206 218 226 245 ]
140: [ 7 15 24 25 27 29 35 36 47 61 112 116 121 126 142 173 175 180 181 204 212 219 221 230 ]
141: [ 16 23 59 67 99 107 123 126 181 185 186 187 225 227 235 ]
142: [ 2 29 34 36 37 41 50 55 56 58 59 79 113 115 122 140 145 147 164 176 184 235 ]
143: [ 3 32 45 55 61 66 69 94 112 120 121 129 160 179 191 228 232 ]
144: [ 1 12 37 41 63 75 77 117 132 163 164 165 167 181 191 197 228 233 236 ]
145: [ 16 56 71 100 122 123 126 139 142 147 172 185 212 216 242 ]
146: [ 3 4 10 17 21 25 108 115 118 121 127 174 180 183 249 ]
147: [ 92 142 145 171 182 204 205 241 ]
148: [ 19 22 28 67 78 83 87 92 94 121 126 160 166 168 176 185 192 199 202 203 210 221 234 240 242 ]
149: [ 10 19 25 33 35 78 118 157 161 182 184 218 219 228 229 235 239 ]
150: [ 18 45 78 98 111 127 201 209 212 213 223 241 247 ]
151: [ 13 126 173 216 234 ]
152: [ 4 28 79 87 104 106 110 129 132 137 154 173 180 181 182 184 192 193 200 221 227 236 239 ]
153: [ 19 38 40 52 91 93 99 108 139 250 ]
154: [ 5 84 93 129 135 152 218 ]
155: [ 44 62 71 85 139 164 203 236 238 ]
156: [ 15 16 18 57 79 91 101 106 112 121 173 178 216 228 ]
157: [ 26 37 119 149 164 238 247 ]
158: [ 26 43 110 114 174 183 213 ]
159: [ 22 25 34 44 50 92 109 134 170 173 185 204 217 226 232 243 ]
160: [ 10 18 28 35 67 78 82 97 104 124 143 148 162 180 184 215 225 229 236 238 ]
161: [ 5 34 55 82 94 99 129 134 139 149 167 189 200 219 234 ]
162: [ 4 33 40 56 72 80 94 126 128 130 160 167 209 213 221 247 ]
163: [ 13 18 37 51 78 94 98 112 118 122 124 137 144 170 199 226 234 ]
164: [ 19 37 109 116 142 144 155 157 168 173 181 187 201 224 238 ]
165: [ 18 50 61 103 106 144 173 218 222 ]
166: [ 8 71 79 94 134 148 224 248 ]
167: [ 71 76 87 95 98 112 127 128 134 144 161 162 172 193 197 203 207 221 222 225 238 ]
168: [ 49 99 123 134 148 164 171 178 214 ]
169: [ 7 13 18 27 32 38 47 49 60 61 66 67 70 80 89 139 170 174 189 192 193 194 198 222 226 227 237 242 ]
170: [ 6 13 15 19 20 22 30 36 77 85 98 99 106 117 127 137 159 163 169 177 178 181 189 206 219 232 246 ]
171: [ 6 7 21 33 54 69 87 115 147 168 189 202 242 ]
172: [ 12 49 52 72 78 83 101 145 167 197 ]
173: [ 15 29 94 137 140 151 152 156 159 164 165 179 211 214 218 246 ]
174: [ 18 20 26 39 58 99 133 146 158 169 195 200 226 235 ]
175: [ 72 90 103 105 140 192 194 215 230 ]
176: [ 5 6 14 19 28 44 105 114 117 126 128 142 148 209 ]
177: [ 29 35 56 69 71 99 102 113 170 183 186 205 209 237 240 243 ]
178: [ 5 38 45 68 72 75 86 156 168 170 198 205 210 213 219 234 ]
179: [ 58 59 63 83 84 119 129 143 173 181 231 ]
180: [ 7 9 33 50 72 118 129 140 146 152 160 182 185 190 203 220 238 ]
181: [ 50 140 141 144 152 164 170 179 190 217 227 238 243 244 247 ]
182: [ 21 40 47 80 91 99 147 149 152 180 196 231 235 237 238 241 ]
183: [ 18 36 66 68 87 93 100 135 137 146 158 177 185 186 192 207 220 ]
184: [ 4 84 96 98 115 142 149 152 160 229 241 ]
185: [ 6 16 46 52 59 65 69 75 117 141 145 148 159 180 183 235 ]
186: [ 141 177 183 ]
187: [ 27 50 83 141 164 195 ]
188: [ 9 43 68 91 97 112 197 210 212 239 ]
189: [ 8 22 36 72 80 112 121 122 127 136 161 169 170 171 210 215 234 ]
190: [ 10 11 38 45 47 63 74 82 99 103 112 116 121 135 180 181 207 211 230 232 233 235 ]
191: [ 20 25 40 45 69 94 109 119 121 143 144 193 201 209 215 225 239 245 249 ]
192: [ 6 15 18 25 67 92 99 106 126 138 148 152 169 175 183 213 214 215 219 220 225 ]
193: [ 13 25 32 37 64 66 79 99 114 152 167 169 191 224 226 237 243 246 ]
194: [ 3 9 20 64 86 92 118 122 169 175 ]
195: [ 4 7 60 106 134 174 187 210 234 241 243 ]
196: [ 6 36 45 60 63 66 71 81 85 86 135 182 250 ]
197: [ 10 16 41 81 89 114 126 137 144 167 172 188 204 213 224 225 230 ]
198: [ 7 21 27 36 57 69 70 109 117 169 178 200 203 236 ]
199: [ 47 101 148 163 200 202 219 ]
200: [ 12 26 32 71 80 91 139 152 161 174 198 199 235 238 241 ]
201: [ 15 18 29 30 32 38 114 150 164 191 206 229 ]
202: [ 6 16 17 18 30 37 38 58 80 85 93 128 129 138 148 171 199 205 226 231 232 ]
203: [ 3 11 16 22 43 45 56 65 85 105 112 148 155 167 180 198 220 233 249 ]
204: [ 4 5 9 16 19 32 52 122 126 140 147 159 197 229 234 244 ]
205: [ 35 65 83 120 147 177 178 202 213 224 233 ]
206: [ 28 47 50 66 68 78 87 90 109 139 170 201 ]
207: [ 30 75 83 87 109 118 167 183 190 216 247 248 ]
208: [ 62 91 102 126 138 221 222 226 ]
209: [ 4 16 24 38 72 87 125 150 162 176 177 191 249 250 ]
210: [ 34 95 122 148 178 188 189 195 221 ]
211: [ 12 16 23 36 57 62 68 71 75 82 86 89 120 126 173 190 234 238 241 ]
212: [ 12 36 44 66 67 84 90 123 135 140 145 150 188 241 244 ]
213: [ 7 17 23 35 64 137 150 158 162 178 192 197 205 215 221 240 245 249 ]
214: [ 8 24 36 37 44 49 80 115 127 128 168 173 192 229 235 250 ]
215: [ 50 57 86 87 118 132 160 175 189 191 192 213 ]
216: [ 50 69 70 78 79 86 97 105 106 124 145 151 156 207 222 225 229 ]
217: [ 19 40 43 70 100 120 159 181 218 227 238 ]
218: [ 10 16 34 45 72 79 81 90 97 111 135 139 149 154 165 173 217 247 ]
219: [ 7 16 34 35 43 47 58 66 73 103 123 136 140 149 161 170 178 192 199 227 243 247 ]
220: [ 2 10 21 49 78 95 101 104 105 129 180 183 192 203 224 233 240 241 ]
221: [ 13 20 49 51 81 99 116 140 148 152 162 167 208 210 213 225 228 229 231 232 ]
222: [ 3 22 43 49 83 121 127 165 167 169 208 216 248 ]
223: [ 150 227 228 250 ]
224: [ 4 6 11 15 39 43 55 63 70 118 126 127 164 166 193 197 205 220 250 ]
225: [ 27 43 132 141 160 167 191 192 197 216 221 230 235 238 ]
226: [ 8 50 114 129 139 159 163 169 174 193 202 208 231 ]
227: [ 88 98 99 103 127 141 152 169 181 217 219 223 ]
228: [ 21 28 30 36 55 92 115 123 143 144 149 156 221 223 236 243 ]
229: [ 16 78 90 91 93 106 121 133 149 160 184 201 204 214 216 221 ]
230: [ 4 13 38 42 60 83 103 106 110 118 121 140 175 190 197 225 237 244 ]
231: [ 44 51 58 115 179 182 202 221 226 ]
232: [ 19 20 25 86 98 110 111 121 127 143 159 170 190 202 221 239 ]
233: [ 18 25 27 38 51 105 108 144 190 203 205 220 234 ]
234: [ 11 18 50 73 87 95 101 106 148 151 161 163 178 189 195 204 211 233 235 244 ]
235: [ 8 13 25 30 58 77 98 103 134 141 142 149 174 182 185 190 200 214 225 234 242 250 ]
236: [ 12 38 75 96 106 115 128 144 152 155 160 198 228 ]
237: [ 5 36 101 126 137 169 177 182 193 230 238 ]
238: [ 4 47 53 58 66 120 155 157 160 164 167 180 181 182 200 211 217 225 237 ]
239: [ 28 59 61 111 115 118 130 149 152 188 191 232 ]
240: [ 8 13 18 29 47 68 73 83 88 91 114 115 117 130 148 177 213 220 246 ]
241: [ 4 7 12 15 61 62 78 84 104 122 147 150 182 184 195 200 211 212 220 246 247 ]
242: [ 5 56 80 116 117 132 145 148 169 171 235 249 ]
243: [ 13 80 124 159 177 181 193 195 219 228 ]
244: [ 4 22 27 57 71 74 99 111 118 136 181 204 212 230 234 ]
245: [ 2 94 117 120 139 191 213 ]
246: [ 9 20 34 35 37 40 57 80 84 94 95 118 131 170 173 193 240 241 ]
247: [ 6 26 32 76 81 114 138 150 157 162 181 207 218 219 241 ]
248: [ 27 43 68 75 106 109 166 207 222 ]
249: [ 17 29 82 112 117 127 134 146 191 203 209 213 242 ]
250: [ 28 49 83 89 91 92 118 136 153 196 209 214 223 224 235 ]
