1: [ 63 67 68 73 94 98 102 110 114 120 125 126 131 133 155 168 178 222 229 233 241 ]
2: [ 66 116 117 123 134 190 213 232 ]
3: [ 20 23 56 75 97 168 174 207 210 216 248 ]
4: [ 51 58 87 93 111 117 122 128 138 145 147 150 164 178 180 197 211 221 235 250 ]
5: [ 24 25 66 70 76 81 84 118 147 198 219 239 ]
6: [ 40 51 75 94 101 161 170 178 201 220 ]
7: [ 14 20 32 64 70 71 101 102 109 125 126 147 162 194 204 208 234 250 ]
8: [ 25 77 90 100 103 104 121 145 160 166 198 221 237 ]
9: [ 16 17 63 65 79 92 103 110 129 158 163 173 180 186 191 204 217 226 235 ]
10: [ 22 64 72 73 85 91 92 95 103 111 165 187 210 223 245 ]
11: [ 27 60 76 92 100 140 165 166 210 ]
12: [ 46 73 76 97 101 124 147 191 221 236 ]
13: [ 35 66 71 79 97 101 136 140 149 158 166 170 172 178 191 192 198 204 228 245 ]
14: [ 7 40 43 51 117 130 138 146 171 214 233 ]
15: [ 59 61 86 87 91 95 113 129 139 147 153 158 188 206 230 243 246 ]
16: [ 9 30 41 58 92 135 148 178 207 209 229 235 ]
17: [ 9 26 45 53 59 72 82 97 100 120 136 156 166 209 237 244 ]
18: [ 86 90 155 174 184 201 203 229 ]
19: [ 22 46 138 141 239 ]
20: [ 3 7 22 41 47 67 70 85 93 171 200 207 210 232 ]
21: [ 99 134 144 163 164 186 216 232 ]
22: [ 10 19 20 42 60 63 65 81 95 97 98 102 108 109 149 152 170 207 212 ]
23: [ 3 37 38 91 93 126 127 131 191 192 244 249 ]
24: [ 5 29 30 56 67 83 86 87 88 106 111 114 158 165 168 190 199 212 243 245 ]
25: [ 5 8 50 76 91 102 136 154 155 157 158 172 209 ]
26: [ 17 27 33 43 48 52 67 73 108 125 127 137 148 155 178 179 191 197 202 219 228 239 249 ]
27: [ 11 26 38 43 72 80 82 97 134 135 166 170 173 175 182 184 189 197 239 245 250 ]
28: [ 34 40 45 73 103 131 144 153 154 214 232 ]
29: [ 24 34 59 79 101 142 163 198 ]
30: [ 16 24 34 45 56 94 126 134 164 193 197 224 ]
31: [ 60 68 69 88 95 103 134 142 145 148 166 202 224 239 ]
32: [ 7 75 80 110 142 156 172 184 192 197 222 249 ]
33: [ 26 47 73 85 92 145 151 158 175 183 189 204 215 222 238 ]
34: [ 28 29 30 59 60 73 77 81 115 138 155 172 180 185 192 196 235 242 ]
35: [ 13 46 79 94 97 123 138 142 154 214 ]
36: [ 85 95 139 142 236 245 ]
37: [ 23 67 113 122 136 143 165 170 174 200 236 ]
38: [ 23 27 61 63 77 140 178 203 217 234 ]
39: [ 53 69 87 125 126 139 160 184 193 225 ]
40: [ 6 14 28 42 76 86 87 101 108 109 115 130 143 153 159 163 167 173 176 180 185 211 222 233 ]
41: [ 16 20 44 56 64 83 85 88 91 112 141 168 183 236 237 ]
42: [ 22 40 65 78 117 186 192 208 242 249 ]
43: [ 14 26 27 95 101 153 155 168 172 200 201 203 205 207 212 236 245 249 ]
44: [ 41 136 172 222 ]
45: [ 17 28 30 61 69 73 102 107 156 166 175 186 187 ]
46: [ 12 19 35 51 100 115 136 147 153 154 175 220 226 249 ]
47: [ 20 33 63 127 138 142 153 162 186 201 205 236 244 246 ]
48: [ 26 79 83 90 93 128 137 138 139 142 169 187 189 204 ]
49: [ 127 157 164 228 233 ]
50: [ 25 69 92 102 131 136 173 186 207 219 ]
51: [ 4 6 14 46 65 71 78 87 100 106 142 180 191 197 211 215 218 230 240 ]
52: [ 26 69 78 102 131 180 ]
53: [ 17 39 74 138 151 163 168 173 204 207 244 250 ]
54: [ 67 68 114 125 142 145 153 192 200 221 ]
55: [ 66 90 98 131 242 ]
56: [ 3 24 30 41 75 79 91 154 166 170 226 ]
57: [ 64 81 103 118 127 147 172 218 ]
58: [ 4 16 60 67 105 116 127 139 161 166 198 201 225 250 ]
59: [ 15 17 29 34 76 103 108 159 176 226 230 ]
60: [ 11 22 31 34 58 100 160 161 193 205 239 249 ]
61: [ 15 38 45 74 132 147 161 204 217 232 ]
62: [ 98 107 133 140 ]
63: [ 1 9 22 38 47 113 120 129 145 151 152 164 194 239 ]
64: [ 7 10 41 57 65 91 96 200 201 224 ]
65: [ 9 22 42 51 64 75 77 145 158 165 167 173 177 211 ]
66: [ 2 5 13 55 123 124 133 141 155 172 173 189 192 207 245 246 250 ]
67: [ 1 20 24 26 37 54 58 75 79 150 153 157 158 179 203 221 226 231 239 ]
68: [ 1 31 54 71 77 87 90 124 136 200 218 228 238 ]
69: [ 31 39 45 50 52 71 74 100 115 127 137 139 163 190 207 216 231 238 245 248 ]
70: [ 5 7 20 127 152 219 ]
71: [ 7 13 51 68 69 73 101 105 125 126 135 178 203 228 236 248 ]
72: [ 10 17 27 127 132 137 148 ]
73: [ 1 10 12 26 28 33 34 45 71 86 99 102 141 152 154 161 162 170 175 189 222 242 ]
74: [ 53 61 69 90 96 102 105 111 124 137 146 157 158 173 190 206 ]
75: [ 3 6 32 56 65 67 106 119 140 144 169 181 190 193 196 199 240 249 ]
76: [ 5 11 12 25 40 59 116 121 122 156 173 180 236 ]
77: [ 8 34 38 65 68 80 101 104 107 108 116 141 151 154 167 175 179 190 199 224 246 249 ]
78: [ 42 51 52 80 109 118 126 131 164 180 191 200 216 243 246 ]
79: [ 9 13 29 35 48 56 67 120 137 145 189 233 ]
80: [ 27 32 77 78 93 118 150 164 178 193 197 222 237 ]
81: [ 5 22 34 57 106 113 128 136 158 204 ]
82: [ 17 27 119 125 165 170 176 ]
83: [ 24 41 48 119 134 154 205 208 ]
84: [ 5 113 123 124 138 144 147 149 168 188 202 204 216 225 ]
85: [ 10 20 33 36 41 88 125 133 156 158 180 195 208 224 226 228 245 ]
86: [ 15 18 24 40 73 91 94 96 106 117 120 135 153 165 204 222 245 ]
87: [ 4 15 24 39 40 51 68 117 166 204 228 230 ]
88: [ 24 31 41 85 118 119 138 164 190 207 211 217 227 245 248 ]
89: [ 100 120 134 136 153 156 163 217 ]
90: [ 8 18 48 55 68 74 110 117 125 133 163 167 170 187 201 211 228 ]
91: [ 10 15 23 25 41 56 64 86 100 127 132 153 165 171 177 187 190 230 235 239 246 ]
92: [ 9 10 11 16 33 50 93 96 117 123 138 140 147 159 163 168 171 220 230 233 248 ]
93: [ 4 20 23 48 80 92 100 119 120 155 173 178 193 199 202 243 250 ]
94: [ 1 6 30 35 86 123 130 142 178 187 190 221 ]
95: [ 10 15 22 31 36 43 102 109 122 124 129 130 160 163 178 196 237 241 245 ]
96: [ 64 74 86 92 117 131 132 149 154 162 166 173 206 232 249 ]
97: [ 3 12 13 17 22 27 35 137 141 160 183 226 228 229 233 ]
98: [ 1 22 55 62 105 129 132 147 158 220 221 223 239 242 ]
99: [ 21 73 101 127 142 175 183 231 ]
100: [ 8 11 17 46 51 60 69 89 91 93 124 138 150 165 168 193 219 222 234 ]
101: [ 6 7 12 13 29 40 43 71 77 99 112 118 125 146 158 178 193 211 245 ]
102: [ 1 7 22 25 45 50 52 73 74 95 110 112 121 125 138 144 151 158 173 201 218 219 237 240 ]
103: [ 8 9 10 28 31 57 59 149 165 179 194 206 222 226 229 235 236 247 ]
104: [ 8 77 132 163 199 201 249 ]
105: [ 58 71 74 98 117 125 136 211 ]
106: [ 24 51 75 81 86 118 146 222 247 ]
107: [ 45 62 77 108 129 146 185 229 235 ]
108: [ 22 26 40 59 77 107 165 170 175 186 234 242 247 ]
109: [ 7 22 40 78 95 130 147 151 162 165 179 203 219 238 248 249 ]
110: [ 1 9 32 90 102 112 146 158 175 ]
111: [ 4 10 24 74 134 164 175 185 189 200 202 204 210 241 248 ]
112: [ 41 101 102 110 130 134 240 245 250 ]
113: [ 15 37 63 81 84 123 127 140 158 172 180 192 230 ]
114: [ 1 24 54 135 148 ]
115: [ 34 40 46 69 138 141 173 176 ]
116: [ 2 58 76 77 122 124 129 145 173 214 217 221 222 223 231 237 246 ]
117: [ 2 4 14 42 86 87 90 92 96 105 154 162 186 187 194 217 219 223 238 245 ]
118: [ 5 57 78 80 88 101 106 130 140 147 157 228 ]
119: [ 75 82 83 88 93 131 159 181 213 217 239 ]
120: [ 1 17 63 79 86 89 93 127 132 152 155 172 179 189 197 214 226 238 250 ]
121: [ 8 76 102 160 172 ]
122: [ 4 37 76 95 116 149 195 196 217 241 ]
123: [ 2 35 66 84 92 94 113 125 128 134 142 165 170 187 221 ]
124: [ 12 66 68 74 84 95 100 116 127 132 156 161 170 172 173 175 180 231 236 238 ]
125: [ 1 7 26 39 54 71 82 85 90 101 102 105 123 134 138 142 143 167 173 200 202 222 227 ]
126: [ 1 7 23 30 39 71 78 128 173 180 193 208 220 239 ]
127: [ 23 26 47 49 57 58 69 70 72 91 99 113 120 124 130 138 150 152 195 211 228 230 ]
128: [ 4 48 81 123 126 137 153 154 173 176 193 196 204 229 241 ]
129: [ 9 15 63 95 98 107 116 135 136 170 180 196 235 ]
130: [ 14 40 94 95 109 112 118 127 137 139 159 170 172 198 213 215 229 234 245 247 ]
131: [ 1 23 28 50 52 55 78 96 119 212 226 ]
132: [ 61 72 91 96 98 104 120 124 143 155 163 208 219 233 250 ]
133: [ 1 62 66 85 90 137 148 155 186 199 ]
134: [ 2 21 27 30 31 83 89 111 112 123 125 135 137 152 204 220 228 230 ]
135: [ 16 27 71 86 114 129 134 145 172 210 236 244 ]
136: [ 13 17 25 37 44 46 50 68 81 89 105 129 184 200 226 242 ]
137: [ 26 48 69 72 74 79 97 128 130 133 134 184 186 224 ]
138: [ 4 14 19 34 35 47 48 53 84 88 92 100 102 115 125 127 142 146 160 168 180 189 193 200 226 233 242 ]
139: [ 15 36 39 48 58 69 130 142 150 159 161 181 230 246 ]
140: [ 11 13 38 62 75 92 113 118 142 166 167 168 189 192 ]
141: [ 19 41 66 73 77 97 115 143 148 153 159 178 191 226 242 ]
142: [ 29 31 32 35 36 47 48 51 54 94 99 123 125 138 139 140 177 191 200 213 226 ]
143: [ 37 40 125 132 141 193 219 225 237 246 ]
144: [ 21 28 75 84 102 170 193 204 224 242 ]
145: [ 4 8 31 33 54 63 65 79 116 135 149 158 159 168 175 200 217 239 ]
146: [ 14 74 101 106 107 110 138 151 157 158 162 188 194 198 ]
147: [ 4 5 7 12 15 46 57 61 84 92 98 109 118 152 169 185 190 208 210 ]
148: [ 16 26 31 72 114 133 141 149 164 205 212 216 246 ]
149: [ 13 22 84 96 103 122 145 148 150 170 172 173 180 205 242 250 ]
150: [ 4 67 80 100 127 139 149 151 207 219 ]
151: [ 33 53 63 77 102 109 146 150 157 164 170 171 175 199 215 229 237 ]
152: [ 22 63 70 73 120 127 134 147 157 176 180 197 226 ]
153: [ 15 28 40 43 46 47 54 67 86 89 91 128 141 188 200 210 211 214 222 237 ]
154: [ 25 28 35 46 56 73 77 83 96 117 128 172 175 201 203 211 218 244 ]
155: [ 1 18 25 26 34 43 66 93 120 132 133 167 192 202 211 244 ]
156: [ 17 32 45 76 85 89 124 172 182 192 209 216 238 ]
157: [ 25 49 67 74 118 146 151 152 158 166 190 191 192 216 224 238 249 ]
158: [ 9 13 15 24 25 33 65 67 74 81 85 98 101 102 110 113 145 146 157 197 ]
159: [ 40 59 92 119 130 139 141 145 196 198 ]
160: [ 8 39 60 95 97 121 138 175 184 190 205 233 ]
161: [ 6 58 60 61 73 124 139 176 184 204 207 213 228 240 244 ]
162: [ 7 47 73 96 109 117 146 210 ]
163: [ 9 21 29 40 53 69 89 90 92 95 104 132 165 166 172 186 187 250 ]
164: [ 4 21 30 49 63 78 80 88 111 148 151 168 173 176 230 ]
165: [ 10 11 24 37 65 82 86 91 100 103 108 109 123 163 167 172 178 192 208 231 232 ]
166: [ 8 11 13 17 27 31 45 56 58 87 96 140 157 163 196 211 221 ]
167: [ 40 65 77 90 125 140 155 165 180 188 194 196 197 219 227 ]
168: [ 1 3 24 41 43 53 84 92 100 138 140 145 164 191 209 212 ]
169: [ 48 75 147 175 182 189 214 230 ]
170: [ 6 13 22 27 37 56 73 82 90 108 123 124 129 130 144 149 151 172 225 234 248 ]
171: [ 14 20 91 92 151 179 185 192 235 242 ]
172: [ 13 25 32 34 43 44 57 66 113 120 121 124 130 135 149 154 156 163 165 170 178 202 232 248 ]
173: [ 9 27 40 50 53 65 66 74 76 93 96 102 115 116 124 125 126 128 149 164 182 205 206 214 215 ]
174: [ 3 18 37 182 190 ]
175: [ 27 33 45 46 73 77 99 108 110 111 124 145 151 154 160 169 187 198 221 242 ]
176: [ 40 59 82 115 128 152 161 164 188 200 205 207 213 241 ]
177: [ 65 91 142 209 239 ]
178: [ 1 4 6 13 16 26 38 71 80 93 94 95 101 141 165 172 184 202 247 ]
179: [ 26 67 77 103 109 120 171 193 198 248 ]
180: [ 4 9 34 40 51 52 76 78 85 113 124 126 129 138 149 152 167 190 222 228 242 ]
181: [ 75 119 139 192 ]
182: [ 27 156 169 173 174 201 205 223 229 ]
183: [ 33 41 97 99 188 222 227 230 239 ]
184: [ 18 27 32 39 136 137 160 161 178 197 204 207 218 230 231 ]
185: [ 34 40 107 111 147 171 ]
186: [ 9 21 42 45 47 50 108 117 133 137 163 214 219 234 239 ]
187: [ 10 45 48 90 91 94 117 123 163 175 198 218 ]
188: [ 15 84 146 153 167 176 183 ]
189: [ 27 33 48 66 73 79 111 120 138 140 169 ]
190: [ 2 24 69 74 75 77 88 91 94 147 157 160 174 180 238 ]
191: [ 9 12 13 23 26 51 78 141 142 157 168 202 239 ]
192: [ 13 23 32 34 42 54 66 113 140 155 156 157 165 171 181 218 227 228 238 ]
193: [ 30 39 60 75 80 93 100 101 126 128 138 143 144 179 210 226 238 243 ]
194: [ 7 63 103 117 146 167 211 233 ]
195: [ 85 122 127 224 239 242 ]
196: [ 34 75 95 122 128 129 159 166 167 213 217 220 226 ]
197: [ 4 26 27 30 32 51 80 120 152 158 167 184 206 245 249 ]
198: [ 5 8 13 29 58 130 146 159 175 179 187 210 217 224 234 239 ]
199: [ 24 75 77 93 104 133 151 203 213 217 231 232 233 241 245 246 ]
200: [ 20 37 43 54 64 68 78 111 125 136 138 142 145 153 176 245 ]
201: [ 6 18 43 47 58 64 90 102 104 154 182 222 ]
202: [ 26 31 84 93 111 125 155 172 178 191 213 246 248 ]
203: [ 18 38 43 67 71 109 154 199 207 237 243 ]
204: [ 7 9 13 33 48 53 61 81 84 86 87 111 128 134 144 161 184 211 247 ]
205: [ 43 47 60 83 148 149 160 173 176 182 227 244 ]
206: [ 15 74 96 103 173 197 243 ]
207: [ 3 16 20 22 43 50 53 66 69 88 150 161 176 184 203 212 215 242 249 ]
208: [ 7 42 83 85 126 132 147 165 223 225 232 ]
209: [ 16 17 25 156 168 177 ]
210: [ 3 10 11 20 111 135 147 153 162 193 198 214 245 249 ]
211: [ 4 40 51 65 88 90 101 105 127 153 154 155 166 194 204 217 228 238 245 ]
212: [ 22 24 43 131 148 168 207 ]
213: [ 2 119 130 142 161 176 196 199 202 215 ]
214: [ 14 28 35 116 120 153 169 173 186 210 234 ]
215: [ 33 51 130 151 173 207 213 223 236 ]
216: [ 3 21 69 78 84 148 156 157 230 ]
217: [ 9 38 61 88 89 116 117 119 122 145 196 198 199 211 234 ]
218: [ 51 57 68 102 154 184 187 192 ]
219: [ 5 26 50 70 100 102 109 117 132 143 150 167 186 220 ]
220: [ 6 46 92 98 126 134 196 219 244 ]
221: [ 4 8 12 54 67 94 98 116 123 166 175 222 226 237 ]
222: [ 1 32 33 40 44 73 80 86 100 103 106 116 125 153 180 183 201 221 224 231 ]
223: [ 10 98 116 117 182 208 215 230 242 247 ]
224: [ 30 31 64 77 85 137 144 157 195 198 222 227 236 ]
225: [ 39 58 84 143 170 208 250 ]
226: [ 9 46 56 59 67 85 97 103 120 131 136 138 141 142 152 193 196 221 229 ]
227: [ 88 125 167 183 192 205 224 ]
228: [ 13 26 49 68 71 85 87 90 97 118 127 134 161 180 192 211 231 237 ]
229: [ 1 16 18 97 103 107 128 130 151 182 226 244 ]
230: [ 15 51 59 87 91 92 113 127 134 139 164 169 183 184 216 223 238 ]
231: [ 67 69 99 116 124 165 184 199 222 228 ]
232: [ 2 20 21 28 61 96 165 172 199 208 246 ]
233: [ 1 14 40 49 79 92 97 132 138 160 194 199 235 239 ]
234: [ 7 38 100 108 130 170 186 198 214 217 242 ]
235: [ 4 9 16 34 91 103 107 129 171 233 237 240 248 ]
236: [ 12 36 37 41 43 47 71 76 103 124 135 215 224 ]
237: [ 8 17 41 80 95 102 116 143 151 153 203 221 228 235 ]
238: [ 33 68 69 109 117 120 124 156 157 190 192 193 211 230 ]
239: [ 5 19 26 27 31 60 63 67 91 98 119 126 145 177 183 186 191 195 198 233 242 243 245 ]
240: [ 51 75 102 112 161 235 242 244 ]
241: [ 1 95 111 122 128 176 199 ]
242: [ 34 42 55 73 98 108 136 138 141 144 149 171 175 180 195 207 223 234 239 240 247 ]
243: [ 15 24 78 93 193 203 206 239 ]
244: [ 17 23 47 53 135 154 155 161 205 220 229 240 ]
245: [ 10 13 24 27 36 43 66 69 85 86 88 95 101 112 117 130 197 199 200 210 211 239 ]
246: [ 15 47 66 77 78 91 116 139 143 148 199 202 232 ]
247: [ 103 106 108 130 178 204 223 242 248 ]
248: [ 3 69 71 88 92 109 111 170 172 179 202 235 247 ]
249: [ 23 26 32 42 43 46 60 75 77 96 104 109 157 197 207 210 ]
250: [ 4 7 27 53 58 66 93 112 120 132 149 163 225 ]
