1: [ 24 47 48 53 59 87 144 145 158 174 182 184 205 225 231 242 243 ]
2: [ 39 42 60 77 84 94 98 107 137 168 203 225 ]
3: [ 15 20 124 126 130 143 161 176 202 220 228 ]
4: [ 16 104 112 124 137 217 ]
5: [ 7 22 38 47 82 104 107 155 160 165 203 228 232 241 ]
6: [ 20 34 44 71 104 109 112 174 194 210 220 235 ]
7: [ 5 42 65 67 71 78 80 84 94 134 141 162 197 215 224 226 232 244 ]
8: [ 43 47 83 185 230 231 ]
9: [ 62 85 102 117 123 124 144 204 209 210 221 224 243 ]
10: [ 40 50 60 114 129 176 184 222 232 247 ]
11: [ 22 27 32 34 53 87 97 104 107 123 140 147 154 155 157 167 186 197 225 232 246 ]
12: [ 34 48 63 71 75 84 132 141 ]
13: [ 30 31 50 52 53 62 74 81 82 110 136 139 172 178 202 233 243 ]
14: [ 44 77 80 142 153 157 183 189 215 219 ]
15: [ 3 30 40 52 103 111 112 115 140 157 220 ]
16: [ 4 37 46 61 95 106 134 226 234 ]
17: [ 50 82 98 178 190 219 230 232 233 245 ]
18: [ 25 40 64 80 97 105 107 111 132 142 150 164 171 188 209 ]
19: [ 48 49 56 106 111 155 166 167 174 184 186 194 215 230 ]
20: [ 3 6 28 38 41 53 94 110 112 117 153 155 160 181 203 218 240 245 ]
21: [ 29 34 36 46 66 104 150 171 202 215 234 ]
22: [ 5 11 26 27 28 61 79 85 97 107 119 142 151 156 189 194 205 220 226 234 249 ]
23: [ 25 38 45 95 146 151 182 191 194 245 250 ]
24: [ 1 34 41 62 82 86 94 104 113 135 149 152 155 168 175 180 219 249 ]
25: [ 18 23 37 40 46 50 75 77 78 80 86 87 94 111 125 141 188 193 222 237 ]
26: [ 22 50 66 73 114 179 180 188 224 ]
27: [ 11 22 37 38 42 44 47 67 103 104 105 129 136 139 163 183 202 208 215 247 ]
28: [ 20 22 49 77 83 84 90 98 137 154 165 169 174 175 194 198 199 206 211 238 240 244 245 ]
29: [ 21 32 46 76 98 139 142 161 173 188 208 214 ]
30: [ 13 15 49 63 78 100 130 141 185 231 ]
31: [ 13 81 122 124 141 154 161 189 236 238 247 ]
32: [ 11 29 34 41 43 48 51 68 76 95 134 137 138 142 154 178 180 181 202 207 221 225 235 248 ]
33: [ 219 228 ]
34: [ 6 11 12 21 24 32 38 41 53 61 71 145 146 150 157 165 181 246 249 ]
35: [ 38 40 58 90 115 122 129 135 144 191 237 ]
36: [ 21 37 43 54 58 84 90 106 165 170 180 183 184 220 ]
37: [ 16 25 27 36 45 46 51 61 65 72 119 124 149 158 171 176 181 183 188 211 ]
38: [ 5 20 23 27 34 35 41 49 66 106 120 161 167 186 216 224 230 ]
39: [ 2 47 106 111 134 142 166 167 174 181 197 224 228 234 ]
40: [ 10 15 18 25 35 59 60 67 74 90 135 140 144 149 162 197 214 ]
41: [ 20 24 32 34 38 73 75 79 81 85 90 96 123 124 135 137 143 145 153 174 178 202 203 207 215 224 235 ]
42: [ 2 7 27 44 48 60 69 70 81 101 105 111 124 151 167 168 206 240 244 ]
43: [ 8 32 36 78 90 96 110 112 117 158 159 170 177 180 191 203 ]
44: [ 6 14 27 42 46 55 65 72 84 88 96 97 107 137 174 198 204 219 225 247 ]
45: [ 23 37 49 52 68 71 78 105 125 135 138 156 180 238 240 ]
46: [ 16 21 25 29 37 44 81 85 89 90 94 96 106 123 160 164 167 180 203 206 244 249 250 ]
47: [ 1 5 8 27 39 64 71 93 101 114 139 160 173 175 193 195 207 214 233 238 ]
48: [ 1 12 19 32 42 80 97 135 155 202 207 ]
49: [ 19 28 30 38 45 68 76 117 140 153 157 165 166 174 181 182 235 243 248 ]
50: [ 10 13 17 25 26 52 75 109 129 153 162 188 217 223 ]
51: [ 32 37 59 65 80 96 105 109 111 122 125 128 163 171 173 188 196 215 230 232 241 ]
52: [ 13 15 45 50 53 54 75 78 93 108 122 129 135 153 164 178 192 194 201 228 ]
53: [ 1 11 13 20 34 52 67 80 83 87 102 128 160 182 207 222 224 230 241 ]
54: [ 36 52 72 73 76 89 96 108 113 125 146 154 164 167 196 220 225 231 238 240 244 ]
55: [ 44 71 84 94 122 127 146 156 173 179 180 181 186 191 194 196 205 207 226 238 ]
56: [ 19 63 189 202 ]
57: [ 71 80 133 153 156 157 167 197 241 246 250 ]
58: [ 35 36 132 211 217 ]
59: [ 1 40 51 88 98 107 113 168 190 194 223 228 232 ]
60: [ 2 10 40 42 63 65 74 95 98 130 146 148 155 168 197 211 228 229 ]
61: [ 16 22 34 37 90 119 126 137 155 174 ]
62: [ 9 13 24 64 65 82 101 117 171 198 238 ]
63: [ 12 30 56 60 67 68 72 77 88 90 97 135 153 161 186 188 190 225 245 ]
64: [ 18 47 62 66 157 166 167 181 ]
65: [ 7 37 44 51 60 62 70 79 92 95 104 111 123 148 156 158 180 189 207 213 214 215 225 243 ]
66: [ 21 26 38 64 74 94 129 131 168 192 195 196 226 ]
67: [ 7 27 40 53 63 69 71 87 95 112 146 167 175 184 188 209 220 ]
68: [ 32 45 49 63 72 75 86 118 164 174 ]
69: [ 42 67 73 141 158 168 190 204 ]
70: [ 42 65 81 93 133 142 153 156 166 196 202 225 235 ]
71: [ 6 7 12 34 45 47 55 57 67 73 85 119 124 142 172 175 188 190 194 207 212 225 230 245 ]
72: [ 37 44 54 63 68 88 104 130 142 202 203 208 220 240 ]
73: [ 26 41 54 69 71 94 103 153 215 239 ]
74: [ 13 40 60 66 81 93 134 138 151 227 ]
75: [ 12 25 41 50 52 68 82 92 102 107 130 132 138 143 144 160 188 210 226 242 ]
76: [ 29 32 49 54 90 108 112 134 172 175 216 227 241 245 248 ]
77: [ 2 14 25 28 63 94 106 108 115 118 146 161 164 171 172 189 193 232 ]
78: [ 7 25 30 43 45 52 96 115 128 129 147 191 194 225 226 244 ]
79: [ 22 41 65 111 127 152 217 221 ]
80: [ 7 14 18 25 48 51 53 57 96 99 109 120 146 148 160 184 187 192 205 212 226 ]
81: [ 13 31 41 42 46 70 74 150 155 156 167 182 187 229 241 ]
82: [ 5 13 17 24 62 75 97 108 109 113 114 115 119 121 126 130 147 155 202 203 219 250 ]
83: [ 8 28 53 97 123 156 202 236 250 ]
84: [ 2 7 12 28 36 44 55 98 113 145 163 184 205 206 217 220 225 238 ]
85: [ 9 22 41 46 71 110 126 150 156 158 160 193 194 245 ]
86: [ 24 25 68 93 97 108 136 141 146 158 167 181 206 209 210 222 229 232 233 241 ]
87: [ 1 11 25 53 67 91 103 122 172 185 191 225 227 229 ]
88: [ 44 59 63 72 113 127 155 162 178 187 190 192 193 194 197 201 205 219 230 ]
89: [ 46 54 96 161 165 235 ]
90: [ 28 35 36 40 41 43 46 61 63 76 94 149 152 159 180 200 203 211 221 ]
91: [ 87 124 141 182 191 201 217 ]
92: [ 65 75 113 130 135 138 147 175 209 ]
93: [ 47 52 70 74 86 100 103 123 131 137 143 152 169 193 197 205 224 ]
94: [ 2 7 20 24 25 46 55 66 73 77 90 117 137 177 198 216 243 244 245 ]
95: [ 16 23 32 60 65 67 97 104 118 138 142 194 ]
96: [ 41 43 44 46 51 54 78 80 89 104 122 124 131 136 149 197 208 214 245 250 ]
97: [ 11 18 22 44 48 63 82 83 86 95 138 164 172 173 179 183 185 241 ]
98: [ 2 17 28 29 59 60 84 101 123 143 148 161 163 174 187 227 238 240 ]
99: [ 80 107 185 ]
100: [ 30 93 103 156 157 166 169 175 232 ]
101: [ 42 47 62 98 209 210 244 ]
102: [ 9 53 75 104 107 114 123 127 128 133 138 171 174 179 213 214 219 241 ]
103: [ 15 27 73 87 93 100 113 117 149 205 228 ]
104: [ 4 5 6 11 21 24 27 65 72 95 96 102 109 111 124 148 155 165 175 188 210 240 245 247 ]
105: [ 18 27 42 45 51 137 214 234 248 ]
106: [ 16 19 36 38 39 46 77 112 162 173 200 207 227 233 ]
107: [ 2 5 11 18 22 44 59 75 99 102 108 109 128 135 155 162 170 176 184 191 192 193 194 196 204 205 227 240 ]
108: [ 52 54 76 77 82 86 107 119 131 192 196 207 209 217 235 236 246 ]
109: [ 6 50 51 80 82 104 107 129 141 150 154 167 190 203 220 228 250 ]
110: [ 13 20 43 85 117 166 171 187 190 192 209 224 241 ]
111: [ 15 18 19 25 39 42 51 65 79 104 192 195 202 215 217 230 240 244 247 249 ]
112: [ 4 6 15 20 43 67 76 106 127 130 144 153 167 177 179 187 191 197 210 221 230 249 ]
113: [ 24 54 59 82 84 88 92 103 129 131 147 155 157 158 162 165 209 224 229 240 244 ]
114: [ 10 26 47 82 102 117 118 168 217 218 ]
115: [ 15 35 77 78 82 120 134 138 144 161 166 186 240 ]
116: [ 197 202 224 235 ]
117: [ 9 20 43 49 62 94 103 110 114 127 133 141 196 214 235 236 241 ]
118: [ 68 77 95 114 120 124 132 141 159 164 174 198 208 212 232 233 ]
119: [ 22 37 61 71 82 108 124 142 154 ]
120: [ 38 80 115 118 162 222 ]
121: [ 82 122 138 227 250 ]
122: [ 31 35 51 52 55 87 96 121 128 155 156 181 203 227 235 ]
123: [ 9 11 41 46 65 83 93 98 102 137 159 173 181 187 225 235 238 ]
124: [ 3 4 9 31 37 41 42 71 91 96 104 118 119 129 158 159 165 169 180 200 241 243 ]
125: [ 25 45 51 54 136 141 154 161 162 192 225 241 ]
126: [ 3 61 82 85 157 196 ]
127: [ 55 79 88 102 112 117 129 146 182 192 220 ]
128: [ 51 53 78 102 107 122 141 214 232 243 ]
129: [ 10 27 35 50 52 66 78 109 113 124 127 145 147 164 173 197 215 221 233 246 250 ]
130: [ 3 30 60 72 75 82 92 112 132 135 138 171 178 205 239 240 245 247 ]
131: [ 66 93 96 108 113 161 166 187 190 232 ]
132: [ 12 18 58 75 118 130 133 146 156 167 171 205 207 209 213 235 247 ]
133: [ 57 70 102 117 132 142 217 235 240 ]
134: [ 7 16 32 39 74 76 115 171 228 ]
135: [ 24 35 40 41 45 48 52 63 92 107 130 163 189 226 241 250 ]
136: [ 13 27 86 96 125 137 156 160 221 231 250 ]
137: [ 2 4 28 32 41 44 61 93 94 105 123 136 141 156 161 204 207 232 234 250 ]
138: [ 32 45 74 75 92 95 97 102 115 121 130 147 171 172 174 175 185 231 237 247 ]
139: [ 13 27 29 47 148 161 183 206 ]
140: [ 11 15 40 49 171 173 183 195 230 241 244 ]
141: [ 7 12 25 30 31 69 86 91 109 117 118 125 128 137 198 204 237 244 250 ]
142: [ 14 18 22 29 32 39 70 71 72 95 119 133 163 164 181 182 185 211 216 234 237 243 250 ]
143: [ 3 41 75 93 98 146 171 193 196 245 ]
144: [ 1 9 35 40 75 112 115 158 190 ]
145: [ 1 34 41 84 129 161 182 188 191 199 240 248 ]
146: [ 23 34 54 55 60 67 77 80 86 127 132 143 167 174 182 197 215 228 241 245 ]
147: [ 11 78 82 92 113 129 138 155 165 182 224 231 ]
148: [ 60 65 80 98 104 139 176 209 214 222 224 228 ]
149: [ 24 37 40 90 96 103 150 167 173 190 199 250 ]
150: [ 18 21 34 81 85 109 149 161 173 178 215 217 225 241 245 ]
151: [ 22 23 42 74 157 210 ]
152: [ 24 79 90 93 155 168 218 233 237 238 248 ]
153: [ 14 20 41 49 50 52 57 63 70 73 112 158 176 177 180 195 198 219 228 240 ]
154: [ 11 28 31 32 54 109 119 125 167 218 228 231 234 ]
155: [ 5 11 19 20 24 48 60 61 81 82 88 104 107 113 122 147 152 184 189 196 209 225 238 241 ]
156: [ 22 45 55 57 65 70 81 83 85 100 122 132 136 137 162 167 191 209 216 220 ]
157: [ 11 14 15 34 49 57 64 100 113 126 151 172 188 204 206 249 250 ]
158: [ 1 37 43 65 69 85 86 113 124 144 153 160 165 214 234 235 ]
159: [ 43 90 118 123 124 170 171 215 227 240 ]
160: [ 5 20 46 47 53 75 80 85 136 158 173 177 196 249 ]
161: [ 3 29 31 38 63 77 89 98 115 125 131 137 139 145 150 165 173 175 185 190 194 203 210 229 ]
162: [ 7 40 50 88 106 107 113 120 125 156 180 198 230 247 ]
163: [ 27 51 84 98 135 142 184 198 244 ]
164: [ 18 46 52 54 68 77 97 118 129 142 165 177 189 191 199 209 210 237 ]
165: [ 5 28 34 36 49 89 104 113 124 147 158 161 164 178 188 191 194 ]
166: [ 19 39 49 64 70 100 110 115 131 177 205 207 219 224 228 237 246 ]
167: [ 11 19 38 39 42 46 54 57 64 67 81 86 109 112 132 146 149 154 156 217 220 241 ]
168: [ 2 24 42 59 60 66 69 114 152 170 186 191 198 210 232 233 246 ]
169: [ 28 93 100 124 187 226 ]
170: [ 36 43 107 159 168 190 ]
171: [ 18 21 37 51 62 77 102 110 130 132 134 138 140 143 159 177 206 227 232 233 250 ]
172: [ 13 71 76 77 87 97 138 157 182 216 227 232 238 ]
173: [ 29 47 51 55 97 106 123 129 140 149 150 160 161 179 198 211 213 222 230 236 ]
174: [ 1 6 19 28 39 41 44 49 61 68 98 102 118 138 146 179 245 ]
175: [ 24 28 47 67 71 76 92 100 104 138 161 205 224 225 232 246 ]
176: [ 3 10 37 107 148 153 194 223 235 238 244 247 ]
177: [ 43 94 112 153 160 164 166 171 205 ]
178: [ 13 17 32 41 52 88 130 150 165 214 241 243 250 ]
179: [ 26 55 97 102 112 173 174 182 205 220 227 232 236 238 243 247 ]
180: [ 24 26 32 36 43 45 46 55 65 90 124 153 162 187 190 197 213 222 ]
181: [ 20 32 34 37 39 49 55 64 86 122 123 142 185 ]
182: [ 1 23 49 53 81 91 127 142 145 146 147 172 179 195 206 210 216 217 224 234 ]
183: [ 14 27 36 37 97 139 140 246 ]
184: [ 1 10 19 36 67 80 84 107 155 163 217 ]
185: [ 8 30 87 97 99 138 142 161 181 204 239 248 ]
186: [ 11 19 38 55 63 115 168 203 207 220 ]
187: [ 80 81 88 98 110 112 123 131 169 180 215 230 ]
188: [ 18 25 26 29 37 50 51 63 67 71 75 104 145 157 165 211 212 226 ]
189: [ 14 22 31 56 65 77 135 155 164 201 218 ]
190: [ 17 59 63 69 71 88 109 110 131 144 149 161 170 180 210 240 245 ]
191: [ 23 35 43 55 78 87 91 107 112 145 156 164 165 168 193 230 ]
192: [ 52 66 80 88 107 108 110 111 125 127 207 232 ]
193: [ 25 47 77 85 88 93 107 143 191 202 220 ]
194: [ 6 19 22 23 28 52 55 59 71 78 85 88 95 107 161 165 176 216 ]
195: [ 47 66 111 140 153 182 210 224 ]
196: [ 51 54 55 66 70 107 108 117 126 143 155 160 198 210 215 224 234 244 ]
197: [ 7 11 39 40 57 60 88 93 96 112 116 129 146 180 233 237 ]
198: [ 28 44 62 94 118 141 153 162 163 168 173 196 201 203 209 213 219 242 ]
199: [ 28 145 149 164 ]
200: [ 90 106 124 ]
201: [ 52 88 91 189 198 216 224 226 236 250 ]
202: [ 3 13 21 27 32 41 48 56 70 72 82 83 111 116 193 206 210 213 ]
203: [ 2 5 20 41 43 46 72 82 90 109 122 161 186 198 217 ]
204: [ 9 44 69 107 137 141 157 185 216 ]
205: [ 1 22 55 80 84 88 93 103 107 130 132 166 175 177 179 209 227 231 ]
206: [ 28 42 46 84 86 139 157 171 182 202 247 ]
207: [ 32 41 47 48 53 55 65 71 106 108 132 137 166 186 192 216 240 ]
208: [ 27 29 72 96 118 244 ]
209: [ 9 18 67 86 92 101 108 110 113 132 148 155 156 164 198 205 214 ]
210: [ 6 9 75 86 101 104 112 151 161 164 168 182 190 195 196 202 230 249 ]
211: [ 28 37 58 60 90 142 173 188 215 ]
212: [ 71 80 118 188 216 235 ]
213: [ 65 102 132 173 180 198 202 250 ]
214: [ 29 40 47 65 96 102 105 117 128 148 158 178 209 216 217 227 240 244 ]
215: [ 7 14 19 21 27 41 51 65 73 111 129 146 150 159 187 196 211 216 217 229 ]
216: [ 38 76 94 142 156 172 182 194 201 204 207 212 214 215 220 237 239 250 ]
217: [ 4 50 58 79 84 91 108 111 114 133 150 167 182 184 203 214 215 239 ]
218: [ 20 114 152 154 189 239 ]
219: [ 14 17 24 33 44 82 88 102 153 166 198 239 ]
220: [ 3 6 15 22 36 54 67 72 84 109 127 156 167 179 186 193 216 223 225 228 ]
221: [ 9 32 79 90 112 129 136 230 243 ]
222: [ 10 25 53 86 120 148 173 180 244 ]
223: [ 50 59 176 220 247 ]
224: [ 7 9 26 38 39 41 53 93 110 113 116 147 148 166 175 182 195 196 201 227 229 247 ]
225: [ 1 2 11 32 44 54 63 65 70 71 78 84 87 123 125 150 155 175 220 234 ]
226: [ 7 16 22 55 66 75 78 80 135 169 188 201 244 ]
227: [ 74 76 87 98 106 107 121 122 159 171 172 179 205 214 224 243 ]
228: [ 3 5 33 39 52 59 60 103 109 134 146 148 153 154 166 220 246 249 ]
229: [ 60 81 86 87 113 161 215 224 242 248 ]
230: [ 8 17 19 38 51 53 71 88 111 112 140 162 173 187 191 210 221 244 245 246 ]
231: [ 1 8 30 54 136 138 147 154 205 237 ]
232: [ 5 7 10 11 17 51 59 77 86 100 118 128 131 137 168 171 172 175 179 192 233 250 ]
233: [ 13 17 47 86 106 118 129 152 168 171 197 232 ]
234: [ 16 21 22 39 105 137 142 154 158 182 196 225 248 ]
235: [ 6 32 41 49 70 89 108 116 117 122 123 132 133 158 176 212 239 ]
236: [ 31 83 108 117 173 179 201 241 245 ]
237: [ 25 35 138 141 142 152 164 166 197 216 231 240 ]
238: [ 28 31 45 47 54 55 62 84 98 123 152 155 172 176 179 240 241 250 ]
239: [ 73 130 185 216 217 218 219 235 247 ]
240: [ 20 28 42 45 54 72 98 104 107 111 113 115 130 133 145 153 159 190 207 214 237 238 247 ]
241: [ 5 51 53 57 76 81 86 97 102 110 117 124 125 135 140 146 150 155 167 178 236 238 ]
242: [ 1 75 198 229 ]
243: [ 1 9 13 49 65 94 124 128 142 178 179 221 227 250 ]
244: [ 7 28 42 46 54 78 94 101 111 113 140 141 163 176 196 208 214 222 226 230 ]
245: [ 17 20 23 28 63 71 76 85 94 96 104 130 143 146 150 174 190 230 236 246 250 ]
246: [ 11 34 57 108 129 166 168 175 183 228 230 245 ]
247: [ 10 27 31 44 104 111 130 132 138 162 176 179 206 223 224 239 240 ]
248: [ 32 49 76 105 145 152 185 229 234 ]
249: [ 22 24 34 46 111 112 157 160 210 228 ]
250: [ 23 46 57 82 83 96 109 121 129 135 136 137 141 142 149 157 171 178 201 213 216 232 238 243 245 ]
