1: [ 8 14 39 59 90 125 163 178 182 185 216 ]
2: [ 14 16 29 53 61 74 80 120 135 159 168 199 204 215 221 226 246 ]
3: [ 77 84 95 111 116 125 136 139 143 156 168 174 183 194 197 210 231 234 242 ]
4: [ 17 29 37 53 70 83 84 87 117 118 119 125 139 157 200 223 245 ]
5: [ 13 22 46 95 127 139 141 156 192 193 208 211 231 238 ]
6: [ 32 116 127 170 184 205 215 225 241 243 ]
7: [ 10 46 48 50 89 94 116 122 123 133 134 136 167 178 236 240 ]
8: [ 1 17 41 44 48 78 82 87 94 106 162 173 190 195 208 211 249 ]
9: [ 30 32 63 65 76 81 126 134 164 233 235 ]
10: [ 7 26 65 79 109 137 185 189 249 ]
11: [ 13 89 93 110 150 177 ]
12: [ 15 50 84 110 138 139 143 159 194 205 220 228 243 ]
13: [ 5 11 27 35 47 58 66 73 76 92 95 102 116 126 131 153 163 181 195 ]
14: [ 1 2 29 45 55 57 64 66 71 74 78 84 88 108 115 153 159 160 176 187 189 205 222 ]
15: [ 12 21 27 51 55 66 88 94 121 146 150 155 156 166 220 ]
16: [ 2 31 50 70 94 123 131 154 160 213 246 ]
17: [ 4 8 26 50 73 85 120 173 208 228 236 247 ]
18: [ 23 59 83 115 134 158 194 222 244 ]
19: [ 83 103 107 112 117 197 202 212 245 247 ]
20: [ 27 62 99 124 133 139 146 154 202 205 209 237 ]
21: [ 15 67 99 118 183 217 ]
22: [ 5 30 41 51 54 69 74 90 106 131 148 163 169 170 173 199 220 ]
23: [ 18 36 53 71 80 83 147 151 155 167 180 183 188 198 206 230 231 232 241 250 ]
24: [ 32 62 71 109 122 140 167 199 223 228 ]
25: [ 31 39 48 54 57 74 78 107 119 136 137 148 156 170 209 214 228 229 245 ]
26: [ 10 17 51 56 58 59 70 74 95 100 118 134 151 153 166 194 211 228 238 ]
27: [ 13 15 20 42 49 52 61 72 159 167 180 191 199 208 248 ]
28: [ 61 157 171 228 243 ]
29: [ 2 4 14 99 100 123 128 148 165 172 180 196 207 210 215 237 ]
30: [ 9 22 35 73 100 106 110 175 214 ]
31: [ 16 25 89 106 111 133 137 144 161 178 184 198 228 231 ]
32: [ 6 9 24 35 62 73 93 103 109 124 146 173 178 189 205 206 214 226 238 ]
33: [ 103 106 115 126 170 171 192 194 233 ]
34: [ 59 66 71 104 118 124 153 173 182 190 200 ]
35: [ 13 30 32 36 41 48 50 59 71 84 88 113 116 120 133 149 159 167 172 181 201 225 234 ]
36: [ 23 35 62 70 84 108 113 136 141 157 175 182 198 219 228 230 239 243 244 248 ]
37: [ 4 41 48 62 122 126 131 181 183 214 216 248 ]
38: [ 45 80 94 131 247 250 ]
39: [ 1 25 75 76 80 82 106 136 140 166 174 198 223 237 243 244 ]
40: [ 48 62 64 69 90 143 146 170 ]
41: [ 8 22 35 37 59 72 73 85 87 98 106 111 127 128 158 162 187 246 ]
42: [ 27 48 54 55 58 72 84 94 97 103 106 126 156 162 167 185 194 202 222 225 243 ]
43: [ 79 84 85 88 112 144 170 179 ]
44: [ 8 48 54 61 63 64 70 100 103 112 146 156 163 177 179 215 230 239 242 ]
45: [ 14 38 47 50 69 75 81 84 109 116 177 190 222 234 237 243 249 ]
46: [ 5 7 54 78 80 103 106 112 121 133 167 171 206 208 226 232 241 250 ]
47: [ 13 45 83 141 151 163 ]
48: [ 7 8 25 35 37 40 42 44 74 85 108 116 128 167 179 238 ]
49: [ 27 53 66 75 101 125 141 189 191 197 201 202 214 217 228 ]
50: [ 7 12 16 17 35 45 72 77 78 83 85 97 98 99 105 110 128 136 139 147 162 182 183 238 250 ]
51: [ 15 22 26 59 67 95 128 165 208 214 222 242 246 ]
52: [ 27 58 91 102 136 139 146 164 167 188 209 250 ]
53: [ 2 4 23 49 99 111 128 132 140 150 163 180 181 182 208 216 217 221 226 244 ]
54: [ 22 25 42 44 46 84 106 138 150 161 174 179 182 230 245 ]
55: [ 14 15 42 59 93 133 164 ]
56: [ 26 63 70 99 112 138 145 200 229 247 ]
57: [ 14 25 148 175 225 ]
58: [ 13 26 42 52 64 80 88 94 99 108 118 131 135 144 195 208 ]
59: [ 1 18 26 34 35 41 51 55 70 74 100 108 132 133 139 144 145 177 183 194 221 223 225 235 247 ]
60: [ 100 167 211 243 ]
61: [ 2 27 28 44 81 99 100 104 115 118 126 139 160 178 198 228 243 ]
62: [ 20 24 32 36 37 40 70 81 84 86 94 95 109 128 132 140 158 174 194 221 228 229 231 249 ]
63: [ 9 44 56 70 72 91 109 115 116 118 140 174 187 240 ]
64: [ 14 40 44 58 68 85 95 121 123 186 200 228 232 235 237 ]
65: [ 9 10 122 140 192 ]
66: [ 13 14 15 34 49 68 78 79 80 125 136 146 173 232 239 241 ]
67: [ 21 51 104 109 151 182 194 205 222 ]
68: [ 64 66 72 76 85 92 100 121 127 130 132 134 142 150 157 165 167 168 177 217 220 248 ]
69: [ 22 40 45 155 166 198 ]
70: [ 4 16 26 36 44 56 59 62 63 76 96 100 101 118 158 177 183 192 204 ]
71: [ 14 23 24 34 35 93 101 105 116 136 182 227 247 ]
72: [ 27 41 42 50 63 68 74 81 92 103 111 112 128 131 157 167 174 194 213 225 227 229 241 247 249 ]
73: [ 13 17 30 32 41 118 146 177 183 194 195 215 216 228 229 233 239 ]
74: [ 2 14 22 25 26 48 59 72 78 82 98 100 106 109 142 144 172 176 196 202 212 218 219 226 235 241 ]
75: [ 39 45 49 127 180 193 214 ]
76: [ 9 13 39 68 70 89 104 109 120 121 131 151 160 172 183 211 224 240 ]
77: [ 3 50 99 107 133 160 230 ]
78: [ 8 14 25 46 50 66 74 83 90 95 117 122 170 182 183 222 240 ]
79: [ 10 43 66 96 104 119 140 160 178 182 193 221 ]
80: [ 2 23 38 39 46 58 66 89 96 106 112 172 176 218 221 232 239 243 249 ]
81: [ 9 45 61 62 72 84 89 92 94 99 107 122 139 172 192 199 222 225 243 249 ]
82: [ 8 39 74 153 236 ]
83: [ 4 18 19 23 47 50 78 95 122 125 130 157 174 179 238 245 ]
84: [ 3 4 12 14 35 36 42 43 45 54 62 81 85 99 106 107 123 134 138 163 166 201 215 218 245 250 ]
85: [ 17 41 43 48 50 64 68 84 88 97 133 141 153 171 185 190 192 196 205 209 240 ]
86: [ 62 89 138 143 172 188 200 217 ]
87: [ 4 8 41 110 114 128 166 222 231 ]
88: [ 14 15 35 43 58 85 96 107 122 124 127 156 157 203 208 219 221 229 241 245 ]
89: [ 7 11 31 76 80 81 86 108 115 138 170 171 174 182 195 219 226 230 ]
90: [ 1 22 40 78 94 99 103 105 110 119 120 158 172 179 228 247 ]
91: [ 52 63 102 111 207 208 247 249 ]
92: [ 13 68 72 81 101 108 143 151 154 161 174 184 188 202 247 250 ]
93: [ 11 32 55 71 100 133 177 179 ]
94: [ 7 8 15 16 38 42 58 62 81 90 145 168 172 175 179 185 ]
95: [ 3 5 13 26 51 62 64 78 83 148 170 ]
96: [ 70 79 80 88 139 186 194 ]
97: [ 42 50 85 108 136 138 178 211 216 ]
98: [ 41 50 74 115 126 130 151 169 209 215 233 245 ]
99: [ 20 21 29 50 53 56 58 61 77 81 84 90 115 129 150 163 171 175 189 227 233 241 ]
100: [ 26 29 30 44 59 60 61 68 70 74 93 108 117 146 186 202 208 219 231 242 ]
101: [ 49 70 71 92 102 150 160 173 195 199 206 240 ]
102: [ 13 52 91 101 104 118 131 145 164 166 186 194 213 224 226 ]
103: [ 19 32 33 42 44 46 72 90 111 129 153 154 157 168 175 198 235 237 241 243 244 ]
104: [ 34 61 67 76 79 102 111 146 164 181 193 225 ]
105: [ 50 71 90 138 164 172 202 207 226 241 ]
106: [ 8 22 30 31 33 39 41 42 46 54 74 80 84 112 115 156 173 178 183 190 222 ]
107: [ 19 25 77 81 84 88 119 171 180 192 197 199 201 202 220 240 ]
108: [ 14 36 48 58 59 89 92 97 100 145 156 160 169 170 235 245 249 250 ]
109: [ 10 24 32 45 62 63 67 74 76 132 141 160 170 187 199 204 216 218 232 ]
110: [ 11 12 30 50 87 90 112 120 127 172 180 242 ]
111: [ 3 31 41 53 72 91 103 104 117 124 127 152 155 157 193 208 209 230 250 ]
112: [ 19 43 44 46 56 72 80 106 110 156 159 172 175 187 195 197 200 208 240 ]
113: [ 35 36 130 156 220 235 ]
114: [ 87 130 141 142 167 209 227 ]
115: [ 14 18 33 61 63 89 98 99 106 121 133 173 183 189 197 203 219 222 227 231 ]
116: [ 3 6 7 13 35 45 48 63 71 126 129 164 167 199 200 214 215 219 221 227 ]
117: [ 4 19 78 100 111 124 166 182 196 213 223 230 ]
118: [ 4 21 26 34 58 61 63 70 73 102 124 136 161 166 182 207 214 230 ]
119: [ 4 25 79 90 107 121 124 163 187 205 220 240 247 ]
120: [ 2 17 35 76 90 110 162 173 233 242 ]
121: [ 15 46 64 68 76 115 119 126 157 182 183 186 187 216 ]
122: [ 7 24 37 65 78 81 83 88 134 139 143 145 175 177 178 187 194 195 212 220 225 ]
123: [ 7 16 29 64 84 125 138 171 177 205 217 231 247 ]
124: [ 20 32 34 88 111 117 118 119 164 166 175 ]
125: [ 1 3 4 49 66 83 123 177 202 237 247 ]
126: [ 9 13 33 37 42 61 98 116 121 131 136 159 165 176 178 179 188 195 228 242 248 ]
127: [ 5 6 41 68 75 88 110 111 138 150 152 159 177 183 202 218 226 236 238 246 ]
128: [ 29 41 48 50 51 53 62 72 87 150 159 166 177 227 245 ]
129: [ 99 103 116 161 ]
130: [ 68 83 98 113 114 154 241 ]
131: [ 13 16 22 37 38 58 72 76 102 126 136 159 166 202 214 ]
132: [ 53 59 62 68 109 141 145 154 162 179 212 236 237 ]
133: [ 7 20 31 35 46 55 59 77 85 93 115 145 154 166 183 195 206 209 229 240 ]
134: [ 7 9 18 26 68 84 122 144 181 187 194 209 216 230 ]
135: [ 2 58 141 150 166 174 220 ]
136: [ 3 7 25 36 39 50 52 66 71 97 118 126 131 139 183 187 191 202 222 236 ]
137: [ 10 25 31 153 160 172 180 191 202 226 248 ]
138: [ 12 54 56 84 86 89 97 105 123 127 140 145 156 172 173 179 203 209 215 220 222 226 231 241 ]
139: [ 3 4 5 12 20 50 52 59 61 81 96 122 136 145 158 170 184 191 215 220 ]
140: [ 24 39 53 62 63 65 79 138 180 185 199 225 241 ]
141: [ 5 36 47 49 85 109 114 132 135 170 175 196 216 239 243 ]
142: [ 68 74 114 144 180 185 221 231 248 ]
143: [ 3 12 40 86 92 122 145 169 ]
144: [ 31 43 58 59 74 134 142 153 165 177 179 215 ]
145: [ 56 59 94 102 108 122 132 133 138 139 143 151 160 166 175 176 179 186 187 195 200 205 209 220 231 234 250 ]
146: [ 15 20 32 40 44 52 66 73 100 104 148 178 189 205 210 227 236 240 246 248 ]
147: [ 23 50 173 235 ]
148: [ 22 25 29 57 95 146 149 154 160 172 ]
149: [ 35 148 194 208 220 ]
150: [ 11 15 53 54 68 99 101 127 128 135 152 155 166 168 201 203 205 220 223 230 235 243 248 ]
151: [ 23 26 47 67 76 92 98 145 159 170 178 181 207 239 248 249 ]
152: [ 111 127 150 247 ]
153: [ 13 14 26 34 82 85 103 137 144 208 210 223 244 ]
154: [ 16 20 92 103 130 132 133 148 158 171 174 175 179 219 ]
155: [ 15 23 69 111 150 165 170 172 176 195 202 230 233 237 245 ]
156: [ 3 5 15 25 42 44 88 106 108 112 113 138 160 198 202 203 208 214 219 225 234 240 ]
157: [ 4 28 36 68 72 83 88 103 111 121 159 195 202 214 243 ]
158: [ 18 41 62 70 90 139 154 184 196 199 230 ]
159: [ 2 12 14 27 35 112 126 127 128 131 151 157 166 246 ]
160: [ 14 16 61 76 77 79 101 108 109 137 145 148 156 196 207 208 216 237 241 250 ]
161: [ 31 54 92 118 129 162 199 223 230 241 ]
162: [ 8 41 42 50 120 132 161 175 180 187 216 250 ]
163: [ 1 13 22 44 47 53 84 99 119 175 182 205 230 235 ]
164: [ 9 52 55 102 104 105 116 124 179 180 193 226 ]
165: [ 29 51 68 126 144 155 173 191 209 241 ]
166: [ 15 26 39 69 84 87 102 117 118 124 128 131 133 135 145 150 159 202 210 214 228 243 ]
167: [ 7 23 24 27 35 42 46 48 52 60 68 72 114 116 189 200 216 248 ]
168: [ 2 3 68 94 103 150 180 ]
169: [ 22 98 108 143 190 233 ]
170: [ 6 22 25 33 40 43 78 89 95 108 109 139 141 151 155 171 199 220 233 250 ]
171: [ 28 33 46 85 89 99 107 123 154 170 194 236 ]
172: [ 29 35 74 76 80 81 86 90 94 105 110 112 137 138 148 155 180 186 239 ]
173: [ 8 17 22 32 34 66 101 106 115 120 138 147 165 174 182 183 186 188 195 229 232 233 247 248 ]
174: [ 3 39 54 62 63 72 83 89 92 135 154 173 213 215 226 242 ]
175: [ 30 36 57 94 99 103 112 122 124 141 145 154 162 163 191 222 240 ]
176: [ 14 74 80 126 145 155 179 193 216 235 ]
177: [ 11 44 45 59 68 70 73 93 122 123 125 127 128 144 ]
178: [ 1 7 31 32 61 79 97 106 122 126 146 151 188 195 210 214 220 233 ]
179: [ 43 44 48 54 83 90 93 94 126 132 138 144 145 154 164 176 188 189 220 225 249 ]
180: [ 23 27 29 53 75 107 110 137 140 142 162 164 168 172 184 199 207 ]
181: [ 13 35 37 53 104 134 151 217 230 ]
182: [ 1 34 36 50 53 54 67 71 78 79 89 117 118 121 163 173 247 250 ]
183: [ 3 21 23 37 50 59 70 73 76 78 106 115 121 127 133 136 173 187 207 216 225 246 ]
184: [ 6 31 92 139 158 180 ]
185: [ 1 10 42 85 94 140 142 ]
186: [ 64 96 100 102 121 145 172 173 208 ]
187: [ 14 41 63 109 112 119 121 122 134 136 145 162 183 238 246 ]
188: [ 23 52 86 92 126 173 178 179 ]
189: [ 10 14 32 49 99 115 146 167 179 236 ]
190: [ 8 34 45 85 106 169 194 203 238 248 ]
191: [ 27 49 136 137 139 165 175 225 226 ]
192: [ 5 33 65 70 81 85 107 219 247 ]
193: [ 5 75 79 104 111 164 176 240 241 ]
194: [ 3 12 18 26 33 42 59 62 67 72 73 96 102 122 134 149 171 190 240 ]
195: [ 8 13 58 73 89 101 112 122 126 133 145 155 157 173 178 ]
196: [ 29 74 85 117 141 158 160 206 231 247 ]
197: [ 3 19 49 107 112 115 213 227 233 247 ]
198: [ 23 31 36 39 61 69 103 156 204 224 231 ]
199: [ 2 22 24 27 81 101 107 109 116 140 158 161 170 180 212 218 235 245 ]
200: [ 4 34 56 64 86 112 116 145 167 216 222 ]
201: [ 35 49 84 107 150 216 243 ]
202: [ 19 20 42 49 74 92 100 105 107 125 127 131 136 137 155 156 157 166 250 ]
203: [ 88 115 138 150 156 190 ]
204: [ 2 70 109 198 207 247 ]
205: [ 6 12 14 20 32 67 85 119 123 145 146 150 163 206 213 240 ]
206: [ 23 32 46 101 133 196 205 ]
207: [ 29 91 105 118 151 160 180 183 204 229 250 ]
208: [ 5 8 17 27 46 51 53 58 88 91 100 111 112 149 153 156 160 186 235 236 242 ]
209: [ 20 25 52 85 98 111 114 133 134 138 145 165 215 218 223 227 ]
210: [ 3 29 146 153 166 178 ]
211: [ 5 8 26 60 76 97 233 245 ]
212: [ 19 74 122 132 199 241 ]
213: [ 16 72 102 117 174 197 205 226 244 247 ]
214: [ 25 30 32 37 49 51 75 116 118 131 156 157 166 178 240 ]
215: [ 2 6 29 44 73 84 98 116 138 139 144 174 209 ]
216: [ 1 37 53 73 97 109 121 134 141 160 162 167 176 183 200 201 236 ]
217: [ 21 49 53 68 86 123 181 234 235 245 ]
218: [ 74 80 84 109 127 199 209 219 ]
219: [ 36 74 88 89 100 115 116 154 156 192 218 232 ]
220: [ 12 15 22 68 107 113 119 122 135 138 139 145 149 150 170 178 179 226 243 250 ]
221: [ 2 53 59 62 79 80 88 116 142 235 244 ]
222: [ 14 18 42 45 51 67 78 81 87 106 115 136 138 175 200 227 240 248 ]
223: [ 4 24 39 59 117 150 153 161 209 244 ]
224: [ 76 102 198 ]
225: [ 6 35 42 57 59 72 81 104 122 140 156 179 183 191 239 248 ]
226: [ 2 32 46 53 74 89 102 105 127 137 138 164 174 191 213 220 235 239 ]
227: [ 71 72 99 114 115 116 128 146 197 209 222 ]
228: [ 12 17 24 25 26 28 31 36 49 61 62 64 73 90 126 166 237 ]
229: [ 25 56 62 72 73 88 133 173 207 238 ]
230: [ 23 36 44 54 77 89 111 117 118 134 150 155 158 161 163 181 235 ]
231: [ 3 5 23 31 62 87 100 115 123 138 142 145 196 198 ]
232: [ 23 46 64 66 80 109 173 219 237 ]
233: [ 9 33 73 98 99 120 155 169 170 173 178 197 211 ]
234: [ 3 35 45 145 156 217 ]
235: [ 9 59 64 74 103 108 113 147 150 163 176 199 208 217 221 226 230 243 ]
236: [ 7 17 82 127 132 136 146 171 189 208 216 243 ]
237: [ 20 29 39 45 64 103 125 132 155 160 228 232 250 ]
238: [ 5 26 32 48 50 83 127 187 190 229 ]
239: [ 36 44 66 73 80 141 151 172 225 226 ]
240: [ 7 63 76 78 85 101 107 112 119 133 146 156 175 193 194 205 214 222 ]
241: [ 6 23 46 66 72 74 88 99 103 105 130 138 140 160 161 165 193 212 ]
242: [ 3 44 51 100 110 120 126 174 208 ]
243: [ 6 12 28 36 39 42 45 60 61 80 81 103 141 150 157 166 201 220 235 236 ]
244: [ 18 36 39 53 103 153 213 221 223 ]
245: [ 4 19 25 54 83 84 88 98 108 128 155 199 211 217 ]
246: [ 2 16 41 51 127 146 159 183 187 247 ]
247: [ 17 19 38 56 59 71 72 90 91 92 119 123 125 152 173 182 192 196 197 204 213 246 ]
248: [ 27 36 37 68 126 137 142 146 150 151 167 173 190 222 225 ]
249: [ 8 10 45 62 72 80 81 91 108 151 179 ]
250: [ 23 38 46 50 52 84 92 108 111 145 160 162 170 182 202 207 220 237 ]
