1: [ 10 41 61 69 71 82 97 102 108 143 156 182 186 196 203 224 225 236 248 ]
2: [ 3 12 26 40 54 62 92 100 102 107 109 140 141 154 155 192 219 228 ]
3: [ 2 30 61 92 118 119 136 140 175 180 204 205 211 215 219 230 ]
4: [ 5 31 79 107 112 126 135 152 161 168 176 203 ]
5: [ 4 34 35 74 94 98 101 118 122 123 137 145 148 152 158 163 172 175 180 182 185 188 189 191 194 225 ]
6: [ 31 64 123 149 173 210 241 245 ]
7: [ 78 84 94 154 165 169 174 195 202 212 221 227 228 ]
8: [ 11 36 62 103 132 133 149 181 201 216 219 226 246 ]
9: [ 36 38 40 45 54 76 82 97 105 116 127 147 200 235 248 ]
10: [ 1 16 17 41 49 55 61 75 76 85 93 99 105 126 147 180 185 186 188 191 200 201 246 247 ]
11: [ 8 39 97 103 135 191 202 207 218 230 239 250 ]
12: [ 2 14 49 51 52 99 104 166 181 182 186 216 230 246 250 ]
13: [ 16 65 68 84 115 213 216 228 241 ]
14: [ 12 29 34 35 41 44 78 92 97 98 103 130 143 145 167 215 230 242 ]
15: [ 41 45 47 61 75 83 85 87 93 98 110 132 133 146 151 156 168 182 248 ]
16: [ 10 13 27 108 119 135 151 194 204 237 248 ]
17: [ 10 34 37 38 45 58 60 62 64 68 80 86 108 145 155 161 168 191 214 215 218 247 ]
18: [ 19 22 31 53 54 79 90 102 129 147 161 162 169 196 205 218 232 ]
19: [ 18 23 36 64 82 137 157 168 207 211 230 241 245 ]
20: [ 33 43 54 61 87 103 112 115 162 199 205 223 ]
21: [ 26 38 43 52 73 93 101 107 117 133 138 149 153 194 202 216 246 ]
22: [ 18 48 59 65 74 164 186 195 214 220 238 242 ]
23: [ 19 71 121 123 144 164 183 195 212 214 218 223 ]
24: [ 54 71 78 87 99 117 143 250 ]
25: [ 29 33 65 68 96 115 143 148 157 161 164 169 210 222 ]
26: [ 2 21 48 103 106 114 127 129 136 139 149 197 201 219 235 237 238 ]
27: [ 16 52 69 110 145 156 ]
28: [ 43 51 88 123 130 154 189 200 205 210 212 218 224 247 ]
29: [ 14 25 35 45 49 78 113 120 132 147 157 162 177 225 235 ]
30: [ 3 51 52 60 76 133 239 ]
31: [ 4 6 18 40 44 59 72 78 93 99 116 124 143 150 153 159 175 189 211 237 ]
32: [ 96 102 129 133 149 ]
33: [ 20 25 60 75 83 94 106 110 112 128 169 175 192 193 229 230 235 238 240 243 247 249 ]
34: [ 5 14 17 44 46 52 54 55 65 82 135 140 156 158 167 169 184 209 226 ]
35: [ 5 14 29 36 105 137 156 160 170 196 235 ]
36: [ 8 9 19 35 51 60 89 108 138 154 157 158 177 184 195 203 209 220 237 239 245 247 ]
37: [ 17 39 58 67 84 95 104 112 127 141 162 175 210 213 ]
38: [ 9 17 21 98 129 162 179 230 235 ]
39: [ 11 37 80 91 107 133 141 242 ]
40: [ 2 9 31 50 59 69 82 85 90 108 122 135 136 146 178 182 184 201 211 227 230 236 ]
41: [ 1 10 14 15 54 65 100 115 132 134 136 139 148 150 165 206 228 230 250 ]
42: [ 43 52 96 108 121 169 192 216 247 ]
43: [ 20 21 28 42 58 112 155 172 178 193 207 213 218 219 221 ]
44: [ 14 31 34 48 78 86 104 140 169 190 224 240 ]
45: [ 9 15 17 29 53 59 75 85 117 131 133 136 158 170 187 206 216 ]
46: [ 34 99 105 123 124 130 172 178 190 199 211 214 215 222 231 242 ]
47: [ 15 76 97 98 115 153 162 175 201 239 ]
48: [ 22 26 44 71 104 107 114 147 191 224 226 227 248 ]
49: [ 10 12 29 63 71 74 77 78 91 126 139 145 153 176 178 180 181 199 202 230 238 ]
50: [ 40 52 74 90 108 112 121 128 169 175 189 195 198 205 214 243 ]
51: [ 12 28 30 36 54 56 60 64 90 116 121 134 149 167 171 175 183 188 220 228 232 ]
52: [ 12 21 27 30 34 42 50 56 74 89 121 128 143 145 147 191 205 207 224 235 ]
53: [ 18 45 65 72 79 82 86 88 158 190 192 194 232 ]
54: [ 2 9 18 20 24 34 41 51 61 74 83 93 96 109 153 180 183 192 205 214 215 230 238 242 ]
55: [ 10 34 95 115 133 134 151 152 181 184 196 200 238 239 243 ]
56: [ 51 52 58 62 92 128 141 143 150 161 176 178 184 185 186 189 201 227 229 249 ]
57: [ 71 86 112 131 133 153 181 218 ]
58: [ 17 37 43 56 83 136 140 154 165 185 193 216 223 225 233 ]
59: [ 22 31 40 45 61 110 141 143 161 208 ]
60: [ 17 30 33 36 51 61 86 93 100 109 121 164 170 171 174 190 194 214 229 250 ]
61: [ 1 3 10 15 20 54 59 60 67 80 94 105 142 148 160 182 218 230 238 ]
62: [ 2 8 17 56 68 95 101 104 124 144 161 163 165 172 197 214 235 240 242 ]
63: [ 49 75 88 111 139 182 194 196 ]
64: [ 6 17 19 51 143 152 156 169 199 225 236 248 ]
65: [ 13 22 25 34 41 53 80 82 87 94 130 135 149 160 161 169 172 173 185 198 200 ]
66: [ 94 98 108 123 165 214 242 248 ]
67: [ 37 61 79 90 101 107 114 118 154 162 170 177 182 229 233 ]
68: [ 13 17 25 62 76 96 115 126 135 137 180 194 224 225 232 235 ]
69: [ 1 27 40 75 76 102 110 129 132 144 149 156 175 180 183 206 217 235 238 ]
70: [ 96 133 136 140 158 166 189 191 193 202 223 234 ]
71: [ 1 23 24 48 49 57 87 97 102 105 117 134 189 191 195 203 206 243 244 ]
72: [ 31 53 108 125 126 147 154 ]
73: [ 21 77 79 83 87 120 159 170 178 182 189 196 209 217 ]
74: [ 5 22 49 50 52 54 84 88 93 106 132 181 186 187 192 210 221 224 249 ]
75: [ 10 15 33 45 63 69 93 102 108 115 126 136 162 170 171 181 183 219 220 ]
76: [ 9 10 30 47 68 69 112 127 130 131 136 200 203 215 230 239 242 243 ]
77: [ 49 73 110 114 125 128 133 135 140 149 168 169 194 199 203 224 234 241 ]
78: [ 7 14 24 29 31 44 49 86 109 110 119 123 140 151 168 183 187 192 195 224 237 244 ]
79: [ 4 18 53 67 73 82 89 104 117 135 167 168 226 239 244 ]
80: [ 17 39 61 65 83 93 96 102 110 140 156 183 191 196 207 217 238 ]
81: [ 86 95 138 184 200 226 231 232 243 246 250 ]
82: [ 1 9 19 34 40 53 65 79 110 127 129 130 148 178 189 220 221 236 249 ]
83: [ 15 33 54 58 73 80 96 107 118 166 ]
84: [ 7 13 37 74 185 200 204 216 224 233 ]
85: [ 10 15 40 45 112 119 128 129 135 151 155 168 190 214 231 ]
86: [ 17 44 53 57 60 78 81 94 107 121 165 181 187 189 190 192 198 231 244 247 ]
87: [ 15 20 24 65 71 73 93 129 153 156 168 234 ]
88: [ 28 53 63 74 95 161 250 ]
89: [ 36 52 79 111 130 158 163 164 182 191 201 248 ]
90: [ 18 40 50 51 67 93 99 116 184 218 250 ]
91: [ 39 49 149 162 168 218 224 235 236 248 ]
92: [ 2 3 14 56 147 ]
93: [ 10 15 21 31 54 60 74 75 80 87 90 99 101 159 169 229 230 242 246 248 ]
94: [ 5 7 33 61 65 66 86 96 131 143 156 159 183 240 247 ]
95: [ 37 55 62 81 88 121 126 137 151 196 210 215 230 238 ]
96: [ 25 32 42 54 68 70 80 83 94 128 143 153 166 167 202 225 228 241 247 ]
97: [ 1 9 11 14 47 71 98 110 117 126 137 161 185 187 198 213 216 217 246 ]
98: [ 5 14 15 38 47 66 97 102 109 119 152 154 164 178 180 193 221 225 232 243 247 ]
99: [ 10 12 24 31 46 90 93 100 106 131 141 185 194 200 201 215 219 226 242 ]
100: [ 2 41 60 99 165 209 237 243 245 ]
101: [ 5 21 62 67 93 126 178 191 ]
102: [ 1 2 18 32 69 71 75 80 98 107 108 116 129 132 133 140 144 173 175 193 207 222 230 ]
103: [ 8 11 14 20 26 106 107 119 124 128 152 160 185 191 193 215 216 218 224 242 ]
104: [ 12 37 44 48 62 79 116 126 146 161 182 221 224 226 227 236 243 ]
105: [ 9 10 35 46 61 71 123 127 139 154 173 182 193 214 226 229 ]
106: [ 26 33 74 99 103 116 137 154 178 181 191 196 207 221 244 ]
107: [ 2 4 21 39 48 67 83 86 102 103 110 115 118 121 125 128 134 156 162 169 204 226 248 ]
108: [ 1 16 17 36 40 42 50 66 72 75 102 140 148 165 201 211 218 219 ]
109: [ 2 54 60 78 98 132 136 156 175 213 214 246 ]
110: [ 15 27 33 59 69 77 78 80 82 97 107 127 131 175 195 224 238 241 ]
111: [ 63 89 127 140 182 183 204 215 224 ]
112: [ 4 20 33 37 43 50 57 76 85 145 192 201 206 210 218 219 223 238 ]
113: [ 29 125 170 190 202 247 ]
114: [ 26 48 67 77 ]
115: [ 13 20 25 41 47 55 68 75 107 118 121 132 141 151 162 181 189 227 233 ]
116: [ 9 31 51 90 102 104 106 121 133 140 146 148 164 168 169 183 193 205 237 ]
117: [ 21 24 45 71 79 97 139 173 237 245 ]
118: [ 3 5 67 83 107 115 125 220 ]
119: [ 3 16 78 85 98 103 131 140 142 143 144 204 243 ]
120: [ 29 73 154 175 246 ]
121: [ 23 42 50 51 52 60 86 95 107 115 116 157 164 190 199 213 217 220 ]
122: [ 5 40 165 182 214 218 226 ]
123: [ 5 6 23 28 46 66 78 105 137 139 171 186 188 189 193 196 216 221 225 240 ]
124: [ 31 46 62 103 152 154 158 169 175 180 211 242 ]
125: [ 72 77 107 113 118 163 165 173 210 ]
126: [ 4 10 49 68 72 75 95 97 101 104 139 213 229 ]
127: [ 9 26 37 76 82 105 110 111 158 167 186 190 205 210 211 220 223 227 235 247 ]
128: [ 33 50 52 56 77 85 96 103 107 142 153 156 189 200 237 250 ]
129: [ 18 26 32 38 69 82 85 87 102 168 181 194 207 213 217 218 226 ]
130: [ 14 28 46 65 76 82 89 137 194 217 ]
131: [ 45 57 76 94 99 110 119 150 152 162 168 177 201 228 239 246 ]
132: [ 8 15 29 41 69 74 102 109 115 188 226 233 ]
133: [ 8 15 21 30 32 39 45 55 57 70 77 102 116 149 156 162 169 173 185 189 208 212 214 222 225 235 247 ]
134: [ 41 51 55 71 107 176 213 245 ]
135: [ 4 11 16 34 40 65 68 77 79 85 144 157 159 168 173 205 215 230 ]
136: [ 3 26 40 41 45 58 70 75 76 109 153 196 206 220 ]
137: [ 5 19 35 68 95 97 106 123 130 150 175 181 211 227 238 243 249 ]
138: [ 21 36 81 241 ]
139: [ 26 41 49 63 105 117 123 126 140 168 172 192 199 214 227 245 247 ]
140: [ 2 3 34 44 58 70 77 78 80 102 108 111 116 119 139 158 194 195 205 210 215 225 238 ]
141: [ 2 37 39 56 59 99 115 147 162 176 194 214 228 239 250 ]
142: [ 61 119 128 241 ]
143: [ 1 14 24 25 31 52 56 59 64 94 96 119 145 165 184 185 194 204 211 219 221 237 248 ]
144: [ 23 62 69 102 119 135 147 162 168 182 233 241 242 ]
145: [ 5 14 17 27 49 52 112 143 173 178 193 195 208 ]
146: [ 15 40 104 116 196 205 206 216 227 231 ]
147: [ 9 10 18 29 48 52 72 92 141 144 153 171 174 186 192 196 217 222 236 ]
148: [ 5 25 41 61 82 108 116 166 173 200 218 219 220 246 248 ]
149: [ 6 8 21 26 32 51 65 69 77 91 133 167 172 189 201 238 ]
150: [ 31 41 56 131 137 168 173 187 202 228 236 ]
151: [ 15 16 55 78 85 95 115 168 174 175 207 212 ]
152: [ 4 5 55 64 98 103 124 131 158 162 169 172 181 186 197 212 ]
153: [ 21 31 47 49 54 57 87 96 128 136 147 159 186 210 212 216 218 231 236 241 ]
154: [ 2 7 28 36 58 67 72 98 105 106 120 124 169 179 180 217 235 240 246 ]
155: [ 2 17 43 85 183 187 192 223 248 ]
156: [ 1 15 27 34 35 64 69 80 87 94 107 109 128 133 173 189 198 208 210 216 219 224 228 235 ]
157: [ 19 25 29 36 121 135 168 170 208 245 ]
158: [ 5 34 36 45 53 70 89 124 127 140 152 175 194 221 229 237 247 ]
159: [ 31 73 93 94 135 153 166 192 199 214 223 228 237 ]
160: [ 35 61 65 103 ]
161: [ 4 17 18 25 56 59 62 65 88 97 104 179 198 209 210 223 233 245 246 247 249 ]
162: [ 18 20 29 37 38 47 67 75 91 107 115 131 133 141 144 152 163 173 180 192 199 242 244 ]
163: [ 5 62 89 125 162 168 201 ]
164: [ 22 23 25 60 89 98 116 121 187 212 238 250 ]
165: [ 7 41 58 62 66 86 100 108 122 125 143 168 213 219 238 ]
166: [ 12 70 83 96 148 159 173 196 199 218 ]
167: [ 14 34 51 79 96 127 149 181 185 202 207 214 215 223 ]
168: [ 4 15 17 19 77 78 79 85 87 91 116 129 131 135 139 144 150 151 157 163 165 177 184 199 202 209 237 ]
169: [ 7 18 25 33 34 42 44 50 64 65 77 93 107 116 124 133 152 154 173 178 181 187 ]
170: [ 35 45 60 67 73 75 113 157 174 185 189 214 244 ]
171: [ 51 60 75 123 147 181 195 222 232 246 249 ]
172: [ 5 43 46 62 65 139 149 152 202 203 208 212 213 248 ]
173: [ 6 65 102 105 117 125 133 135 145 148 150 156 162 166 169 175 179 183 185 195 245 250 ]
174: [ 7 60 147 151 170 180 250 ]
175: [ 3 5 31 33 37 47 50 51 69 102 109 110 120 124 137 151 158 173 183 195 235 249 ]
176: [ 4 49 56 134 141 182 ]
177: [ 29 36 67 131 168 216 ]
178: [ 40 43 46 49 56 73 82 98 101 106 145 169 184 193 232 ]
179: [ 38 154 161 173 202 214 231 236 ]
180: [ 3 5 10 49 54 68 69 98 124 154 162 174 194 195 197 211 212 224 242 248 250 ]
181: [ 8 12 49 55 57 74 75 86 106 115 129 137 152 167 169 171 194 213 226 231 233 245 246 247 248 ]
182: [ 1 5 12 15 40 61 63 67 73 89 104 105 111 122 144 176 216 248 ]
183: [ 23 51 54 69 75 78 80 94 111 116 155 173 175 200 228 235 236 238 ]
184: [ 34 36 40 55 56 81 90 143 168 178 190 200 ]
185: [ 5 10 56 58 65 84 97 99 103 133 143 167 170 173 202 203 222 246 ]
186: [ 1 10 12 22 56 74 123 127 147 152 153 189 191 192 197 198 218 232 245 ]
187: [ 45 74 78 86 97 150 155 164 169 192 194 196 227 ]
188: [ 5 10 51 123 132 232 250 ]
189: [ 5 28 31 50 56 70 71 73 82 86 115 123 128 133 149 156 170 186 ]
190: [ 44 46 53 60 85 86 113 121 127 184 220 243 ]
191: [ 5 10 11 17 48 52 70 71 80 89 101 103 106 186 195 206 238 241 ]
192: [ 2 33 42 53 54 74 78 86 112 139 147 155 159 162 186 187 195 211 213 230 237 238 242 ]
193: [ 33 43 58 70 98 102 103 105 116 123 145 178 207 225 230 237 ]
194: [ 5 16 21 53 60 63 68 77 99 129 130 140 141 143 158 180 181 187 213 226 ]
195: [ 7 22 23 36 50 71 78 110 140 145 171 173 175 180 191 192 198 214 215 216 217 238 249 ]
196: [ 1 18 35 55 63 73 80 95 106 123 136 146 147 166 187 201 219 220 242 ]
197: [ 26 62 152 180 186 200 246 ]
198: [ 50 65 86 97 156 161 186 195 218 ]
199: [ 20 46 49 64 77 121 139 159 162 166 168 205 208 ]
200: [ 9 10 28 55 65 76 81 84 99 128 148 183 184 197 204 218 ]
201: [ 8 10 26 40 47 56 89 99 108 112 131 149 163 196 203 206 218 232 242 246 ]
202: [ 7 11 21 49 70 96 113 150 167 168 172 179 185 218 229 ]
203: [ 1 4 36 71 76 77 172 185 201 249 ]
204: [ 3 16 84 107 111 119 143 200 216 250 ]
205: [ 3 18 20 28 50 52 54 116 127 135 140 146 199 207 248 ]
206: [ 41 45 69 71 112 136 146 191 201 217 223 239 248 ]
207: [ 11 19 43 52 80 102 106 129 151 167 193 205 232 235 ]
208: [ 59 133 145 156 157 172 199 ]
209: [ 34 36 73 100 161 168 222 ]
210: [ 6 25 28 37 74 95 112 125 127 140 153 156 161 238 ]
211: [ 3 19 31 40 46 108 124 127 137 143 180 192 248 ]
212: [ 7 23 28 133 151 152 153 164 172 180 246 ]
213: [ 13 37 43 97 109 121 126 129 134 165 172 181 192 194 223 224 ]
214: [ 17 22 23 46 50 54 60 62 66 85 105 109 122 133 139 141 159 167 170 179 195 223 227 247 248 ]
215: [ 3 14 17 46 54 76 95 99 103 111 135 140 167 195 216 218 222 224 232 238 241 ]
216: [ 8 12 13 21 42 45 58 84 97 103 123 146 153 156 177 182 195 204 215 239 248 ]
217: [ 69 73 80 97 121 129 130 147 154 195 206 230 ]
218: [ 11 17 18 23 28 43 57 61 90 91 103 108 112 122 129 148 153 166 186 198 200 201 202 215 223 246 ]
219: [ 2 3 8 26 43 75 99 108 112 143 148 156 165 196 232 240 241 247 ]
220: [ 22 36 51 75 82 118 121 127 136 148 190 196 232 236 238 ]
221: [ 7 43 74 82 98 104 106 123 143 158 246 ]
222: [ 25 46 102 133 147 171 185 209 215 ]
223: [ 20 23 58 70 112 127 155 159 161 167 206 213 214 218 243 ]
224: [ 1 28 44 48 52 68 74 77 78 84 91 103 104 110 111 156 180 213 215 230 ]
225: [ 1 5 29 58 64 68 96 98 123 133 140 193 234 245 ]
226: [ 8 34 48 79 81 99 104 105 107 122 129 132 181 194 232 241 ]
227: [ 7 40 48 56 104 115 127 137 139 146 187 214 235 ]
228: [ 2 7 13 41 51 96 131 141 150 156 159 183 ]
229: [ 33 56 60 67 93 105 126 158 202 236 242 247 ]
230: [ 3 11 12 14 19 33 38 40 41 49 54 61 76 93 95 102 135 192 193 217 224 240 ]
231: [ 46 81 85 86 146 153 179 181 235 ]
232: [ 18 51 53 68 81 98 171 178 186 188 201 207 215 219 220 226 ]
233: [ 58 67 84 115 132 144 161 181 236 240 243 ]
234: [ 70 77 87 225 235 ]
235: [ 9 26 29 33 35 38 52 62 68 69 91 127 133 154 156 175 183 207 227 231 234 240 ]
236: [ 1 40 64 82 91 104 147 150 153 179 183 220 229 233 ]
237: [ 16 26 31 36 78 100 116 117 128 143 158 159 168 192 193 246 ]
238: [ 22 26 33 49 54 55 61 69 80 95 110 112 137 140 149 164 165 183 191 192 195 210 215 220 240 242 243 ]
239: [ 11 30 36 47 55 76 79 131 141 206 216 ]
240: [ 33 44 62 94 123 154 219 230 233 235 238 ]
241: [ 6 13 19 77 96 110 138 142 144 153 191 215 219 226 ]
242: [ 14 22 39 46 54 62 66 76 93 99 103 124 144 162 180 192 196 201 229 238 243 ]
243: [ 33 50 55 71 76 81 98 100 104 119 137 190 223 233 238 242 ]
244: [ 71 78 79 86 106 162 170 ]
245: [ 6 19 36 100 117 134 139 157 161 173 181 186 225 ]
246: [ 8 10 12 21 81 93 97 109 120 131 148 154 161 171 181 185 197 201 212 218 221 237 ]
247: [ 10 17 28 33 36 42 86 94 96 98 113 127 133 139 158 161 181 214 219 229 ]
248: [ 1 9 15 16 48 64 66 89 91 93 107 143 148 155 172 180 181 182 205 206 211 214 216 ]
249: [ 33 56 74 82 137 161 171 175 195 203 ]
250: [ 11 12 24 41 60 81 88 90 128 141 164 173 174 180 188 204 ]
