1: [ 43 55 70 117 126 146 154 157 183 227 ]
2: [ 15 29 48 63 79 105 110 112 124 139 156 175 187 231 248 ]
3: [ 17 25 35 55 72 114 117 131 140 147 170 178 182 195 199 206 231 ]
4: [ 10 12 13 52 68 120 121 127 153 201 208 230 232 ]
5: [ 10 27 54 56 58 102 116 126 155 163 205 212 219 241 ]
6: [ 10 108 119 129 143 154 179 194 195 214 225 244 ]
7: [ 47 49 82 86 127 129 155 180 187 190 ]
8: [ 17 37 51 52 79 84 87 92 98 112 132 135 141 143 171 176 188 193 195 233 ]
9: [ 16 32 48 73 96 113 127 134 151 153 174 175 212 222 231 ]
10: [ 4 5 6 43 45 79 84 95 96 105 114 135 190 216 229 ]
11: [ 24 33 47 51 88 98 103 105 106 108 142 146 150 158 190 195 206 ]
12: [ 4 19 35 71 93 106 130 184 185 ]
13: [ 4 42 95 98 111 163 193 217 ]
14: [ 17 24 62 71 78 92 111 114 116 128 130 163 190 197 198 226 242 ]
15: [ 2 46 83 113 121 133 152 164 186 ]
16: [ 9 19 28 30 35 69 73 82 83 95 97 132 133 138 153 155 162 167 170 207 219 233 ]
17: [ 3 8 14 52 61 80 85 97 99 100 126 167 173 181 191 210 213 215 236 237 241 244 ]
18: [ 24 41 43 56 68 75 82 97 109 131 144 147 189 201 209 213 230 232 ]
19: [ 12 16 59 60 68 75 94 95 108 109 116 128 129 133 146 175 177 179 196 200 214 229 245 247 248 249 ]
20: [ 23 79 91 103 121 146 197 204 215 233 248 ]
21: [ 31 53 81 87 102 128 179 183 192 200 231 233 ]
22: [ 51 68 121 201 250 ]
23: [ 20 29 38 62 73 103 107 132 138 157 158 163 203 207 214 233 ]
24: [ 11 14 18 33 42 53 94 127 ]
25: [ 3 26 38 52 105 110 122 136 175 229 ]
26: [ 25 49 61 96 119 134 155 177 187 192 197 220 241 ]
27: [ 5 35 37 40 48 63 64 69 74 75 83 85 103 150 176 181 185 214 226 229 231 ]
28: [ 16 32 36 53 59 63 74 89 90 107 114 118 158 161 175 223 224 236 244 ]
29: [ 2 23 53 70 90 92 117 122 131 165 194 207 227 238 241 ]
30: [ 16 33 43 67 141 179 199 204 ]
31: [ 21 56 71 76 102 108 109 142 148 156 191 193 245 ]
32: [ 9 28 42 51 58 136 143 155 184 240 ]
33: [ 11 24 30 57 65 72 100 113 132 152 169 199 200 224 232 236 ]
34: [ 54 74 107 152 161 171 180 198 201 203 204 214 248 ]
35: [ 3 12 16 27 76 77 152 163 168 173 196 199 209 244 ]
36: [ 28 48 51 58 59 60 69 93 95 107 119 131 140 142 154 156 179 186 214 ]
37: [ 8 27 48 59 77 84 112 116 121 132 137 158 160 168 183 204 207 217 239 246 ]
38: [ 23 25 75 81 85 88 95 113 115 128 134 164 170 171 204 211 215 232 245 250 ]
39: [ 43 54 56 74 120 148 162 169 232 247 ]
40: [ 27 54 56 74 83 118 119 125 127 133 145 153 168 191 192 197 198 215 233 ]
41: [ 18 58 73 75 91 116 118 131 141 146 164 217 238 247 ]
42: [ 13 24 32 52 86 218 244 ]
43: [ 1 10 18 30 39 53 87 91 130 131 132 136 148 175 185 192 205 206 217 233 237 ]
44: [ 76 121 131 144 187 193 245 ]
45: [ 10 106 113 131 175 183 206 239 ]
46: [ 15 55 62 64 68 75 78 79 81 83 87 88 129 135 160 177 187 189 190 196 ]
47: [ 7 11 133 173 193 237 245 ]
48: [ 2 9 27 36 37 89 97 120 126 138 148 150 154 182 193 208 212 216 220 231 235 248 249 ]
49: [ 7 26 67 116 117 148 232 248 ]
50: [ 95 133 161 175 204 ]
51: [ 8 11 22 32 36 56 76 83 126 141 142 147 176 187 190 192 202 221 224 227 248 ]
52: [ 4 8 17 25 42 53 65 76 80 107 128 150 159 165 171 200 225 229 241 244 ]
53: [ 21 24 28 29 43 52 56 62 63 68 96 97 113 115 117 120 132 148 153 167 193 194 208 220 248 ]
54: [ 5 34 39 40 80 102 120 128 169 184 210 222 242 ]
55: [ 1 3 46 66 70 78 90 98 116 170 173 179 186 205 244 ]
56: [ 5 18 31 39 40 51 53 58 74 79 88 97 128 143 147 149 157 170 182 191 193 207 218 226 ]
57: [ 33 98 102 122 136 137 141 143 159 178 179 200 245 ]
58: [ 5 32 36 41 56 126 139 141 160 161 185 217 ]
59: [ 19 28 36 37 60 104 107 179 199 212 219 226 ]
60: [ 19 36 59 68 90 92 110 120 143 221 232 239 ]
61: [ 17 26 76 99 146 162 172 190 203 248 ]
62: [ 14 23 46 53 111 138 141 153 158 171 207 218 ]
63: [ 2 27 28 53 81 111 131 149 153 160 183 233 ]
64: [ 27 46 68 74 87 146 201 208 247 250 ]
65: [ 33 52 100 110 126 136 158 169 229 231 246 250 ]
66: [ 55 83 87 94 102 107 112 148 160 168 171 174 180 201 ]
67: [ 30 49 87 91 92 95 122 157 170 182 192 195 200 206 210 ]
68: [ 4 18 19 22 46 53 60 64 91 130 169 172 175 197 200 213 221 236 248 ]
69: [ 16 27 36 71 73 104 109 114 150 153 165 218 233 242 243 247 ]
70: [ 1 29 55 86 90 111 130 175 188 196 ]
71: [ 12 14 31 69 102 105 115 118 122 126 140 145 164 176 177 182 204 211 218 234 248 ]
72: [ 3 33 79 115 133 165 190 201 209 213 ]
73: [ 9 16 23 41 69 81 96 104 130 139 157 159 181 201 214 229 239 ]
74: [ 27 28 34 39 40 56 64 106 153 157 169 185 191 206 211 216 219 233 ]
75: [ 18 19 27 38 41 46 80 113 118 124 130 132 134 138 153 159 161 183 187 199 244 ]
76: [ 31 35 44 51 52 61 99 103 108 109 112 118 143 182 188 189 208 209 227 ]
77: [ 35 37 90 109 112 130 144 146 147 153 154 183 185 227 235 240 ]
78: [ 14 46 55 97 105 115 131 157 164 177 199 203 206 230 232 234 ]
79: [ 2 8 10 20 46 56 72 96 111 116 195 203 210 234 ]
80: [ 17 52 54 75 90 105 106 107 130 131 181 187 198 204 223 229 244 ]
81: [ 21 38 46 63 73 88 104 111 123 133 152 167 198 208 221 227 229 248 ]
82: [ 7 16 18 141 188 196 201 210 221 231 244 ]
83: [ 15 16 27 40 46 51 66 88 92 98 111 132 138 152 166 206 214 244 248 250 ]
84: [ 8 10 37 139 196 197 204 244 ]
85: [ 17 27 38 110 129 134 168 219 225 229 ]
86: [ 7 42 70 99 111 122 146 148 194 228 ]
87: [ 8 21 43 46 64 66 67 103 126 127 148 150 162 168 195 196 206 233 237 249 250 ]
88: [ 11 38 46 56 81 83 157 227 240 ]
89: [ 28 48 114 147 161 170 174 204 ]
90: [ 28 29 55 60 70 77 80 98 105 116 127 183 185 198 236 ]
91: [ 20 41 43 67 68 118 137 184 193 195 197 215 218 233 ]
92: [ 8 14 29 60 67 83 120 123 140 179 182 199 ]
93: [ 12 36 113 120 159 171 172 175 181 196 218 227 244 ]
94: [ 19 24 66 104 180 194 ]
95: [ 10 13 16 19 36 38 50 67 130 157 158 166 182 183 195 210 213 229 242 243 ]
96: [ 9 10 26 53 73 79 104 137 139 157 179 187 188 196 205 207 209 215 226 247 ]
97: [ 16 17 18 48 53 56 78 115 127 134 135 166 180 228 229 233 237 241 ]
98: [ 8 11 13 55 57 83 90 106 110 135 158 177 188 240 ]
99: [ 17 61 76 86 136 204 207 241 ]
100: [ 17 33 65 136 148 161 192 ]
101: [ 108 148 171 199 227 ]
102: [ 5 21 31 54 57 66 71 157 179 186 228 233 241 246 247 ]
103: [ 11 20 23 27 76 87 109 114 123 127 146 158 188 189 200 205 245 247 ]
104: [ 59 69 73 81 94 96 113 134 145 148 171 182 224 228 234 241 ]
105: [ 2 10 11 25 71 78 80 90 112 136 142 171 172 178 183 192 207 230 ]
106: [ 11 12 45 74 80 98 112 132 157 164 172 174 179 203 208 209 227 ]
107: [ 23 28 34 36 52 59 66 80 129 131 141 154 155 182 190 203 220 241 247 248 249 ]
108: [ 6 11 19 31 76 101 110 113 210 216 221 245 ]
109: [ 18 19 31 69 76 77 103 110 133 152 179 182 206 207 ]
110: [ 2 25 60 65 85 98 108 109 114 125 210 226 243 ]
111: [ 13 14 62 63 70 79 81 83 86 122 138 139 144 159 160 162 164 169 174 182 200 237 242 250 ]
112: [ 2 8 37 66 76 77 105 106 127 136 138 162 173 185 205 ]
113: [ 9 15 33 38 45 53 75 93 104 108 135 139 141 153 155 195 204 220 230 242 ]
114: [ 3 10 14 28 69 89 103 110 130 133 135 143 147 164 180 182 187 197 201 211 222 235 236 246 ]
115: [ 38 53 71 72 78 97 124 145 153 169 187 197 205 218 234 243 ]
116: [ 5 14 19 37 41 49 55 79 90 122 138 139 149 193 199 201 237 241 245 ]
117: [ 1 3 29 49 53 186 210 222 245 246 ]
118: [ 28 40 41 71 75 76 91 121 136 147 157 167 170 178 183 199 203 208 ]
119: [ 6 26 36 40 146 ]
120: [ 4 39 48 53 54 60 92 93 137 198 212 239 ]
121: [ 4 15 20 22 37 44 118 144 183 192 208 224 246 ]
122: [ 25 29 57 67 71 86 111 116 124 129 130 134 153 188 192 205 224 226 227 228 233 ]
123: [ 81 92 103 129 133 145 179 202 211 231 ]
124: [ 2 75 115 122 144 158 165 195 229 ]
125: [ 40 110 168 205 232 240 ]
126: [ 1 5 17 48 51 58 65 71 87 128 129 165 180 208 225 229 244 ]
127: [ 4 7 9 24 40 87 90 97 103 112 132 149 156 158 189 205 212 227 239 243 ]
128: [ 14 19 21 38 52 54 56 126 150 153 192 199 207 216 217 221 225 227 ]
129: [ 6 7 19 46 85 107 122 123 126 190 216 247 ]
130: [ 12 14 43 68 70 73 75 77 80 95 114 122 138 144 147 179 182 184 225 238 242 245 ]
131: [ 3 18 29 36 41 43 44 45 63 78 80 107 180 190 193 200 207 223 248 249 ]
132: [ 8 16 23 33 37 43 53 75 83 106 127 150 162 165 166 167 202 204 207 210 211 222 233 234 241 245 248 ]
133: [ 15 16 19 40 47 50 72 81 109 114 123 134 136 149 151 154 164 175 197 200 219 245 ]
134: [ 9 26 38 75 85 97 104 122 133 168 205 ]
135: [ 8 10 46 97 98 113 114 139 148 183 196 198 214 225 229 244 249 ]
136: [ 25 32 43 57 65 99 100 105 112 118 133 150 151 172 184 192 193 198 203 214 ]
137: [ 37 57 91 96 120 174 242 ]
138: [ 16 23 48 62 75 83 111 112 116 130 146 151 173 176 183 186 215 232 234 ]
139: [ 2 58 73 84 96 111 113 116 135 143 159 194 196 198 218 244 ]
140: [ 3 36 71 92 175 245 ]
141: [ 8 30 41 51 57 58 62 82 107 113 143 169 170 186 ]
142: [ 11 31 36 51 105 149 179 182 183 189 206 207 215 244 ]
143: [ 6 8 32 56 57 60 76 114 139 141 148 150 154 157 204 231 243 ]
144: [ 18 44 77 111 121 124 130 154 162 173 186 214 244 ]
145: [ 40 71 104 115 123 146 159 162 171 175 184 190 197 199 200 206 218 232 ]
146: [ 1 11 19 20 41 61 64 77 86 103 119 138 145 147 175 183 211 214 233 245 ]
147: [ 3 18 51 56 77 89 114 118 130 146 173 192 205 237 240 246 ]
148: [ 31 39 43 48 49 53 66 86 87 100 101 104 135 143 151 155 164 168 174 182 193 227 237 ]
149: [ 56 63 116 127 133 142 155 214 224 ]
150: [ 11 27 48 52 69 87 128 132 136 143 152 156 185 192 210 216 217 229 239 240 ]
151: [ 9 133 136 138 148 161 164 183 233 239 246 ]
152: [ 15 33 34 35 81 83 109 150 172 180 214 248 ]
153: [ 4 9 16 40 53 62 63 69 74 75 77 113 115 122 128 154 185 197 199 200 207 209 212 218 225 228 244 ]
154: [ 1 6 36 48 77 107 133 143 144 153 157 158 182 184 202 206 ]
155: [ 5 7 16 26 32 107 113 148 149 213 ]
156: [ 2 31 36 127 150 166 185 192 218 ]
157: [ 1 23 56 67 73 74 78 88 95 96 102 106 118 143 154 172 182 191 194 201 219 220 225 246 ]
158: [ 11 23 28 37 62 65 95 98 103 124 127 154 175 185 210 228 245 ]
159: [ 52 57 73 75 93 111 139 145 161 173 180 193 195 235 ]
160: [ 37 46 58 63 66 111 168 169 179 184 225 245 ]
161: [ 28 34 50 58 75 89 100 151 159 163 164 192 230 ]
162: [ 16 39 61 87 111 112 132 144 145 182 202 240 ]
163: [ 5 13 14 23 35 161 195 229 ]
164: [ 15 38 41 71 78 106 111 114 133 148 151 161 ]
165: [ 29 52 69 72 124 126 132 189 204 230 248 ]
166: [ 83 95 97 132 156 209 233 237 ]
167: [ 16 17 53 81 118 132 217 218 219 226 243 ]
168: [ 35 37 40 66 85 87 125 134 148 160 171 189 193 221 229 233 239 242 ]
169: [ 33 39 54 65 68 74 111 115 141 160 183 197 199 226 227 241 246 247 ]
170: [ 3 16 38 55 56 67 89 118 141 183 199 203 218 ]
171: [ 8 34 38 52 62 66 93 101 104 105 145 168 226 229 239 ]
172: [ 61 68 93 105 106 136 152 157 175 184 196 209 224 226 235 245 247 ]
173: [ 17 35 47 55 112 138 144 147 159 178 210 ]
174: [ 9 66 89 106 111 137 148 179 182 184 193 199 204 221 232 250 ]
175: [ 2 9 19 25 28 43 45 50 68 70 93 133 140 145 146 158 172 197 218 226 238 246 ]
176: [ 8 27 51 71 138 191 196 215 228 230 240 248 ]
177: [ 19 26 46 71 78 98 187 199 204 239 ]
178: [ 3 57 105 118 173 205 225 231 ]
179: [ 6 19 21 30 36 55 57 59 92 96 102 106 109 123 130 142 160 174 192 193 204 223 234 240 246 ]
180: [ 7 34 66 94 97 114 126 131 152 159 207 226 236 ]
181: [ 17 27 73 80 93 193 219 231 ]
182: [ 3 48 56 67 71 76 92 95 104 107 109 111 114 130 142 148 154 157 162 174 199 202 204 209 223 225 239 240 250 ]
183: [ 1 21 37 45 63 75 77 90 95 105 118 121 135 138 142 146 151 169 170 196 204 206 219 227 ]
184: [ 12 32 54 91 130 136 145 154 160 172 174 185 204 ]
185: [ 12 27 43 58 74 77 90 112 150 153 156 158 184 189 207 220 246 249 ]
186: [ 15 36 55 102 117 138 141 144 189 212 230 231 248 ]
187: [ 2 7 26 44 46 51 75 80 96 114 115 177 191 198 214 215 222 ]
188: [ 8 70 76 82 96 98 103 122 214 ]
189: [ 18 46 76 103 127 142 165 168 185 186 200 227 240 ]
190: [ 7 10 11 14 46 51 61 72 107 129 131 145 199 200 216 226 248 249 ]
191: [ 17 31 40 56 74 157 176 187 197 203 215 218 220 226 247 ]
192: [ 21 26 40 43 51 67 100 105 121 122 128 136 147 150 156 161 179 203 206 214 228 229 244 ]
193: [ 8 13 31 44 47 48 53 56 91 116 131 136 148 159 168 174 179 181 238 243 248 ]
194: [ 6 29 53 86 94 139 157 221 ]
195: [ 3 6 8 11 67 79 87 91 95 113 124 159 163 210 215 235 239 ]
196: [ 19 35 46 70 82 84 87 93 96 135 139 172 176 183 199 200 240 ]
197: [ 14 20 26 40 68 84 91 114 115 133 145 153 169 175 191 204 209 217 227 231 ]
198: [ 14 34 40 80 81 90 120 135 136 139 187 199 231 ]
199: [ 3 30 33 35 59 75 78 92 101 116 118 128 145 153 169 170 174 177 182 190 196 198 213 245 ]
200: [ 19 21 33 52 57 67 68 103 111 131 133 145 153 189 190 196 218 224 232 247 ]
201: [ 4 18 22 34 64 66 72 73 82 114 116 157 ]
202: [ 51 123 132 154 162 182 240 ]
203: [ 23 34 61 78 79 106 107 118 136 170 191 192 206 216 223 228 237 248 ]
204: [ 20 30 34 37 38 50 71 80 84 89 99 113 132 143 165 174 177 179 182 183 184 197 221 226 228 229 230 ]
205: [ 5 43 55 96 103 112 115 122 125 127 134 147 178 226 228 229 ]
206: [ 3 11 43 45 67 74 78 83 87 109 142 145 154 183 192 203 214 220 231 250 ]
207: [ 16 23 29 37 56 62 96 99 105 109 128 131 132 142 153 180 185 227 240 ]
208: [ 4 48 53 64 76 81 106 118 121 126 232 ]
209: [ 18 35 72 76 96 106 153 166 172 182 197 240 ]
210: [ 17 54 67 79 82 95 108 110 117 132 150 158 173 195 212 ]
211: [ 38 71 74 114 123 132 146 229 242 ]
212: [ 5 9 48 59 120 127 153 186 210 214 232 242 244 ]
213: [ 17 18 68 72 95 155 199 ]
214: [ 6 19 23 27 34 36 73 83 135 136 144 146 149 152 187 188 192 206 212 224 232 ]
215: [ 17 20 38 40 91 96 138 142 176 187 191 195 225 240 ]
216: [ 10 48 74 108 128 129 150 190 203 221 231 248 ]
217: [ 13 37 41 43 58 128 150 167 197 221 ]
218: [ 42 56 62 69 71 91 93 115 139 145 153 156 167 170 175 191 200 246 ]
219: [ 5 16 59 74 85 133 157 167 181 183 ]
220: [ 26 48 53 107 113 157 185 191 206 225 ]
221: [ 51 60 68 81 82 108 128 168 174 194 204 216 217 249 ]
222: [ 9 54 114 117 132 187 224 ]
223: [ 28 80 131 179 182 203 226 ]
224: [ 28 33 51 104 121 122 149 172 200 214 222 242 ]
225: [ 6 52 85 126 128 130 135 153 157 160 178 182 215 220 249 250 ]
226: [ 14 27 56 59 96 110 122 167 169 171 172 175 180 190 191 204 205 223 228 232 ]
227: [ 1 29 51 76 77 81 88 93 101 106 122 127 128 148 169 183 189 197 207 228 235 ]
228: [ 86 97 102 104 122 153 158 176 192 203 204 205 226 227 230 244 ]
229: [ 10 19 25 27 52 65 73 80 81 85 95 97 124 126 135 150 163 168 171 192 204 205 211 233 243 ]
230: [ 4 18 78 105 113 161 165 176 186 204 228 ]
231: [ 2 3 9 21 27 48 65 82 123 143 178 181 186 197 198 206 216 250 ]
232: [ 4 18 33 38 39 49 60 78 125 138 145 174 200 208 212 214 226 237 240 ]
233: [ 8 16 20 21 23 40 43 63 69 74 87 91 97 102 122 132 146 151 166 168 229 ]
234: [ 71 78 79 104 115 132 138 179 244 ]
235: [ 48 77 114 159 172 195 227 ]
236: [ 17 28 33 68 90 114 180 ]
237: [ 17 43 47 87 97 111 116 147 148 166 203 232 ]
238: [ 29 41 130 175 193 ]
239: [ 37 45 60 73 120 127 150 151 168 171 177 182 195 ]
240: [ 32 77 88 98 125 147 150 162 176 179 182 189 196 202 207 209 215 232 248 ]
241: [ 5 17 26 29 52 97 99 102 104 107 116 132 169 ]
242: [ 14 54 69 95 111 113 130 137 168 211 212 224 ]
243: [ 69 95 110 115 127 143 167 193 229 247 ]
244: [ 6 17 28 35 42 52 55 75 80 82 83 84 93 126 135 139 142 144 153 192 212 228 234 246 ]
245: [ 19 31 38 44 47 57 103 108 116 117 130 132 133 140 146 158 160 172 199 ]
246: [ 37 65 102 114 117 121 147 151 157 169 175 179 185 218 244 247 ]
247: [ 19 39 41 64 69 96 102 103 107 129 169 172 191 200 243 246 ]
248: [ 2 19 20 34 48 49 51 53 61 68 71 81 83 107 131 132 152 165 176 186 190 193 203 216 240 ]
249: [ 19 48 87 107 131 135 185 190 221 225 ]
250: [ 22 38 64 65 83 87 111 174 182 206 225 231 ]
