1: [ 3 30 41 42 55 64 75 108 116 162 166 172 179 180 189 199 211 213 ]
2: [ 11 24 48 58 75 86 102 122 128 135 141 144 146 152 153 157 160 170 195 207 224 231 246 ]
3: [ 1 29 41 50 75 116 167 209 224 249 ]
4: [ 29 34 35 40 43 60 68 93 130 141 143 157 176 215 237 ]
5: [ 12 15 41 58 74 89 106 109 119 184 208 211 ]
6: [ 8 70 76 98 109 128 140 143 144 161 165 210 250 ]
7: [ 53 62 78 87 111 151 169 220 222 224 232 245 ]
8: [ 6 17 30 32 33 75 101 109 114 133 147 149 179 197 246 248 ]
9: [ 53 60 87 107 161 175 188 220 248 ]
10: [ 50 86 109 117 135 168 178 185 219 ]
11: [ 2 31 37 57 71 72 117 122 168 173 195 202 203 238 ]
12: [ 5 20 31 43 55 71 78 117 121 122 145 157 164 169 176 221 235 239 243 ]
13: [ 32 44 67 74 85 108 125 168 171 175 183 191 200 214 237 239 245 ]
14: [ 18 185 207 220 234 249 ]
15: [ 5 42 52 65 240 ]
16: [ 20 40 63 78 111 122 160 164 170 173 175 201 225 227 229 ]
17: [ 8 30 35 43 46 51 66 79 85 91 146 214 219 224 245 ]
18: [ 14 23 24 31 35 46 64 77 89 109 136 168 237 244 246 248 ]
19: [ 34 44 53 94 95 106 117 176 190 195 212 213 215 229 235 237 243 ]
20: [ 12 16 35 52 68 77 117 130 189 196 234 ]
21: [ 27 30 52 76 83 87 107 132 143 195 236 ]
22: [ 23 24 30 94 98 104 107 108 111 114 154 184 238 240 ]
23: [ 18 22 44 45 50 65 73 103 116 162 169 175 176 186 227 240 245 247 248 ]
24: [ 2 18 22 37 41 80 100 112 126 136 138 147 154 185 215 229 232 235 ]
25: [ 39 150 225 239 240 ]
26: [ 29 50 99 113 167 214 ]
27: [ 21 39 72 91 108 117 130 169 185 205 229 238 241 ]
28: [ 38 59 80 82 101 113 119 142 145 152 161 179 180 182 194 211 ]
29: [ 3 4 26 37 45 58 67 79 89 99 102 111 114 124 127 134 139 155 161 162 193 232 242 246 ]
30: [ 1 8 17 21 22 32 38 74 76 108 133 136 162 165 188 208 224 246 ]
31: [ 11 12 18 44 63 73 80 89 93 118 124 132 169 188 190 209 215 216 224 225 233 243 246 ]
32: [ 8 13 30 33 51 52 63 81 112 114 123 130 135 139 149 162 164 185 198 216 221 ]
33: [ 8 32 38 50 60 61 69 87 103 110 132 138 144 161 168 206 213 223 227 231 246 248 ]
34: [ 4 19 46 61 70 105 112 114 138 141 168 183 194 199 209 224 236 248 ]
35: [ 4 17 18 20 48 59 73 78 84 120 125 130 146 153 182 ]
36: [ 38 40 46 101 145 167 192 209 229 248 ]
37: [ 11 24 29 48 76 83 99 105 123 133 136 139 164 173 175 178 190 200 219 220 232 249 ]
38: [ 28 30 33 36 39 45 51 84 124 139 150 158 172 184 191 194 195 227 ]
39: [ 25 27 38 41 42 70 80 84 86 96 108 164 166 167 176 177 182 198 210 212 218 249 ]
40: [ 4 16 36 50 64 86 98 114 119 125 213 215 ]
41: [ 1 3 5 24 39 52 58 66 79 111 116 119 144 148 152 156 165 215 234 ]
42: [ 1 15 39 72 90 103 125 136 153 165 172 178 180 192 195 226 228 247 ]
43: [ 4 12 17 73 93 103 135 144 157 183 198 209 224 246 ]
44: [ 13 19 23 31 60 95 107 172 191 228 240 ]
45: [ 23 29 38 48 67 68 81 95 96 112 122 146 156 160 161 165 171 206 210 217 236 ]
46: [ 17 18 34 36 47 83 84 93 117 143 171 177 191 192 193 198 215 224 233 235 238 245 ]
47: [ 46 60 94 136 161 193 ]
48: [ 2 35 37 45 64 69 71 72 78 94 96 102 103 150 157 160 162 169 180 200 216 ]
49: [ 133 180 191 201 ]
50: [ 3 10 23 26 33 40 87 99 112 117 171 197 ]
51: [ 17 32 38 55 65 71 74 81 124 142 162 172 199 210 222 225 237 246 250 ]
52: [ 15 20 21 32 41 58 61 74 113 114 119 182 214 220 227 236 244 ]
53: [ 7 9 19 80 87 88 102 112 114 137 138 146 149 174 184 209 228 232 ]
54: [ 168 227 ]
55: [ 1 12 51 77 117 157 159 180 221 224 225 235 ]
56: [ 74 79 85 103 131 143 152 167 208 ]
57: [ 11 89 113 140 141 211 226 229 236 240 ]
58: [ 2 5 29 41 52 64 69 76 91 93 111 120 121 139 158 176 178 193 204 206 209 219 222 ]
59: [ 28 35 71 99 100 106 113 121 136 158 161 196 218 225 ]
60: [ 4 9 33 44 47 72 74 76 95 98 102 106 107 127 131 159 161 187 208 225 ]
61: [ 33 34 52 112 118 135 148 181 182 185 204 ]
62: [ 7 71 122 157 191 ]
63: [ 16 31 32 71 89 135 194 217 239 246 ]
64: [ 1 18 40 48 58 73 74 78 86 94 112 121 123 155 179 186 197 217 226 233 244 247 248 249 ]
65: [ 15 23 51 67 88 130 162 170 171 212 229 ]
66: [ 17 41 77 80 106 109 124 126 131 136 157 161 180 211 218 228 240 246 248 249 ]
67: [ 13 29 45 65 83 104 116 164 173 175 190 198 223 235 ]
68: [ 4 20 45 94 100 120 135 149 189 199 211 ]
69: [ 33 48 58 77 79 82 87 92 94 103 114 128 144 150 156 197 249 ]
70: [ 6 34 39 100 156 163 176 209 218 227 ]
71: [ 11 12 48 51 59 62 63 84 107 109 167 176 179 190 196 203 211 222 228 238 ]
72: [ 11 27 42 48 60 80 84 117 128 143 146 149 150 185 214 222 234 242 ]
73: [ 23 31 35 43 64 89 100 114 128 151 162 174 191 203 238 239 ]
74: [ 5 13 30 51 52 56 60 64 82 85 88 101 112 113 116 140 151 152 204 220 224 233 ]
75: [ 1 2 3 8 76 85 92 125 143 160 163 180 188 200 202 218 223 225 245 ]
76: [ 6 21 30 37 58 60 75 111 112 180 203 233 239 ]
77: [ 18 20 55 66 69 78 85 106 125 142 151 161 173 177 215 232 ]
78: [ 7 12 16 35 48 64 77 79 84 100 125 148 153 168 201 204 218 223 232 236 245 ]
79: [ 17 29 41 56 69 78 83 94 127 128 137 164 167 197 202 204 211 215 217 221 229 231 ]
80: [ 24 28 31 39 53 66 72 96 108 110 140 151 156 187 207 214 237 243 ]
81: [ 32 45 51 90 122 155 163 188 194 211 220 222 224 ]
82: [ 28 69 74 111 135 219 226 232 ]
83: [ 21 37 46 67 79 85 88 111 119 133 147 164 175 178 214 217 221 222 235 248 ]
84: [ 35 38 39 46 71 72 78 95 102 106 119 136 145 146 151 157 160 191 192 204 ]
85: [ 13 17 56 74 75 77 83 95 140 142 146 149 167 176 188 189 195 200 202 209 235 243 ]
86: [ 2 10 39 40 64 88 103 114 189 241 242 ]
87: [ 7 9 21 33 50 53 69 140 141 169 181 194 195 237 ]
88: [ 53 65 74 83 86 109 119 128 149 179 187 190 219 222 238 243 ]
89: [ 5 18 29 31 57 63 73 100 132 213 ]
90: [ 42 81 97 107 108 122 142 210 241 ]
91: [ 17 27 58 153 162 198 204 209 247 ]
92: [ 69 75 168 170 171 195 237 ]
93: [ 4 31 43 46 58 113 115 137 171 193 208 211 212 219 ]
94: [ 19 22 47 48 64 68 69 79 98 101 109 111 116 136 159 160 189 204 236 243 ]
95: [ 19 44 45 60 84 85 135 140 176 221 229 ]
96: [ 39 45 48 80 146 174 204 206 239 243 ]
97: [ 90 161 193 ]
98: [ 6 22 40 60 94 114 121 203 209 216 238 ]
99: [ 26 29 37 50 59 103 117 119 136 138 159 175 223 242 243 247 ]
100: [ 24 59 68 70 73 78 89 110 127 131 138 147 151 154 176 178 194 197 202 211 213 215 224 232 243 ]
101: [ 8 28 36 74 94 117 129 157 170 180 190 194 208 ]
102: [ 2 29 48 53 60 84 107 111 113 134 179 192 206 218 224 233 ]
103: [ 23 33 42 43 48 56 69 86 99 104 105 117 132 155 164 171 205 218 225 ]
104: [ 22 67 103 138 ]
105: [ 34 37 103 116 184 ]
106: [ 5 19 59 60 66 77 84 109 111 124 128 130 132 153 187 195 198 210 214 238 249 ]
107: [ 9 21 22 44 60 71 90 102 109 128 141 176 190 220 234 239 245 ]
108: [ 1 13 22 27 30 39 80 90 112 130 182 202 219 232 244 ]
109: [ 5 6 8 10 18 66 71 88 94 106 107 124 134 140 185 194 203 208 217 226 230 247 ]
110: [ 33 80 100 150 166 171 190 193 197 249 ]
111: [ 7 16 22 29 41 58 76 82 83 94 102 106 112 159 162 165 169 195 198 204 242 ]
112: [ 24 32 34 45 50 53 61 64 74 76 108 111 118 130 141 161 165 205 213 226 241 242 ]
113: [ 26 28 52 57 59 74 93 102 133 184 ]
114: [ 8 22 29 32 34 40 52 53 69 73 86 98 145 182 198 202 207 208 219 234 235 236 ]
115: [ 93 212 234 236 ]
116: [ 1 3 23 41 67 74 94 105 130 133 138 152 158 161 164 173 181 206 ]
117: [ 10 11 12 19 20 27 46 50 55 72 99 101 103 133 138 146 158 185 188 213 ]
118: [ 31 61 112 127 167 183 227 235 ]
119: [ 5 28 40 41 52 83 84 88 99 123 145 165 170 194 216 242 243 ]
120: [ 35 58 68 191 216 238 ]
121: [ 12 58 59 64 98 152 165 217 ]
122: [ 2 11 12 16 45 62 81 90 140 152 160 168 172 180 223 232 238 246 ]
123: [ 32 37 64 119 133 178 225 ]
124: [ 29 31 38 51 66 106 109 130 141 143 168 190 194 203 213 221 230 250 ]
125: [ 13 35 40 42 75 77 78 128 159 165 171 180 185 187 195 217 232 ]
126: [ 24 66 134 146 212 228 242 ]
127: [ 29 60 79 100 118 131 135 144 211 237 242 246 ]
128: [ 2 6 69 72 73 79 88 106 107 125 141 150 171 174 183 199 213 240 244 249 250 ]
129: [ 101 130 178 225 247 ]
130: [ 4 20 27 32 35 65 106 108 112 116 124 129 149 162 198 202 210 214 216 233 238 ]
131: [ 56 60 66 100 127 201 205 218 231 249 ]
132: [ 21 31 33 89 103 106 134 144 145 157 217 246 ]
133: [ 8 30 37 49 83 113 116 117 123 169 184 219 225 237 243 248 ]
134: [ 29 102 109 126 132 135 166 171 179 201 204 223 246 ]
135: [ 2 10 32 43 61 63 68 82 95 127 134 138 140 143 145 171 176 214 242 249 ]
136: [ 18 24 30 37 42 47 59 66 84 94 99 143 145 148 192 197 217 218 230 232 249 ]
137: [ 53 79 93 160 214 220 227 ]
138: [ 24 33 34 53 99 100 104 116 117 135 147 162 169 186 191 210 234 ]
139: [ 29 32 37 38 58 218 ]
140: [ 6 57 74 80 85 87 95 109 122 135 172 178 182 192 201 211 221 227 228 232 236 ]
141: [ 2 4 34 57 87 107 112 124 128 145 187 203 229 243 248 ]
142: [ 28 51 77 85 90 152 159 198 245 ]
143: [ 4 6 21 46 56 72 75 124 135 136 146 171 173 174 202 205 211 224 228 ]
144: [ 2 6 33 41 43 69 127 132 146 154 159 171 190 192 222 237 249 ]
145: [ 12 28 36 84 114 119 132 135 136 141 146 171 188 228 233 236 246 ]
146: [ 2 17 35 45 53 72 84 85 96 117 126 143 144 145 194 212 237 243 ]
147: [ 8 24 83 100 138 152 163 184 226 234 237 ]
148: [ 41 61 78 136 168 ]
149: [ 8 32 53 68 72 85 88 130 171 188 211 224 232 ]
150: [ 25 38 48 69 72 110 128 164 187 189 201 205 206 216 222 225 232 ]
151: [ 7 73 74 77 80 84 100 204 205 209 214 217 226 ]
152: [ 2 28 41 56 74 116 121 122 142 147 170 180 184 185 205 209 ]
153: [ 2 35 42 78 91 106 204 238 ]
154: [ 22 24 100 144 163 175 215 226 ]
155: [ 29 64 81 103 161 166 217 229 ]
156: [ 41 45 69 70 80 166 177 182 218 220 224 ]
157: [ 2 4 12 43 48 55 62 66 84 101 132 166 201 249 ]
158: [ 38 58 59 116 117 195 202 223 ]
159: [ 55 60 94 99 111 125 142 144 209 219 222 227 233 239 241 245 250 ]
160: [ 2 16 45 48 75 84 94 122 137 168 171 207 221 224 ]
161: [ 6 9 28 29 33 45 47 59 60 66 77 97 112 116 155 169 171 233 ]
162: [ 1 23 29 30 32 48 51 65 73 91 111 130 138 170 179 203 228 237 241 245 ]
163: [ 70 75 81 147 154 220 221 223 236 240 243 248 ]
164: [ 12 16 32 37 39 67 79 83 103 116 150 168 176 237 247 ]
165: [ 6 30 41 42 45 111 112 119 121 125 175 183 206 207 214 218 221 226 230 247 ]
166: [ 1 39 110 134 155 156 157 171 223 ]
167: [ 3 26 36 39 56 71 79 85 118 171 219 250 ]
168: [ 10 11 13 18 33 34 54 78 92 122 124 148 160 164 174 184 189 231 ]
169: [ 7 12 23 27 31 48 87 111 133 138 161 192 204 232 235 ]
170: [ 2 16 65 92 101 119 152 162 194 222 239 ]
171: [ 13 45 46 50 65 92 93 103 110 125 128 134 135 143 144 145 149 160 161 166 167 172 193 222 ]
172: [ 1 38 42 44 51 122 140 171 201 248 ]
173: [ 11 16 37 67 77 116 143 186 187 209 226 250 ]
174: [ 53 73 96 128 143 168 232 249 ]
175: [ 9 13 16 23 37 67 83 99 154 165 180 194 202 209 218 ]
176: [ 4 12 19 23 39 58 70 71 85 95 100 107 135 164 185 204 209 ]
177: [ 39 46 77 156 227 237 246 247 ]
178: [ 10 37 42 58 83 100 123 129 140 212 214 224 228 ]
179: [ 1 8 28 64 71 88 102 134 162 202 206 220 238 240 ]
180: [ 1 28 42 48 49 55 66 75 76 101 122 125 152 175 223 229 246 ]
181: [ 61 87 116 192 215 222 ]
182: [ 28 35 39 52 61 108 114 140 156 188 202 219 234 235 238 246 247 ]
183: [ 13 34 43 118 128 165 208 220 ]
184: [ 5 22 38 53 105 113 133 147 152 168 185 212 230 232 ]
185: [ 10 14 24 27 32 61 72 109 117 125 152 176 184 230 ]
186: [ 23 64 138 173 ]
187: [ 60 80 88 106 125 141 150 173 215 249 ]
188: [ 9 30 31 75 81 85 117 145 149 182 213 219 240 243 249 ]
189: [ 1 20 68 85 86 94 150 168 197 202 ]
190: [ 19 31 37 67 71 88 101 107 110 124 144 225 ]
191: [ 13 38 44 46 49 62 73 84 120 138 197 208 ]
192: [ 36 42 46 84 102 136 140 144 169 181 225 235 246 ]
193: [ 29 46 47 58 93 97 110 171 212 222 228 236 240 244 ]
194: [ 28 34 38 63 81 87 100 101 109 119 124 146 170 175 200 ]
195: [ 2 11 19 21 38 42 85 87 92 106 111 125 158 196 202 205 209 210 214 229 241 243 ]
196: [ 20 59 71 195 209 234 ]
197: [ 8 50 64 69 79 100 110 136 189 191 224 233 246 ]
198: [ 32 39 43 46 67 91 106 111 114 130 142 240 ]
199: [ 1 34 51 68 128 217 222 240 ]
200: [ 13 37 48 75 85 194 233 ]
201: [ 16 49 78 131 134 140 150 157 172 203 209 225 227 232 237 246 247 ]
202: [ 11 75 79 85 100 108 114 130 143 158 175 179 182 189 195 203 209 224 246 ]
203: [ 11 71 73 76 98 109 124 141 162 201 202 234 246 ]
204: [ 58 61 74 78 79 84 91 94 96 111 134 151 153 169 176 213 224 ]
205: [ 27 103 112 131 143 150 151 152 195 225 232 ]
206: [ 33 45 58 96 102 116 150 165 179 227 228 247 ]
207: [ 2 14 80 114 160 165 ]
208: [ 5 30 56 60 93 101 109 114 183 191 215 224 242 ]
209: [ 3 31 34 36 43 53 58 70 85 91 98 151 152 159 173 175 176 195 196 201 202 218 238 247 ]
210: [ 6 39 45 51 90 106 130 138 195 249 ]
211: [ 1 5 28 57 66 68 71 79 81 93 100 127 140 143 149 225 235 248 ]
212: [ 19 39 65 93 115 126 146 178 184 193 ]
213: [ 1 19 33 40 89 100 112 117 124 128 188 204 ]
214: [ 13 17 26 52 72 80 83 106 130 135 137 151 165 178 195 227 235 ]
215: [ 4 19 24 31 40 41 46 77 79 100 154 181 187 208 220 241 ]
216: [ 31 32 48 98 119 120 130 150 243 ]
217: [ 45 63 64 79 83 109 121 125 132 136 151 155 199 235 249 ]
218: [ 39 59 66 70 75 78 102 103 131 136 139 156 165 175 209 232 234 236 ]
219: [ 10 17 37 58 82 88 93 108 114 133 159 167 182 188 245 ]
220: [ 7 9 14 37 52 74 81 107 137 156 163 179 183 215 228 ]
221: [ 12 32 55 79 83 95 124 140 160 163 165 238 ]
222: [ 7 51 58 71 72 81 83 88 144 150 159 170 171 181 193 199 228 242 ]
223: [ 33 67 75 78 99 122 134 158 163 166 180 ]
224: [ 2 3 7 17 30 31 34 43 46 55 74 81 100 102 143 149 156 160 178 197 202 204 208 227 237 ]
225: [ 16 25 31 51 55 59 60 75 103 123 129 133 150 190 192 201 205 211 ]
226: [ 42 57 64 82 109 112 147 151 154 165 173 235 ]
227: [ 16 23 33 38 52 54 70 118 137 140 159 177 201 206 214 224 247 ]
228: [ 42 44 53 66 71 126 140 143 145 162 178 193 206 220 222 250 ]
229: [ 16 19 24 27 36 57 65 79 95 141 155 180 195 239 ]
230: [ 109 124 136 165 184 185 243 ]
231: [ 2 33 79 131 168 233 ]
232: [ 7 24 29 37 53 77 78 82 100 108 122 125 136 140 149 150 169 174 184 201 205 218 239 ]
233: [ 31 46 64 74 76 102 130 145 159 161 197 200 231 234 240 ]
234: [ 14 20 41 72 107 114 115 138 147 182 196 203 218 233 ]
235: [ 12 19 24 46 55 67 83 85 114 118 169 182 192 211 214 217 226 236 ]
236: [ 21 34 45 52 57 78 94 114 115 140 145 163 193 218 235 ]
237: [ 4 13 18 19 51 80 87 92 127 133 144 146 147 162 164 177 201 224 ]
238: [ 11 22 27 46 71 73 88 98 106 120 122 130 153 179 182 209 221 243 ]
239: [ 12 13 25 63 73 76 96 107 159 170 229 232 247 ]
240: [ 15 22 23 25 44 57 66 128 163 179 188 193 198 199 233 243 250 ]
241: [ 27 86 90 112 159 162 195 215 ]
242: [ 29 72 86 99 111 112 119 126 127 135 208 222 248 ]
243: [ 12 19 31 80 85 88 94 96 99 100 119 133 141 146 163 188 195 216 230 238 240 ]
244: [ 18 52 64 108 128 193 ]
245: [ 7 13 17 23 46 75 78 107 142 159 162 219 247 ]
246: [ 2 8 18 29 30 31 33 43 51 63 66 122 127 132 134 145 177 180 182 192 197 201 202 203 ]
247: [ 23 42 64 91 99 109 129 164 165 177 182 201 206 209 227 239 245 ]
248: [ 8 9 18 23 33 34 36 64 66 83 133 141 163 172 211 242 ]
249: [ 3 14 37 39 64 66 69 106 110 128 131 135 136 144 157 174 187 188 210 217 ]
250: [ 6 51 124 128 159 167 173 228 240 ]
