1: [ 5 21 23 40 51 93 96 104 105 114 145 177 182 202 205 213 225 234 ]
2: [ 11 21 78 80 87 95 98 108 114 125 132 136 162 174 229 ]
3: [ 12 47 63 80 85 107 117 176 179 185 196 244 246 ]
4: [ 13 67 84 91 143 199 233 234 241 ]
5: [ 1 32 42 56 58 59 93 96 98 127 144 149 154 179 202 225 231 237 246 ]
6: [ 13 32 43 53 100 236 ]
7: [ 12 21 32 55 93 98 102 105 121 122 127 136 148 160 163 192 226 241 ]
8: [ 10 91 104 107 123 127 150 154 171 178 196 200 215 229 230 232 ]
9: [ 17 34 58 69 95 96 149 155 159 163 ]
10: [ 8 23 51 66 89 102 112 126 135 140 143 147 168 175 181 194 196 208 210 239 243 245 ]
11: [ 2 19 23 33 36 37 43 47 73 83 86 155 193 203 213 ]
12: [ 3 7 25 26 47 91 132 134 150 191 200 221 243 ]
13: [ 4 6 53 75 77 123 157 163 164 168 174 196 208 209 230 249 ]
14: [ 16 17 28 89 93 98 103 125 133 145 146 151 164 165 172 193 197 240 ]
15: [ 19 44 47 57 87 90 91 98 126 127 143 164 166 173 181 189 223 244 250 ]
16: [ 14 22 44 68 75 113 116 127 135 142 152 170 171 182 215 221 223 225 232 ]
17: [ 9 14 43 52 55 67 74 82 86 92 103 121 130 146 162 210 227 ]
18: [ 26 39 58 71 78 81 96 112 130 146 163 172 197 215 244 246 ]
19: [ 11 15 21 78 128 170 181 184 196 ]
20: [ 102 112 114 152 154 209 210 227 ]
21: [ 1 2 7 19 23 39 46 71 74 75 79 96 100 103 104 113 117 119 137 152 209 214 228 236 ]
22: [ 16 32 58 106 115 128 166 202 ]
23: [ 1 10 11 21 25 26 39 41 43 45 54 94 107 177 191 193 199 208 210 221 224 ]
24: [ 25 32 34 47 56 65 67 71 72 79 122 133 135 140 168 170 185 196 202 211 212 219 221 231 ]
25: [ 12 23 24 32 42 51 64 71 83 91 111 126 174 188 190 210 222 247 ]
26: [ 12 18 23 47 60 65 66 69 73 86 111 114 159 177 179 201 204 206 216 220 238 249 ]
27: [ 40 43 105 106 128 136 149 167 218 241 ]
28: [ 14 63 67 77 83 126 168 181 182 184 192 211 213 224 240 ]
29: [ 49 82 87 92 95 139 145 152 158 171 189 203 212 214 219 221 ]
30: [ 43 93 138 141 185 196 203 219 237 ]
31: [ 79 86 87 96 101 109 163 174 189 190 209 ]
32: [ 5 6 7 22 24 25 40 43 85 87 90 99 103 106 116 121 171 187 218 224 238 240 ]
33: [ 11 50 55 60 75 83 87 130 135 138 150 153 170 171 174 196 211 213 217 234 241 247 ]
34: [ 9 24 40 53 56 95 96 102 106 152 153 161 166 167 171 185 186 214 218 221 231 234 ]
35: [ 44 47 83 152 156 167 173 175 218 225 236 ]
36: [ 11 84 180 192 ]
37: [ 11 53 63 100 109 171 179 221 244 ]
38: [ 71 73 78 128 129 164 ]
39: [ 18 21 23 44 110 112 121 127 142 177 225 237 ]
40: [ 1 27 32 34 113 128 145 152 174 178 179 184 187 200 201 212 247 ]
41: [ 23 60 83 90 94 121 124 125 150 163 175 183 187 234 239 ]
42: [ 5 25 85 96 111 189 201 ]
43: [ 6 11 17 23 27 30 32 51 58 62 64 119 151 155 156 177 187 ]
44: [ 15 16 35 39 51 80 97 146 177 188 242 243 250 ]
45: [ 23 49 52 60 83 130 132 140 148 ]
46: [ 21 74 90 103 108 147 162 178 186 212 225 234 246 ]
47: [ 3 11 12 15 24 26 35 48 98 136 146 151 155 168 169 175 200 249 ]
48: [ 47 63 71 87 92 117 139 146 152 163 166 217 230 244 ]
49: [ 29 45 52 67 94 116 117 120 122 124 129 133 141 154 195 197 203 213 236 237 ]
50: [ 33 53 59 68 72 91 102 105 115 137 149 170 179 188 205 220 229 ]
51: [ 1 10 25 43 44 117 133 140 141 163 182 221 222 ]
52: [ 17 45 49 65 102 112 150 173 197 250 ]
53: [ 6 13 34 37 50 60 107 115 121 126 136 162 163 179 182 189 198 ]
54: [ 23 66 75 78 87 90 97 98 171 208 ]
55: [ 7 17 33 80 84 88 103 119 121 125 141 149 152 168 179 189 213 220 234 ]
56: [ 5 24 34 74 94 95 129 130 131 133 136 200 202 220 248 250 ]
57: [ 15 58 62 67 75 78 79 86 96 104 220 233 241 ]
58: [ 5 9 18 22 43 57 86 104 105 131 145 150 152 162 175 216 237 248 ]
59: [ 5 50 66 122 124 136 140 150 154 156 159 174 185 215 237 239 ]
60: [ 26 33 41 45 53 62 79 159 174 200 201 214 216 223 229 239 243 ]
61: [ 62 87 99 107 142 154 155 173 207 ]
62: [ 43 57 60 61 65 69 107 110 125 131 135 148 152 165 167 183 188 189 238 242 243 ]
63: [ 3 28 37 48 83 121 125 170 175 225 ]
64: [ 25 43 68 101 102 112 116 121 132 157 217 241 242 249 ]
65: [ 24 26 52 62 71 81 95 101 103 126 151 154 161 166 179 189 198 199 217 243 248 ]
66: [ 10 26 54 59 85 105 173 178 206 221 229 239 ]
67: [ 4 17 24 28 49 57 68 73 98 124 133 142 161 162 165 170 181 210 238 243 ]
68: [ 16 50 64 67 70 84 93 101 116 127 137 146 155 156 181 184 185 202 219 235 241 247 ]
69: [ 9 26 62 81 116 139 161 166 171 174 184 201 213 ]
70: [ 68 114 137 154 160 204 205 ]
71: [ 18 21 24 25 38 48 65 90 151 188 196 198 213 224 226 248 ]
72: [ 24 50 74 81 119 130 144 150 162 172 200 219 236 246 ]
73: [ 11 26 38 67 99 102 114 137 146 152 159 162 175 189 190 196 200 218 226 ]
74: [ 17 21 46 56 72 102 118 130 136 171 174 192 218 243 ]
75: [ 13 16 21 33 54 57 105 153 155 175 191 199 202 208 239 ]
76: [ 97 101 162 212 ]
77: [ 13 28 92 106 126 154 175 186 194 221 248 ]
78: [ 2 18 19 38 54 57 96 105 139 167 182 190 197 215 ]
79: [ 21 24 31 57 60 100 106 109 121 135 146 160 164 202 209 224 229 241 ]
80: [ 2 3 44 55 98 101 109 154 161 172 187 201 217 233 240 ]
81: [ 18 65 69 72 96 106 115 134 143 156 178 179 185 204 221 ]
82: [ 17 29 91 130 ]
83: [ 11 25 28 33 35 41 45 63 87 112 134 145 199 208 217 229 231 ]
84: [ 4 36 55 68 89 183 224 230 235 245 ]
85: [ 3 32 42 66 96 139 170 181 203 207 225 236 ]
86: [ 11 17 26 31 57 58 92 99 101 115 123 130 134 138 140 148 150 158 237 243 250 ]
87: [ 2 15 29 31 32 33 48 54 61 83 102 110 111 132 166 170 175 202 210 223 ]
88: [ 55 102 117 135 170 171 231 232 ]
89: [ 10 14 84 106 115 121 140 143 152 178 193 200 215 ]
90: [ 15 32 41 46 54 71 146 160 162 173 197 198 208 210 219 228 ]
91: [ 4 8 12 15 25 50 82 99 108 120 145 152 156 171 183 212 214 219 229 ]
92: [ 17 29 48 77 86 138 166 168 173 180 184 196 219 224 235 ]
93: [ 1 5 7 14 30 68 117 136 142 143 161 168 173 209 220 ]
94: [ 23 41 49 56 110 116 121 145 176 186 196 210 249 ]
95: [ 2 9 29 34 56 65 115 129 135 136 188 197 216 217 ]
96: [ 1 5 9 18 21 31 34 42 57 78 81 85 163 167 171 174 176 180 207 ]
97: [ 44 54 76 117 127 184 185 226 237 ]
98: [ 2 5 7 14 15 47 54 67 80 99 105 110 129 141 147 150 152 162 195 224 234 ]
99: [ 32 61 73 86 91 98 114 161 178 187 195 215 232 237 250 ]
100: [ 6 21 37 79 115 126 146 180 185 202 210 215 241 ]
101: [ 31 64 65 68 76 80 86 108 128 135 153 156 172 174 197 210 216 217 228 242 ]
102: [ 7 10 20 34 50 52 64 73 74 87 88 125 135 140 142 174 185 214 236 241 ]
103: [ 14 17 21 32 46 55 65 116 139 165 168 174 187 215 250 ]
104: [ 1 8 21 57 58 165 208 217 241 ]
105: [ 1 7 27 50 58 66 75 78 98 107 114 136 145 183 239 241 ]
106: [ 22 27 32 34 77 79 81 89 129 140 154 187 229 241 ]
107: [ 3 8 23 53 61 62 105 131 137 177 197 203 214 243 250 ]
108: [ 2 46 91 101 121 125 151 163 179 185 190 197 208 247 ]
109: [ 31 37 79 80 126 130 187 201 229 231 ]
110: [ 39 62 87 94 98 128 130 151 157 172 173 178 180 185 189 195 241 243 ]
111: [ 25 26 42 87 113 115 125 128 171 173 187 190 191 212 217 220 236 237 248 ]
112: [ 10 18 20 39 52 64 83 150 181 224 232 241 ]
113: [ 16 21 40 111 128 130 210 ]
114: [ 1 2 20 26 70 73 99 105 119 158 173 176 210 212 214 216 238 ]
115: [ 22 50 53 81 86 89 95 100 111 120 124 136 145 157 183 198 199 222 226 237 ]
116: [ 16 32 49 64 68 69 94 103 133 140 144 167 171 178 192 197 208 221 232 240 241 242 ]
117: [ 3 21 48 49 51 88 93 97 124 151 162 185 244 ]
118: [ 74 139 242 249 ]
119: [ 21 43 55 72 114 153 156 162 171 204 211 217 221 226 237 239 ]
120: [ 49 91 115 151 158 164 172 223 224 232 249 ]
121: [ 7 17 32 39 41 53 55 63 64 79 89 94 108 202 215 239 242 249 ]
122: [ 7 24 49 59 124 133 148 166 186 225 ]
123: [ 8 13 86 141 150 164 180 184 ]
124: [ 41 49 59 67 115 117 122 133 146 149 178 185 196 212 213 218 227 228 229 240 ]
125: [ 2 14 41 55 62 63 102 108 111 144 172 176 203 204 223 226 228 241 249 ]
126: [ 10 15 25 28 53 65 77 100 109 143 189 198 203 232 236 250 ]
127: [ 5 7 8 15 16 39 68 97 155 172 202 213 229 ]
128: [ 19 22 27 38 40 101 110 111 113 154 161 171 179 186 215 243 ]
129: [ 38 49 56 95 98 106 188 211 217 220 231 236 ]
130: [ 17 18 33 45 56 72 74 82 86 109 110 113 131 137 192 201 228 237 240 248 ]
131: [ 56 58 62 107 130 139 140 144 182 195 205 206 212 224 238 ]
132: [ 2 12 45 64 87 155 160 169 217 218 ]
133: [ 14 24 49 51 56 67 116 122 124 172 174 207 220 243 ]
134: [ 12 81 83 86 150 156 159 168 202 ]
135: [ 10 16 24 33 62 79 88 95 101 102 166 170 192 209 218 225 227 230 243 ]
136: [ 2 7 27 47 53 56 59 74 93 95 105 115 144 154 163 174 184 205 219 236 ]
137: [ 21 50 68 70 73 107 130 168 180 186 244 ]
138: [ 30 33 86 92 139 147 156 174 193 232 ]
139: [ 29 48 69 78 85 103 118 131 138 145 163 172 200 201 204 ]
140: [ 10 24 45 51 59 86 89 102 106 116 131 142 144 149 151 164 168 182 185 217 222 231 241 243 249 ]
141: [ 30 49 51 55 98 123 145 170 179 188 189 200 220 236 239 243 ]
142: [ 16 39 61 67 93 102 140 143 154 156 170 180 205 208 213 ]
143: [ 4 10 15 81 89 93 126 142 157 173 193 213 218 225 235 ]
144: [ 5 72 116 125 131 136 140 146 236 ]
145: [ 1 14 29 40 58 83 91 94 105 115 139 141 156 172 184 190 192 198 209 210 236 245 ]
146: [ 14 17 18 44 47 48 68 73 79 90 100 124 144 152 175 176 ]
147: [ 10 46 98 138 163 164 180 188 210 220 234 ]
148: [ 7 45 62 86 122 163 208 214 220 ]
149: [ 5 9 27 50 55 124 140 189 196 ]
150: [ 8 12 33 41 52 58 59 72 86 98 112 123 134 154 213 227 229 240 249 250 ]
151: [ 14 43 47 65 71 108 110 117 120 140 171 177 194 ]
152: [ 16 20 21 29 34 35 40 48 55 58 62 73 89 91 98 146 163 171 172 194 218 224 225 ]
153: [ 33 34 75 101 119 164 171 172 184 191 209 234 ]
154: [ 5 8 20 49 59 61 65 70 77 80 106 128 136 142 150 164 172 183 194 196 202 204 206 227 240 ]
155: [ 9 11 43 47 61 68 75 127 132 162 177 178 180 182 186 192 204 229 234 ]
156: [ 35 43 59 68 81 91 101 119 134 138 142 145 167 175 193 209 212 219 ]
157: [ 13 64 110 115 143 162 164 170 190 206 237 ]
158: [ 29 86 114 120 175 185 199 219 220 227 233 235 245 248 ]
159: [ 9 26 59 60 73 134 202 211 226 ]
160: [ 7 70 79 90 132 178 188 208 ]
161: [ 34 65 67 69 80 93 99 128 200 238 250 ]
162: [ 2 17 46 53 58 67 72 73 76 90 98 117 119 155 157 181 184 202 203 204 220 226 241 250 ]
163: [ 7 9 13 18 31 41 48 51 53 96 108 136 139 147 148 152 171 176 185 201 212 214 ]
164: [ 13 14 15 38 79 120 123 140 147 153 154 157 207 230 234 235 242 249 ]
165: [ 14 62 67 103 104 168 245 ]
166: [ 15 22 34 48 65 69 87 92 122 135 179 183 204 221 229 ]
167: [ 27 34 35 62 78 96 116 156 168 186 203 218 220 225 238 ]
168: [ 10 13 24 28 47 55 92 93 103 134 137 140 165 167 175 182 ]
169: [ 47 132 183 206 248 ]
170: [ 16 19 24 33 50 63 67 85 87 88 135 141 142 157 171 185 196 201 214 218 220 221 227 ]
171: [ 8 16 29 32 33 34 37 54 69 74 88 91 96 111 116 119 128 151 152 153 163 170 186 188 197 200 236 243 245 ]
172: [ 14 18 72 80 101 110 120 125 127 133 139 145 152 153 154 173 174 179 223 229 243 246 250 ]
173: [ 15 35 52 61 66 90 92 93 110 111 114 143 172 203 207 214 231 ]
174: [ 2 13 25 31 33 40 59 60 69 74 96 101 102 103 133 136 138 172 176 178 179 180 186 215 233 237 248 ]
175: [ 10 35 41 47 58 63 73 75 77 87 146 156 158 168 179 182 217 218 220 230 243 248 ]
176: [ 3 94 96 114 125 146 163 174 190 196 199 226 229 249 ]
177: [ 1 23 26 39 43 44 107 151 155 188 190 201 210 215 238 ]
178: [ 8 40 46 66 81 89 99 110 116 124 155 160 174 183 206 212 229 237 ]
179: [ 3 5 26 37 40 50 53 55 65 81 108 128 141 166 172 174 175 182 189 190 234 ]
180: [ 36 92 96 100 110 123 137 142 147 155 174 184 223 226 234 239 240 250 ]
181: [ 10 15 19 28 67 68 85 112 162 200 221 237 242 245 ]
182: [ 1 16 28 51 53 78 131 140 155 168 175 179 ]
183: [ 41 62 84 91 105 115 154 166 169 178 203 ]
184: [ 19 28 40 68 69 92 97 123 136 145 153 162 180 190 201 217 224 226 244 ]
185: [ 3 24 30 34 59 68 81 97 100 102 108 110 117 124 140 158 163 170 ]
186: [ 34 46 77 94 122 128 137 155 167 171 174 226 234 ]
187: [ 32 40 41 43 80 99 103 106 109 111 ]
188: [ 25 44 50 62 71 95 129 141 147 160 171 177 208 217 241 ]
189: [ 15 29 31 42 53 55 62 65 73 110 126 141 149 179 198 202 207 215 222 225 250 ]
190: [ 25 31 73 78 108 111 145 157 176 177 179 184 204 205 206 211 225 237 247 ]
191: [ 12 23 75 111 153 200 211 218 219 230 238 249 ]
192: [ 7 28 36 74 116 130 135 145 155 205 230 236 245 ]
193: [ 11 14 23 89 138 143 156 198 202 ]
194: [ 10 77 151 152 154 207 231 233 243 246 ]
195: [ 49 98 99 110 131 200 201 202 ]
196: [ 3 8 10 13 19 24 30 33 71 73 92 94 124 149 154 170 176 208 241 ]
197: [ 14 18 49 52 78 90 95 101 107 108 116 171 233 235 236 238 ]
198: [ 53 65 71 90 115 126 145 189 193 208 219 226 231 236 238 241 ]
199: [ 4 23 65 75 83 115 158 176 201 211 221 ]
200: [ 8 12 40 47 56 60 72 73 89 139 141 161 171 181 191 195 234 242 ]
201: [ 26 40 42 60 69 80 109 130 139 163 170 177 184 195 199 205 224 237 247 ]
202: [ 1 5 22 24 56 68 75 79 87 100 121 127 134 154 159 162 189 193 195 ]
203: [ 11 29 30 49 85 107 125 126 162 167 173 183 228 239 243 ]
204: [ 26 70 81 119 125 139 154 155 162 166 190 205 215 225 ]
205: [ 1 50 70 131 136 142 190 192 201 204 215 ]
206: [ 26 66 131 154 157 169 178 190 210 240 245 ]
207: [ 61 85 96 133 164 173 189 194 212 232 239 ]
208: [ 10 13 23 54 75 83 90 104 108 116 142 148 160 188 196 198 209 213 215 223 224 225 234 ]
209: [ 13 20 21 31 79 93 135 145 153 156 208 234 ]
210: [ 10 17 20 23 25 67 87 90 94 100 101 113 114 145 147 177 206 220 227 228 235 ]
211: [ 24 28 33 119 129 159 190 191 199 227 230 245 249 ]
212: [ 24 29 40 46 76 91 111 114 124 131 156 163 178 207 214 216 221 225 226 249 ]
213: [ 1 11 28 33 49 55 69 71 124 127 142 143 150 208 225 246 ]
214: [ 21 29 34 60 91 102 107 114 148 163 170 173 212 243 248 ]
215: [ 8 16 18 59 78 89 99 100 103 121 128 174 177 189 204 205 208 220 221 237 ]
216: [ 26 58 60 95 101 114 212 ]
217: [ 33 48 64 65 80 83 95 101 104 111 119 129 132 140 175 184 188 224 227 231 250 ]
218: [ 27 32 34 35 73 74 124 132 135 143 152 167 170 175 191 225 241 248 ]
219: [ 24 29 30 68 72 90 91 92 136 156 158 191 198 236 242 ]
220: [ 26 50 55 56 57 93 111 129 133 141 147 148 158 162 167 170 175 210 215 249 ]
221: [ 12 16 23 24 29 34 37 51 66 77 81 116 119 166 170 181 199 212 215 224 249 ]
222: [ 25 51 115 140 189 ]
223: [ 15 16 60 87 120 125 172 180 208 232 233 238 ]
224: [ 23 28 32 71 79 84 92 98 112 120 131 152 184 201 208 217 221 ]
225: [ 1 5 16 35 39 46 63 85 122 135 143 152 167 189 190 204 208 212 213 218 227 228 ]
226: [ 7 71 73 97 115 119 125 159 162 176 180 184 186 198 212 ]
227: [ 17 20 124 135 150 154 158 170 210 211 217 225 231 245 250 ]
228: [ 21 90 101 124 125 130 203 210 225 ]
229: [ 2 8 50 60 66 79 83 91 106 109 124 127 150 155 166 172 176 178 ]
230: [ 8 13 48 84 135 164 175 191 192 211 ]
231: [ 5 24 34 83 88 109 129 140 173 194 198 217 227 ]
232: [ 8 16 88 99 112 116 120 126 138 207 223 238 ]
233: [ 4 57 80 158 174 194 197 223 ]
234: [ 1 4 33 34 41 46 55 98 147 153 155 164 179 180 186 200 208 209 241 ]
235: [ 68 84 92 143 158 164 197 210 ]
236: [ 6 21 35 49 72 85 102 111 126 129 136 141 144 145 171 192 197 198 219 238 ]
237: [ 5 30 39 49 58 59 86 97 99 111 115 119 130 157 174 178 181 190 201 215 ]
238: [ 26 32 62 67 114 131 161 167 177 191 197 198 223 232 236 ]
239: [ 10 41 59 60 66 75 105 119 121 141 180 203 207 245 ]
240: [ 14 28 32 80 116 124 130 150 154 180 206 ]
241: [ 4 7 27 33 57 64 68 79 100 102 104 105 106 110 112 116 125 140 162 188 196 198 218 234 249 ]
242: [ 44 62 64 101 116 118 121 164 181 200 219 ]
243: [ 10 12 44 60 62 65 67 74 86 107 110 128 133 135 140 141 171 172 175 194 203 214 ]
244: [ 3 15 18 37 48 117 137 184 ]
245: [ 10 84 145 158 165 171 181 192 206 211 227 239 ]
246: [ 3 5 18 46 72 172 194 213 ]
247: [ 25 33 40 68 108 190 201 ]
248: [ 56 58 65 71 77 111 130 158 169 174 175 214 218 ]
249: [ 13 26 47 64 94 118 120 121 125 140 150 164 176 191 211 212 220 221 241 ]
250: [ 15 44 52 56 86 99 103 107 126 150 161 162 172 180 189 217 227 ]
