1: [ 40 65 87 93 104 105 111 129 148 161 196 214 217 219 236 238 ]
2: [ 12 22 106 152 189 196 220 ]
3: [ 30 42 49 50 52 55 104 133 155 167 176 226 230 238 249 ]
4: [ 6 20 22 29 74 93 94 108 110 121 128 132 134 172 238 243 ]
5: [ 63 73 105 106 113 122 125 133 137 147 169 193 211 230 ]
6: [ 4 8 16 42 44 64 141 167 189 200 214 ]
7: [ 55 117 147 199 209 212 227 230 ]
8: [ 6 26 32 41 42 74 82 109 128 175 205 207 217 226 238 ]
9: [ 14 26 58 59 70 80 93 162 176 198 213 232 238 244 246 247 ]
10: [ 163 170 172 211 215 233 250 ]
11: [ 20 42 46 49 50 72 92 100 127 144 150 160 191 209 230 232 233 235 ]
12: [ 2 40 47 104 119 141 144 178 183 205 214 220 226 230 231 236 246 ]
13: [ 25 45 52 59 73 87 96 106 115 121 125 135 137 145 162 188 203 209 241 244 ]
14: [ 9 15 18 23 28 29 77 118 120 133 137 142 143 163 167 247 249 ]
15: [ 14 57 79 92 109 115 117 174 186 188 189 194 200 206 209 215 225 ]
16: [ 6 28 39 52 95 100 114 116 129 138 154 170 175 181 196 204 218 234 245 ]
17: [ 19 43 63 77 79 88 106 124 127 131 171 181 211 228 246 ]
18: [ 14 42 74 87 88 90 102 105 117 156 163 191 202 216 217 219 232 ]
19: [ 17 37 109 117 119 130 160 163 167 203 208 211 223 241 ]
20: [ 4 11 24 34 46 64 72 79 83 122 134 181 212 217 250 ]
21: [ 59 71 82 93 123 140 143 162 169 170 176 185 187 189 198 237 ]
22: [ 2 4 23 50 79 85 87 99 105 110 112 128 136 146 150 156 161 164 197 223 236 ]
23: [ 14 22 28 30 34 40 53 109 133 139 162 174 177 188 196 221 248 ]
24: [ 20 34 35 64 71 75 88 91 96 113 116 141 149 155 202 204 208 229 245 ]
25: [ 13 45 47 48 68 78 153 160 161 177 197 201 208 214 224 225 232 247 249 ]
26: [ 8 9 39 56 65 90 105 137 143 147 164 184 191 203 ]
27: [ 30 38 57 83 114 117 133 142 166 227 ]
28: [ 14 16 23 85 128 141 172 191 209 221 226 241 ]
29: [ 4 14 55 58 67 118 121 123 125 130 202 241 ]
30: [ 3 23 27 39 60 67 79 80 83 102 131 140 146 172 187 196 202 215 232 235 ]
31: [ 61 88 111 116 120 138 181 191 195 198 220 243 247 ]
32: [ 8 37 56 92 108 120 138 143 146 151 167 168 191 229 233 238 ]
33: [ 49 56 73 92 104 113 194 208 231 233 ]
34: [ 20 23 24 36 67 72 83 86 100 116 120 193 200 239 ]
35: [ 24 36 40 119 164 190 229 237 ]
36: [ 34 35 39 47 79 83 147 165 168 170 210 247 248 ]
37: [ 19 32 49 52 82 88 109 112 133 141 146 163 174 187 215 223 242 ]
38: [ 27 40 96 111 121 152 156 207 210 234 ]
39: [ 16 26 30 36 57 80 83 87 93 95 107 131 132 146 151 207 213 223 225 227 ]
40: [ 1 12 23 35 38 52 75 78 111 119 162 164 171 173 218 230 ]
41: [ 8 44 54 57 77 85 105 138 ]
42: [ 3 6 8 11 18 50 60 82 110 115 134 176 190 209 219 228 232 234 236 241 ]
43: [ 17 93 105 127 137 152 174 181 191 240 ]
44: [ 6 41 62 67 81 97 100 139 162 173 204 215 217 231 232 234 242 ]
45: [ 13 25 50 57 65 80 81 84 93 94 101 115 137 147 208 213 ]
46: [ 11 20 65 97 128 135 194 241 249 ]
47: [ 12 25 36 71 79 89 91 104 114 118 128 132 141 164 170 177 179 181 186 201 211 ]
48: [ 25 55 94 143 160 178 208 ]
49: [ 3 11 33 37 63 93 109 120 131 135 144 163 180 200 218 236 237 248 ]
50: [ 3 11 22 42 45 53 74 204 208 209 222 247 ]
51: [ 82 170 188 200 ]
52: [ 3 13 16 37 40 65 87 88 89 92 99 121 124 143 153 165 177 207 208 238 ]
53: [ 23 50 54 68 79 83 95 105 108 113 116 125 143 147 157 174 183 188 192 197 221 223 ]
54: [ 41 53 72 74 98 105 119 133 144 148 186 194 214 227 230 240 244 ]
55: [ 3 7 29 48 68 80 84 87 89 94 100 120 136 175 187 196 201 206 220 232 ]
56: [ 26 32 33 58 72 80 117 149 151 185 189 212 222 230 ]
57: [ 15 27 39 41 45 66 82 94 100 101 109 114 116 128 150 160 165 179 191 222 ]
58: [ 9 29 56 85 90 101 118 121 165 175 189 218 234 ]
59: [ 9 13 21 71 78 129 140 148 163 165 231 233 250 ]
60: [ 30 42 61 74 95 100 107 125 149 163 195 197 198 222 230 ]
61: [ 31 60 123 129 149 199 218 224 ]
62: [ 44 79 96 110 116 121 127 138 144 153 ]
63: [ 5 17 49 68 81 88 107 118 121 129 157 164 167 174 196 217 242 250 ]
64: [ 6 20 24 74 89 97 107 118 121 143 156 188 212 219 242 ]
65: [ 1 26 45 46 52 85 117 126 139 145 164 180 223 229 ]
66: [ 57 72 168 173 175 195 212 218 ]
67: [ 29 30 34 44 76 99 100 116 136 137 177 190 206 242 247 ]
68: [ 25 53 55 63 76 89 117 140 193 211 213 221 224 242 ]
69: [ 119 134 139 142 145 173 222 236 ]
70: [ 9 74 81 86 119 192 209 213 224 247 ]
71: [ 21 24 47 59 107 143 148 151 158 204 246 ]
72: [ 11 20 34 54 56 66 94 101 130 188 215 ]
73: [ 5 13 33 79 94 111 138 155 240 ]
74: [ 4 8 18 50 54 60 64 70 80 109 199 204 227 238 ]
75: [ 24 40 114 118 125 147 231 247 ]
76: [ 67 68 80 121 158 188 218 ]
77: [ 14 17 41 115 151 162 176 186 195 216 217 ]
78: [ 25 40 59 97 127 137 140 149 151 159 163 169 178 209 235 242 ]
79: [ 15 17 20 22 30 36 47 53 62 73 104 120 123 128 168 172 178 189 197 204 209 231 248 ]
80: [ 9 30 39 45 55 56 74 76 89 92 127 130 131 141 146 162 178 230 ]
81: [ 44 45 63 70 82 85 87 102 117 119 120 123 128 133 146 152 161 182 188 198 212 218 220 222 ]
82: [ 8 21 37 42 51 57 81 102 111 151 154 158 168 209 210 213 217 223 231 232 238 ]
83: [ 20 27 30 34 36 39 53 108 117 125 152 153 180 191 196 200 226 231 232 236 246 ]
84: [ 45 55 97 103 121 124 170 174 222 237 ]
85: [ 22 28 41 58 65 81 106 109 121 128 130 140 174 187 198 212 218 232 234 ]
86: [ 34 70 94 150 155 191 203 ]
87: [ 1 13 18 22 39 52 55 81 104 107 109 116 125 169 178 191 198 215 241 ]
88: [ 17 18 24 31 37 52 63 97 104 113 132 138 145 147 151 168 170 185 188 189 227 240 247 ]
89: [ 47 52 55 64 68 80 105 109 111 137 172 186 196 211 237 ]
90: [ 18 26 58 97 105 109 112 117 122 123 152 162 ]
91: [ 24 47 96 105 108 112 126 138 148 205 237 247 ]
92: [ 11 15 32 33 52 80 94 127 138 139 148 151 160 161 164 176 178 ]
93: [ 1 4 9 21 39 43 45 49 94 109 122 136 161 164 176 180 197 200 210 213 ]
94: [ 4 45 48 55 57 72 73 86 92 93 112 128 139 155 167 168 191 196 207 213 225 229 235 239 ]
95: [ 16 39 53 60 100 125 145 179 189 220 247 248 ]
96: [ 13 24 38 62 91 100 107 110 146 176 193 199 222 232 236 ]
97: [ 44 46 64 78 84 88 90 100 108 114 123 143 153 154 172 180 228 ]
98: [ 54 157 171 227 228 ]
99: [ 22 52 67 104 105 116 147 171 174 227 ]
100: [ 11 16 34 44 55 57 60 67 95 96 97 106 125 129 133 148 169 176 204 249 ]
101: [ 45 57 58 72 111 113 123 161 171 197 215 249 ]
102: [ 18 30 81 82 118 151 219 230 236 ]
103: [ 84 107 114 143 155 161 180 188 201 204 230 ]
104: [ 1 3 12 33 47 79 87 88 99 113 121 134 135 185 196 201 221 227 232 241 246 250 ]
105: [ 1 5 18 22 26 41 43 53 54 89 90 91 99 139 142 147 155 174 188 194 215 237 241 ]
106: [ 2 5 13 17 85 100 125 140 173 188 221 233 ]
107: [ 39 60 63 64 71 87 96 103 118 133 136 140 146 158 164 178 194 197 211 228 235 ]
108: [ 4 32 53 83 91 97 140 156 163 202 229 241 ]
109: [ 8 15 19 23 37 49 57 74 85 87 89 90 93 114 118 139 174 193 209 219 230 233 247 ]
110: [ 4 22 42 62 96 125 137 144 162 197 ]
111: [ 1 31 38 40 73 82 89 101 127 150 160 174 189 208 236 ]
112: [ 22 37 90 91 94 116 123 176 195 196 250 ]
113: [ 5 24 33 53 88 101 104 117 119 120 128 152 156 167 200 226 239 242 ]
114: [ 16 27 47 57 75 97 103 109 138 143 146 156 162 167 183 209 246 ]
115: [ 13 15 42 45 77 136 150 158 165 233 249 ]
116: [ 16 24 31 34 53 57 62 67 87 99 112 136 144 153 159 164 169 195 204 222 226 241 ]
117: [ 7 15 18 19 27 56 65 68 81 83 90 113 138 151 158 161 173 207 211 215 221 246 247 ]
118: [ 14 29 47 58 63 64 75 102 107 109 121 123 146 166 180 182 193 202 206 245 248 ]
119: [ 12 19 35 40 54 69 70 81 113 122 132 137 159 174 188 215 249 ]
120: [ 14 31 32 34 49 55 79 81 113 139 164 165 178 192 212 222 231 ]
121: [ 4 13 29 38 52 58 62 63 64 76 84 85 104 118 161 185 204 206 208 222 234 241 245 250 ]
122: [ 5 20 90 93 119 144 165 175 190 217 ]
123: [ 21 29 61 79 81 90 97 101 112 118 147 164 172 183 190 211 242 ]
124: [ 17 52 84 168 172 190 241 ]
125: [ 5 13 29 53 60 75 83 87 95 100 106 110 128 141 165 168 169 174 177 181 206 224 228 ]
126: [ 65 91 138 172 198 217 235 ]
127: [ 11 17 43 62 78 80 92 111 131 157 160 171 175 200 237 246 248 ]
128: [ 4 8 22 28 46 47 57 79 81 85 94 113 125 131 165 179 192 194 ]
129: [ 1 16 59 61 63 100 145 154 221 ]
130: [ 19 29 72 80 85 165 188 228 247 ]
131: [ 17 30 39 49 80 127 128 138 198 204 205 236 237 ]
132: [ 4 39 47 88 119 155 163 168 197 231 233 249 ]
133: [ 3 5 14 23 27 37 54 81 100 107 144 145 151 167 185 197 210 ]
134: [ 4 20 42 69 104 147 155 177 208 226 ]
135: [ 13 46 49 104 152 198 245 ]
136: [ 22 55 67 93 107 115 116 151 169 174 215 224 233 241 ]
137: [ 5 13 14 26 43 45 67 78 89 110 119 146 153 167 223 226 227 238 240 247 248 ]
138: [ 16 31 32 41 62 73 88 91 92 114 117 126 131 140 149 154 161 164 170 177 189 203 217 223 230 246 ]
139: [ 23 44 65 69 92 94 105 109 120 150 238 239 ]
140: [ 21 30 59 68 78 85 106 107 108 138 144 164 179 185 198 228 248 250 ]
141: [ 6 12 24 28 37 47 80 125 167 177 180 194 200 203 213 224 248 ]
142: [ 14 27 69 105 150 161 170 173 196 ]
143: [ 14 21 26 32 48 52 53 64 71 97 103 114 144 163 165 213 214 223 231 247 ]
144: [ 11 12 49 54 62 110 116 122 133 140 143 226 237 ]
145: [ 13 65 69 88 95 129 133 ]
146: [ 22 30 32 37 39 80 81 96 107 114 118 137 162 183 192 230 236 238 241 246 ]
147: [ 5 7 26 36 45 53 75 88 99 105 123 134 163 165 167 178 206 216 217 228 243 ]
148: [ 1 54 59 71 91 92 100 189 225 238 249 ]
149: [ 24 56 60 61 78 138 165 168 189 191 192 205 211 ]
150: [ 11 22 57 86 111 115 139 142 173 194 225 227 245 ]
151: [ 32 39 56 71 77 78 82 88 92 102 117 133 136 167 174 199 214 228 ]
152: [ 2 38 43 81 83 90 113 135 180 185 189 197 199 247 248 249 ]
153: [ 25 52 62 83 97 116 137 156 161 169 176 177 178 180 194 209 218 225 226 228 229 ]
154: [ 16 82 97 129 138 158 163 211 234 246 ]
155: [ 3 24 73 86 94 103 105 132 134 156 175 177 184 191 197 199 217 230 237 239 242 243 ]
156: [ 18 22 38 64 108 113 114 153 155 160 164 178 194 221 ]
157: [ 53 63 98 127 232 ]
158: [ 71 76 82 107 115 117 154 174 191 198 ]
159: [ 78 116 119 180 186 204 232 ]
160: [ 11 19 25 48 57 92 111 127 156 174 181 188 215 221 ]
161: [ 1 22 25 81 92 93 101 103 117 121 138 142 153 168 189 204 217 218 233 237 241 ]
162: [ 9 13 21 23 40 44 77 80 90 110 114 146 176 180 191 234 ]
163: [ 10 14 18 19 37 49 59 60 78 108 132 143 147 154 189 238 240 246 249 ]
164: [ 22 26 35 40 47 63 65 92 93 107 116 120 123 138 140 156 179 198 203 207 247 249 ]
165: [ 36 52 57 58 59 115 120 122 125 128 130 143 147 149 176 179 188 220 222 224 231 ]
166: [ 27 118 168 ]
167: [ 3 6 14 19 32 63 94 113 114 133 137 141 147 151 174 206 230 236 ]
168: [ 32 36 66 79 82 88 94 124 125 132 149 161 166 172 192 197 207 208 218 224 ]
169: [ 5 21 78 87 100 116 125 136 153 181 196 203 206 232 ]
170: [ 10 16 21 36 47 51 84 88 138 142 172 182 189 213 215 226 243 245 ]
171: [ 17 40 98 99 101 127 184 192 ]
172: [ 4 10 28 30 79 89 97 123 124 126 168 170 175 180 212 228 ]
173: [ 40 44 66 69 106 117 142 150 176 189 208 224 225 ]
174: [ 15 23 37 43 53 63 84 85 99 105 109 111 119 125 136 151 158 160 167 200 203 214 216 225 226 228 230 233 ]
175: [ 8 16 55 58 66 122 127 155 172 185 208 211 246 ]
176: [ 3 9 21 42 77 92 93 96 100 112 153 162 165 173 181 200 208 210 222 231 234 236 ]
177: [ 23 25 47 52 67 125 134 138 141 153 155 204 214 224 231 ]
178: [ 12 48 78 79 80 87 92 107 120 147 153 156 197 219 247 ]
179: [ 47 57 95 128 140 164 165 213 234 238 ]
180: [ 49 65 83 93 97 103 118 141 152 153 159 162 172 223 233 239 247 249 ]
181: [ 16 17 20 31 43 47 125 160 169 176 200 214 236 248 ]
182: [ 81 118 170 194 238 ]
183: [ 12 53 114 123 146 ]
184: [ 26 155 171 213 224 228 236 ]
185: [ 21 56 88 104 121 133 140 152 175 187 203 ]
186: [ 15 47 54 77 89 159 214 230 249 ]
187: [ 21 30 37 55 85 185 ]
188: [ 13 15 23 51 53 64 72 76 81 88 103 105 106 119 130 160 165 190 193 229 ]
189: [ 2 6 15 21 56 58 79 88 95 111 138 148 149 152 161 163 170 173 196 199 211 226 ]
190: [ 35 42 67 122 123 124 188 215 224 232 ]
191: [ 11 18 26 28 31 32 43 57 83 86 87 94 149 155 158 162 193 216 221 236 ]
192: [ 53 70 120 128 146 149 168 171 236 ]
193: [ 5 34 68 96 109 118 188 191 198 210 226 ]
194: [ 15 33 46 54 105 107 128 141 150 153 156 182 212 214 217 ]
195: [ 31 60 66 77 112 116 202 235 ]
196: [ 1 2 16 23 30 55 63 83 89 94 104 112 142 169 189 226 230 234 236 ]
197: [ 22 25 53 60 79 93 101 107 110 132 133 152 155 168 178 206 230 233 249 ]
198: [ 9 21 31 60 81 85 87 126 131 135 140 158 164 193 ]
199: [ 7 61 74 96 151 152 155 189 207 219 250 ]
200: [ 6 15 34 49 51 83 93 113 127 141 174 176 181 202 215 224 226 248 249 ]
201: [ 25 47 55 103 104 250 ]
202: [ 18 24 29 30 108 118 195 200 213 225 ]
203: [ 13 19 26 86 138 141 164 169 174 185 207 236 ]
204: [ 16 24 44 50 71 74 79 100 103 116 121 131 159 161 177 240 248 ]
205: [ 8 12 91 131 149 233 ]
206: [ 15 55 67 118 121 125 147 167 169 197 236 ]
207: [ 8 38 39 52 94 117 164 168 199 203 232 ]
208: [ 19 24 25 33 45 48 50 52 111 121 134 168 173 175 176 233 236 243 ]
209: [ 7 11 13 15 28 42 50 70 78 79 82 109 114 153 210 211 ]
210: [ 36 38 82 93 133 176 193 209 212 221 232 234 ]
211: [ 5 10 17 19 47 68 89 107 117 123 149 154 175 189 209 212 220 237 ]
212: [ 7 20 56 64 66 81 85 120 172 194 210 211 233 244 ]
213: [ 9 39 45 68 70 82 93 94 141 143 170 179 184 202 234 244 ]
214: [ 1 6 12 25 54 143 151 174 177 181 186 194 224 226 241 248 249 ]
215: [ 10 15 30 37 44 72 87 101 105 117 119 136 160 170 190 200 230 241 247 249 ]
216: [ 18 77 147 174 191 220 ]
217: [ 1 8 18 20 44 63 77 82 122 126 138 147 155 161 194 222 226 241 ]
218: [ 16 40 49 58 61 66 76 81 85 153 161 168 223 230 231 238 247 ]
219: [ 1 18 42 64 102 109 178 199 239 242 243 ]
220: [ 2 12 31 55 81 95 165 211 216 232 ]
221: [ 23 28 53 68 104 106 117 129 156 160 191 210 228 ]
222: [ 50 56 57 60 69 81 84 96 116 120 121 165 176 217 223 ]
223: [ 19 22 37 39 53 65 82 137 138 143 180 218 222 248 ]
224: [ 25 61 68 70 125 136 141 165 168 173 177 184 190 200 214 247 ]
225: [ 15 25 39 94 148 150 153 173 174 202 227 ]
226: [ 3 8 12 28 83 113 116 134 137 144 153 170 174 189 193 196 200 214 217 228 ]
227: [ 7 27 39 54 74 88 98 99 104 137 150 225 239 241 250 ]
228: [ 17 42 97 98 107 125 130 140 147 151 153 172 174 184 221 226 ]
229: [ 24 32 35 65 94 108 153 188 ]
230: [ 3 5 7 11 12 40 54 56 60 80 102 103 109 138 146 155 167 174 186 196 197 215 218 242 ]
231: [ 12 33 44 59 75 79 82 83 120 132 143 165 176 177 218 236 237 ]
232: [ 9 11 18 25 30 42 44 55 82 83 85 96 104 157 159 169 190 207 210 220 ]
233: [ 10 11 32 33 59 106 109 115 132 136 161 174 180 197 205 208 212 239 242 ]
234: [ 16 38 42 44 58 85 121 154 162 176 179 196 210 213 ]
235: [ 11 30 78 94 107 126 195 249 ]
236: [ 1 12 22 42 49 69 83 96 102 111 131 146 167 176 181 184 191 192 196 203 206 208 231 243 ]
237: [ 21 35 49 84 89 91 105 127 131 144 155 161 211 231 ]
238: [ 1 3 4 8 9 32 52 74 82 137 139 146 148 163 179 182 218 242 ]
239: [ 34 94 113 139 155 180 219 227 233 250 ]
240: [ 43 54 73 88 137 163 204 248 ]
241: [ 13 19 28 29 42 46 87 104 105 108 116 121 124 136 146 161 214 215 217 227 250 ]
242: [ 37 44 63 64 67 68 78 113 123 155 219 230 233 238 ]
243: [ 4 31 147 155 170 208 219 236 249 250 ]
244: [ 9 13 54 212 213 ]
245: [ 16 24 118 121 135 150 170 249 ]
246: [ 9 12 17 71 83 104 114 117 127 138 146 154 163 175 ]
247: [ 9 14 25 31 36 50 67 70 75 88 91 95 109 117 130 137 143 152 164 178 180 215 218 224 ]
248: [ 23 36 49 79 95 118 127 137 140 141 152 181 200 204 214 223 240 ]
249: [ 3 14 25 46 100 101 115 119 132 148 152 163 164 180 186 197 200 214 215 235 243 245 ]
250: [ 10 20 59 63 104 112 121 140 199 201 227 239 241 243 ]
