1: [ 11 19 23 40 52 64 80 94 119 173 180 194 198 200 250 ]
2: [ 10 24 60 101 104 139 177 178 209 223 239 242 243 245 ]
3: [ 4 15 18 56 57 61 105 110 113 117 120 122 134 135 164 166 167 177 188 192 200 216 231 242 246 250 ]
4: [ 3 21 23 47 55 73 115 125 141 149 157 196 205 207 216 219 227 244 245 ]
5: [ 15 45 62 85 119 131 135 148 169 174 181 228 231 238 ]
6: [ 15 23 34 36 38 41 44 67 75 79 85 87 88 91 101 139 186 189 216 221 232 249 ]
7: [ 46 61 75 77 92 113 134 154 167 244 249 ]
8: [ 35 40 48 50 64 89 97 102 128 154 174 192 202 207 208 236 ]
9: [ 19 38 47 54 89 97 147 165 168 170 172 185 187 191 217 239 ]
10: [ 2 25 26 27 37 43 54 58 79 92 121 133 145 191 192 199 208 225 233 236 242 ]
11: [ 1 14 28 35 49 70 110 111 156 180 213 218 250 ]
12: [ 42 48 49 51 100 127 191 195 201 221 230 234 ]
13: [ 14 20 35 37 41 48 70 71 78 86 97 126 151 164 223 241 ]
14: [ 11 13 24 33 54 63 64 67 82 109 111 120 133 136 154 156 200 235 242 244 ]
15: [ 3 5 6 26 32 38 41 42 44 62 96 106 118 119 133 150 162 178 189 ]
16: [ 33 34 42 82 91 100 114 126 168 198 221 223 232 ]
17: [ 30 78 85 108 124 225 ]
18: [ 3 44 50 80 101 112 116 194 199 216 225 233 241 ]
19: [ 1 9 29 42 54 60 75 77 90 97 108 114 123 153 167 192 225 230 243 248 ]
20: [ 13 29 55 68 90 92 104 105 123 134 175 190 192 195 198 224 230 ]
21: [ 4 32 49 69 76 89 105 107 108 112 134 136 145 166 167 170 177 179 190 218 243 ]
22: [ 41 50 54 63 65 77 87 97 101 108 113 121 134 167 204 216 224 244 ]
23: [ 1 4 6 37 62 63 89 103 106 115 125 126 144 150 176 180 189 194 207 218 236 237 239 242 ]
24: [ 2 14 30 34 55 76 106 119 154 176 177 184 199 217 226 229 231 234 235 241 246 248 ]
25: [ 10 26 46 89 97 111 200 212 231 245 ]
26: [ 10 15 25 44 61 62 66 80 81 87 112 114 126 144 189 219 224 229 ]
27: [ 10 110 139 216 222 ]
28: [ 11 31 102 116 142 147 172 173 183 230 ]
29: [ 19 20 34 62 98 103 107 120 133 153 163 178 192 217 222 228 233 238 ]
30: [ 17 24 45 54 76 78 112 124 156 162 163 170 180 227 240 248 ]
31: [ 28 45 76 93 103 104 114 148 169 180 189 208 224 229 ]
32: [ 15 21 33 49 56 65 66 67 70 76 83 90 113 120 138 143 145 147 180 209 217 220 235 236 244 ]
33: [ 14 16 32 35 58 63 81 121 127 146 148 152 160 167 177 213 215 227 231 247 248 ]
34: [ 6 16 24 29 45 47 66 78 99 100 106 115 124 166 176 195 215 244 248 ]
35: [ 8 11 13 33 40 45 52 61 65 82 103 108 117 119 121 126 150 180 240 248 ]
36: [ 6 90 96 113 131 171 204 240 ]
37: [ 10 13 23 61 62 78 115 124 161 185 198 226 ]
38: [ 6 9 15 54 66 68 69 90 93 106 114 127 131 133 174 193 202 211 212 223 235 240 242 248 ]
39: [ 50 62 84 102 152 164 170 173 215 245 ]
40: [ 1 8 35 45 47 49 54 64 66 78 81 92 116 120 131 135 153 163 191 212 219 223 226 232 235 ]
41: [ 6 13 15 22 66 70 77 101 120 123 150 164 188 211 241 247 ]
42: [ 12 15 16 19 45 49 56 62 74 104 137 145 189 222 224 231 233 236 ]
43: [ 10 55 67 86 118 144 150 154 155 185 201 204 230 235 ]
44: [ 6 15 18 26 54 55 82 84 85 97 117 120 130 132 139 159 164 170 180 181 249 ]
45: [ 5 30 31 34 35 40 42 64 116 124 128 147 161 167 218 241 ]
46: [ 7 25 48 64 79 96 104 107 116 130 217 227 ]
47: [ 4 9 34 40 52 53 63 76 102 104 110 120 126 134 136 211 234 241 249 ]
48: [ 8 12 13 46 67 77 82 100 115 130 140 163 211 229 236 249 250 ]
49: [ 11 12 21 32 40 42 54 73 86 89 96 97 99 101 106 108 133 134 135 140 161 167 170 180 181 ]
50: [ 8 18 22 39 60 103 104 122 140 143 153 167 186 199 207 212 231 235 242 247 ]
51: [ 12 76 79 84 116 177 178 ]
52: [ 1 35 47 53 93 120 139 146 161 178 184 221 249 ]
53: [ 47 52 66 104 106 120 126 139 152 169 178 209 239 243 244 245 ]
54: [ 9 10 14 19 22 30 38 40 44 49 99 111 118 124 158 164 168 171 174 175 196 233 246 247 ]
55: [ 4 20 24 43 44 58 68 110 117 122 126 144 171 178 208 230 243 ]
56: [ 3 32 42 92 96 99 128 133 135 140 144 153 174 198 213 234 241 244 ]
57: [ 3 80 95 97 99 166 167 168 211 215 216 217 240 242 ]
58: [ 10 33 55 63 73 102 104 131 146 161 169 185 187 188 199 224 225 233 235 240 ]
59: [ 70 99 100 146 167 185 190 ]
60: [ 2 19 50 244 ]
61: [ 3 7 26 35 37 67 84 89 93 100 106 125 127 133 136 141 148 161 164 177 182 219 244 ]
62: [ 5 15 23 26 29 37 39 42 63 78 84 95 104 119 124 134 159 168 205 211 216 239 243 246 ]
63: [ 14 22 23 33 47 58 62 83 97 100 105 112 127 140 160 169 177 196 219 221 234 250 ]
64: [ 1 8 14 40 45 46 89 90 93 100 102 127 129 146 148 159 165 166 173 196 233 241 248 ]
65: [ 22 32 35 106 154 174 202 214 226 234 235 249 250 ]
66: [ 26 32 34 38 40 41 53 100 131 141 152 169 174 180 240 248 ]
67: [ 6 14 32 43 48 61 85 112 140 148 164 195 208 217 234 247 ]
68: [ 20 38 55 91 111 127 134 151 164 182 189 197 ]
69: [ 21 38 126 151 154 161 171 211 ]
70: [ 11 13 32 41 59 143 174 182 187 206 213 234 247 ]
71: [ 13 74 82 87 118 170 189 213 234 236 250 ]
72: [ 134 140 151 178 211 ]
73: [ 4 49 58 86 105 130 161 167 193 204 220 226 227 ]
74: [ 42 71 85 102 103 105 111 126 137 147 158 163 172 204 206 210 229 ]
75: [ 6 7 19 119 131 146 156 162 171 174 178 205 211 220 231 235 ]
76: [ 21 24 30 31 32 47 51 84 103 114 116 160 166 168 175 200 202 ]
77: [ 7 19 22 41 48 82 87 93 97 139 170 175 220 230 231 245 250 ]
78: [ 13 17 30 34 37 40 62 130 143 144 169 173 193 212 234 242 ]
79: [ 6 10 46 51 90 142 194 210 235 237 ]
80: [ 1 18 26 57 105 120 124 127 142 148 215 221 ]
81: [ 26 33 40 83 133 152 167 ]
82: [ 14 16 35 44 48 71 77 86 142 146 147 149 202 204 209 230 235 237 242 243 247 ]
83: [ 32 63 81 105 124 126 135 169 208 218 220 227 239 ]
84: [ 39 44 51 61 62 76 96 130 141 170 178 191 213 224 225 235 237 ]
85: [ 5 6 17 44 67 74 86 97 130 131 146 187 200 206 230 241 243 245 ]
86: [ 13 43 49 73 82 85 89 99 110 120 128 196 200 201 226 250 ]
87: [ 6 22 26 71 77 91 119 123 124 168 184 227 235 244 ]
88: [ 6 90 120 136 146 218 225 229 234 249 ]
89: [ 8 9 21 23 25 49 61 64 86 103 111 125 131 143 165 171 176 195 227 243 245 ]
90: [ 19 20 32 36 38 64 79 88 122 137 139 151 160 176 216 217 237 ]
91: [ 6 16 68 87 92 93 101 119 125 133 141 143 150 154 167 171 175 231 ]
92: [ 7 10 20 40 56 91 104 148 174 ]
93: [ 31 38 52 61 64 77 91 99 116 122 152 154 170 173 176 189 199 217 ]
94: [ 1 97 101 151 199 241 ]
95: [ 57 62 152 161 206 210 ]
96: [ 15 36 46 49 56 84 97 106 116 125 126 130 154 192 209 214 221 231 245 ]
97: [ 8 9 13 19 22 25 44 49 57 63 77 85 94 96 126 134 152 159 167 184 198 232 ]
98: [ 29 176 193 225 226 230 237 244 ]
99: [ 34 49 54 56 57 59 86 93 103 146 166 171 183 231 ]
100: [ 12 16 34 48 59 61 63 64 66 105 106 125 164 173 179 182 202 204 212 223 243 ]
101: [ 2 6 18 22 41 49 91 94 130 134 143 150 160 166 170 213 217 218 ]
102: [ 8 28 39 47 58 64 74 135 156 157 170 195 197 220 229 234 249 ]
103: [ 23 29 31 35 50 74 76 89 99 116 147 179 189 216 221 222 226 241 ]
104: [ 2 20 31 42 46 47 50 53 58 62 92 105 109 129 132 143 162 176 215 219 243 244 ]
105: [ 3 20 21 63 73 74 80 83 100 104 113 114 139 164 183 194 207 217 224 225 244 245 248 ]
106: [ 15 23 24 34 38 49 53 61 65 96 100 110 178 233 ]
107: [ 21 29 46 114 116 124 133 149 154 195 231 ]
108: [ 17 19 21 22 35 49 145 156 171 210 247 ]
109: [ 14 104 120 121 158 161 170 ]
110: [ 3 11 27 47 55 86 106 131 137 139 145 154 166 183 186 197 208 221 232 245 249 ]
111: [ 11 14 25 54 68 74 89 115 121 125 130 165 170 178 180 187 199 210 ]
112: [ 18 21 26 30 63 67 113 143 175 ]
113: [ 3 7 22 32 36 105 112 146 167 207 218 223 229 231 233 235 241 248 ]
114: [ 16 19 26 31 38 76 105 107 135 141 143 156 177 191 195 196 197 249 ]
115: [ 4 23 34 37 48 111 119 121 127 148 152 165 168 177 190 195 221 246 ]
116: [ 18 28 40 45 46 51 76 93 96 103 107 126 152 154 158 173 180 181 182 189 192 208 221 244 248 ]
117: [ 3 35 44 55 128 134 138 142 153 160 167 172 183 187 194 199 207 211 235 238 ]
118: [ 15 43 54 71 127 138 145 146 170 177 185 196 200 220 222 237 250 ]
119: [ 1 5 15 24 35 62 75 87 91 115 124 126 145 153 166 170 174 176 201 209 248 ]
120: [ 3 14 29 32 40 41 44 47 52 53 80 86 88 109 148 151 173 175 177 207 217 228 243 248 ]
121: [ 10 22 33 35 109 111 115 122 124 143 148 158 173 177 194 202 214 216 231 245 ]
122: [ 3 50 55 90 93 121 148 149 159 161 167 171 211 212 218 231 237 241 ]
123: [ 19 20 41 87 133 143 161 175 196 198 248 ]
124: [ 17 30 34 37 45 54 62 80 83 87 107 119 121 133 164 188 189 199 221 224 228 230 ]
125: [ 4 23 61 89 91 96 100 111 133 182 197 218 ]
126: [ 13 16 23 26 35 47 53 55 69 74 83 96 97 116 119 130 131 136 146 169 170 176 194 210 214 217 218 235 245 ]
127: [ 12 33 38 61 63 64 68 80 115 118 129 141 158 169 180 202 206 243 ]
128: [ 8 45 56 86 117 152 229 ]
129: [ 64 104 127 148 172 173 183 202 221 236 248 ]
130: [ 44 46 48 73 78 84 85 96 101 111 126 131 142 143 145 152 177 213 218 225 ]
131: [ 5 36 38 40 58 66 75 85 89 110 126 130 190 213 224 228 234 247 ]
132: [ 44 104 177 206 ]
133: [ 10 14 15 29 38 49 56 61 81 91 107 123 124 125 177 211 216 247 ]
134: [ 3 7 20 21 22 47 49 62 68 72 97 101 117 140 159 165 195 200 234 236 237 ]
135: [ 3 5 40 49 56 83 102 114 148 152 171 183 247 ]
136: [ 14 21 47 61 88 126 159 168 172 234 235 ]
137: [ 42 74 90 110 142 176 208 219 220 248 250 ]
138: [ 32 117 118 171 173 195 243 246 ]
139: [ 2 6 27 44 52 53 77 90 105 110 140 152 163 203 206 208 235 ]
140: [ 48 49 50 56 63 67 72 134 139 178 ]
141: [ 4 61 66 84 91 114 127 156 161 174 206 217 237 ]
142: [ 28 79 80 82 117 130 137 156 160 172 181 182 193 231 242 246 247 ]
143: [ 32 50 70 78 89 91 101 104 112 114 121 123 130 183 200 212 223 224 225 234 242 249 ]
144: [ 23 26 43 55 56 78 148 150 174 237 ]
145: [ 10 21 32 42 108 110 118 119 130 157 158 172 177 216 242 ]
146: [ 33 52 58 59 64 75 82 85 88 99 113 118 126 176 191 216 230 238 243 ]
147: [ 9 28 32 45 74 82 103 174 177 216 217 ]
148: [ 5 31 33 61 64 67 80 92 115 120 121 122 129 135 144 191 207 221 226 237 249 ]
149: [ 4 82 107 122 161 ]
150: [ 15 23 35 41 43 91 101 144 153 166 175 178 183 188 200 204 206 224 ]
151: [ 13 68 69 72 90 94 120 152 169 178 188 213 225 244 ]
152: [ 33 39 53 66 81 93 95 97 115 116 128 130 135 139 151 197 226 233 241 242 249 ]
153: [ 19 29 40 50 56 117 119 150 165 171 182 205 206 222 244 ]
154: [ 7 8 14 24 43 65 69 91 93 96 107 110 116 175 196 232 237 ]
155: [ 43 156 161 168 209 ]
156: [ 11 14 30 75 102 108 114 141 142 155 160 162 163 189 224 228 240 250 ]
157: [ 4 102 145 168 247 248 ]
158: [ 54 74 109 116 121 127 145 198 200 218 250 ]
159: [ 44 62 64 97 122 134 136 163 177 186 189 190 204 207 217 218 224 234 236 241 ]
160: [ 33 63 76 90 101 117 142 156 185 205 206 209 210 233 ]
161: [ 37 45 49 52 58 61 69 73 95 109 122 123 141 149 155 172 184 226 235 237 238 249 ]
162: [ 15 30 75 104 156 169 206 223 231 233 ]
163: [ 29 30 40 48 74 139 156 159 170 219 224 236 240 244 246 ]
164: [ 3 13 39 41 44 54 61 67 68 100 105 124 181 204 211 217 218 230 ]
165: [ 9 64 89 111 115 134 153 180 200 222 236 ]
166: [ 3 21 34 57 64 76 99 101 110 119 150 167 228 236 ]
167: [ 3 7 19 21 22 33 45 49 50 57 59 73 81 91 97 113 117 122 166 173 205 228 ]
168: [ 9 16 54 57 62 76 87 115 136 155 157 180 181 197 225 230 231 242 ]
169: [ 5 31 53 58 63 66 78 83 126 127 151 162 170 171 195 233 236 ]
170: [ 9 21 30 39 44 49 71 77 84 93 101 102 109 111 118 119 126 163 169 224 246 ]
171: [ 36 54 55 69 75 89 91 99 108 122 135 138 153 169 182 191 204 206 242 249 ]
172: [ 9 28 74 117 129 136 142 145 161 199 212 224 242 246 ]
173: [ 1 28 39 64 78 93 100 116 120 121 129 138 167 175 223 242 248 ]
174: [ 5 8 38 54 56 65 66 70 75 92 119 141 144 147 176 177 184 222 226 230 ]
175: [ 20 54 76 77 91 112 120 123 150 154 173 222 236 242 ]
176: [ 23 24 34 89 90 93 98 104 119 126 137 146 174 240 ]
177: [ 2 3 21 24 33 51 61 63 114 115 118 120 121 130 132 133 145 147 159 174 179 180 198 227 239 249 250 ]
178: [ 2 15 29 51 52 53 55 72 75 84 106 111 140 150 151 207 216 221 222 224 234 236 ]
179: [ 21 100 103 177 191 227 ]
180: [ 1 11 23 30 31 32 35 44 49 66 111 116 127 165 168 177 197 207 231 233 ]
181: [ 5 44 49 116 142 164 168 200 216 223 244 ]
182: [ 61 68 70 100 116 125 142 153 171 204 212 216 220 236 ]
183: [ 28 99 105 110 117 129 135 143 150 221 227 247 ]
184: [ 24 52 87 97 161 174 222 229 ]
185: [ 9 37 43 58 59 118 160 197 203 224 226 237 238 ]
186: [ 6 50 110 159 196 213 238 ]
187: [ 9 58 70 85 111 117 202 211 223 231 ]
188: [ 3 41 58 124 150 151 221 248 ]
189: [ 6 15 23 26 31 42 68 71 93 103 116 124 156 159 198 199 230 249 ]
190: [ 20 21 59 115 131 159 216 250 ]
191: [ 9 10 12 40 84 114 146 148 171 179 204 221 242 249 ]
192: [ 3 8 10 19 20 29 96 116 211 ]
193: [ 38 73 78 98 142 212 ]
194: [ 1 18 23 79 105 117 121 126 224 245 ]
195: [ 12 20 34 67 89 102 107 114 115 134 138 169 199 200 219 231 241 ]
196: [ 4 54 63 64 86 114 118 123 154 186 226 229 249 ]
197: [ 68 102 110 114 125 152 168 180 185 221 225 245 ]
198: [ 1 16 20 37 56 97 123 158 177 189 214 234 241 ]
199: [ 10 18 24 50 58 93 94 111 117 124 172 189 195 214 215 220 224 226 229 231 247 ]
200: [ 1 3 14 25 76 85 86 118 134 143 150 158 165 181 195 214 222 235 ]
201: [ 12 43 86 119 ]
202: [ 8 38 65 76 82 100 121 127 129 187 216 244 249 ]
203: [ 139 185 212 230 ]
204: [ 22 36 43 73 74 82 100 150 159 164 171 182 191 215 224 227 233 ]
205: [ 4 62 75 153 160 167 247 ]
206: [ 70 74 85 95 127 132 139 141 150 153 160 162 171 212 224 225 238 ]
207: [ 4 8 23 50 105 113 117 120 148 159 178 180 227 230 ]
208: [ 8 10 31 55 67 83 110 116 137 139 213 231 247 ]
209: [ 2 32 53 82 96 119 155 160 229 ]
210: [ 74 79 95 108 111 126 160 218 220 231 237 ]
211: [ 38 41 47 48 57 62 69 72 75 117 122 133 164 187 192 219 250 ]
212: [ 25 38 40 50 78 100 122 143 172 182 193 203 206 222 226 227 237 239 248 ]
213: [ 11 33 56 70 71 84 101 130 131 151 186 208 ]
214: [ 65 96 121 126 198 199 200 226 240 247 248 249 ]
215: [ 33 34 39 57 80 104 199 204 ]
216: [ 3 4 6 18 22 27 57 62 90 103 121 133 145 146 147 178 181 182 190 202 222 223 239 242 ]
217: [ 9 24 29 32 46 57 67 90 93 101 105 120 126 141 147 159 164 219 238 ]
218: [ 11 21 23 45 83 88 101 113 122 125 126 130 158 159 164 210 228 232 ]
219: [ 4 26 40 61 63 104 137 163 195 211 217 220 ]
220: [ 32 73 75 77 83 102 118 137 182 199 210 219 250 ]
221: [ 6 12 16 52 63 80 96 103 110 115 116 124 129 148 178 183 188 191 197 237 ]
222: [ 27 29 42 103 118 153 165 174 175 178 184 200 212 216 ]
223: [ 2 13 16 38 40 100 113 143 162 173 181 187 216 238 ]
224: [ 20 22 26 31 42 58 84 105 124 131 143 150 156 159 163 170 172 178 185 194 199 204 206 231 237 ]
225: [ 10 17 18 19 58 84 88 98 105 130 143 151 168 197 206 231 235 242 244 248 ]
226: [ 24 37 40 65 73 86 98 103 148 152 161 174 185 196 199 212 214 230 ]
227: [ 4 30 33 46 73 83 87 89 177 179 183 204 207 212 234 240 241 ]
228: [ 5 29 120 124 131 156 166 167 218 ]
229: [ 24 26 31 48 74 88 102 113 128 184 196 199 209 235 243 ]
230: [ 12 19 20 28 43 55 77 82 85 98 124 146 164 168 174 189 203 207 226 243 ]
231: [ 3 5 24 25 33 42 50 75 77 91 96 99 107 113 121 122 142 162 168 180 187 195 199 208 210 224 225 ]
232: [ 6 16 40 97 110 154 218 ]
233: [ 10 18 29 42 54 58 64 106 113 152 160 162 169 180 204 244 ]
234: [ 12 24 47 56 63 65 67 70 71 78 88 102 131 134 136 143 159 178 198 227 ]
235: [ 14 24 32 38 40 43 50 58 65 75 79 82 84 87 113 117 126 136 139 161 200 225 229 236 240 ]
236: [ 8 10 23 32 42 48 71 129 134 159 163 165 166 169 175 178 182 235 244 248 ]
237: [ 23 79 82 84 90 98 118 122 134 141 144 148 154 161 185 210 212 221 224 ]
238: [ 5 29 117 146 161 185 186 206 217 223 ]
239: [ 2 9 23 53 62 83 177 212 216 243 ]
240: [ 30 35 36 38 57 58 66 156 163 176 214 227 235 ]
241: [ 13 18 24 41 45 47 56 64 85 94 103 113 122 152 159 195 198 227 ]
242: [ 2 3 10 14 23 38 50 57 78 82 142 143 145 152 168 171 172 173 175 191 216 225 ]
243: [ 2 19 21 53 55 62 82 85 89 100 104 120 127 138 146 229 230 239 ]
244: [ 4 7 14 22 32 34 53 56 60 61 87 98 104 105 116 151 153 163 181 202 225 233 236 245 250 ]
245: [ 2 4 25 39 53 77 85 89 96 105 110 121 126 194 197 244 ]
246: [ 3 24 54 62 115 138 142 163 170 172 ]
247: [ 33 41 50 54 67 70 82 108 131 133 135 142 157 183 199 205 208 214 ]
248: [ 19 24 30 33 34 35 38 64 66 105 113 116 119 120 123 129 137 157 173 188 212 214 225 236 249 ]
249: [ 6 7 44 47 48 52 65 88 102 110 114 143 148 152 161 171 177 189 191 196 202 214 248 ]
250: [ 1 3 11 48 63 65 71 77 86 118 137 156 158 177 190 211 220 244 ]
