1: [ 21 73 78 126 138 181 193 196 249 ]
2: [ 6 9 31 48 62 69 76 94 107 154 172 180 185 189 205 234 235 ]
3: [ 31 32 62 91 113 122 138 147 154 169 204 240 ]
4: [ 15 28 47 69 70 101 102 106 108 110 130 133 148 153 154 160 170 176 182 186 199 223 228 232 ]
5: [ 11 23 24 27 55 110 112 122 148 191 193 194 203 236 239 ]
6: [ 2 17 42 53 57 73 75 78 121 125 136 143 144 166 168 170 175 196 209 246 ]
7: [ 16 18 46 55 120 185 233 244 ]
8: [ 25 32 33 34 48 62 75 79 90 95 103 120 123 136 139 151 159 161 167 171 221 223 228 230 ]
9: [ 2 27 28 34 48 104 105 159 162 185 209 231 248 ]
10: [ 24 70 112 126 198 199 208 225 ]
11: [ 5 42 103 108 122 148 174 193 206 ]
12: [ 105 142 172 233 234 240 ]
13: [ 61 141 162 165 195 232 237 ]
14: [ 59 154 198 201 240 ]
15: [ 4 23 30 34 36 51 71 80 85 113 129 148 163 173 175 188 217 232 235 242 ]
16: [ 7 47 59 86 89 109 113 123 136 144 166 175 201 225 230 ]
17: [ 6 20 25 29 31 43 46 47 52 69 99 101 113 138 169 189 209 211 217 227 239 244 247 ]
18: [ 7 28 55 132 145 174 228 236 ]
19: [ 25 28 51 70 126 140 190 194 198 236 ]
20: [ 17 41 42 68 80 86 117 119 120 137 198 199 222 233 ]
21: [ 1 34 64 65 91 104 122 129 131 135 150 151 181 202 214 222 242 250 ]
22: [ 31 55 59 88 115 154 157 189 196 197 199 223 229 ]
23: [ 5 15 38 59 107 110 131 178 196 212 213 228 ]
24: [ 5 10 46 49 52 57 67 71 83 105 124 139 140 143 156 160 165 184 221 230 236 240 ]
25: [ 8 17 19 41 84 93 100 106 113 125 127 138 157 163 173 182 194 202 208 217 218 239 242 ]
26: [ 27 60 106 110 130 136 144 163 165 169 173 217 222 224 233 ]
27: [ 5 9 26 30 36 45 68 76 78 81 84 104 105 119 123 124 136 192 196 198 199 200 241 ]
28: [ 4 9 18 19 30 93 94 100 109 122 132 137 142 158 161 193 202 204 225 233 241 ]
29: [ 17 59 61 105 117 126 134 154 159 164 174 175 190 193 198 ]
30: [ 15 27 28 43 76 77 100 112 115 121 132 157 165 185 221 222 223 247 248 ]
31: [ 2 3 17 22 37 58 73 95 104 113 120 154 173 207 220 ]
32: [ 3 8 82 112 163 171 200 ]
33: [ 8 34 78 101 113 167 192 197 200 224 247 ]
34: [ 8 9 15 21 33 46 55 64 66 105 107 125 138 148 154 159 185 212 216 217 247 248 ]
35: [ 40 49 193 197 202 223 ]
36: [ 15 27 66 91 95 102 105 154 155 162 174 197 232 ]
37: [ 31 39 48 59 88 102 103 109 131 134 155 164 171 176 181 202 207 219 221 249 ]
38: [ 23 42 46 123 136 156 166 169 171 177 187 191 194 205 235 ]
39: [ 37 45 57 58 66 72 101 136 139 167 168 170 188 213 223 224 ]
40: [ 35 48 59 80 86 90 111 114 121 125 128 142 143 146 154 163 167 197 203 207 213 225 228 ]
41: [ 20 25 46 54 57 72 129 132 164 191 ]
42: [ 6 11 20 38 45 78 106 111 143 147 156 174 205 222 227 ]
43: [ 17 30 52 82 124 136 140 145 149 193 219 222 ]
44: [ 57 75 76 169 202 ]
45: [ 27 39 42 62 64 126 130 185 191 ]
46: [ 7 17 24 34 38 41 73 93 108 116 139 140 145 180 220 250 ]
47: [ 4 16 17 82 107 113 137 160 164 199 206 207 225 226 231 232 ]
48: [ 2 8 9 37 40 75 88 118 138 159 166 168 190 237 242 ]
49: [ 24 35 98 112 134 181 ]
50: [ 53 95 110 126 185 ]
51: [ 15 19 71 101 121 154 157 176 238 250 ]
52: [ 17 24 43 56 62 106 108 123 132 160 181 186 190 195 205 208 209 217 236 239 245 ]
53: [ 6 50 64 92 95 100 103 106 122 149 151 155 175 183 193 211 215 220 229 ]
54: [ 41 114 131 132 135 144 165 179 214 ]
55: [ 5 7 18 22 34 64 100 102 122 175 197 241 245 ]
56: [ 52 70 98 111 129 147 174 186 199 208 236 ]
57: [ 6 24 39 41 44 62 69 81 85 91 92 99 102 110 126 130 137 143 147 148 151 159 174 200 205 232 234 ]
58: [ 31 39 70 84 118 135 137 143 148 158 159 176 198 206 210 217 230 239 ]
59: [ 14 16 22 23 29 37 40 75 81 110 144 174 177 191 197 211 220 233 250 ]
60: [ 26 75 105 187 230 ]
61: [ 13 29 100 104 134 138 142 159 162 184 205 234 239 ]
62: [ 2 3 8 45 52 57 75 93 113 114 115 129 155 165 168 184 195 198 221 224 232 235 ]
63: [ 167 168 206 207 209 244 ]
64: [ 21 34 45 53 55 80 82 105 106 114 124 128 132 138 149 153 163 173 182 218 239 ]
65: [ 21 113 136 171 198 201 217 234 242 ]
66: [ 34 36 39 84 145 162 164 168 171 175 181 201 206 207 212 226 ]
67: [ 24 90 96 99 122 138 141 153 167 181 186 209 230 236 242 247 ]
68: [ 20 27 101 105 160 172 222 224 225 230 231 ]
69: [ 2 4 17 57 71 105 113 123 129 132 145 146 157 160 163 174 183 207 212 214 ]
70: [ 4 10 19 56 58 86 91 93 98 103 107 139 144 146 162 163 168 229 239 241 246 247 ]
71: [ 15 24 51 69 75 80 89 99 110 121 150 162 178 197 200 204 207 234 238 250 ]
72: [ 39 41 110 113 143 171 181 182 195 212 214 ]
73: [ 1 6 31 46 87 115 122 125 131 136 155 188 194 230 240 243 ]
74: [ 98 131 136 148 175 204 222 ]
75: [ 6 8 44 48 59 60 62 71 84 100 131 146 152 172 194 250 ]
76: [ 2 27 30 44 138 157 163 169 174 180 184 197 204 216 249 ]
77: [ 30 79 106 143 147 150 155 159 170 175 176 189 197 214 235 ]
78: [ 1 6 27 33 42 79 81 123 136 151 153 156 189 212 213 243 247 ]
79: [ 8 77 78 94 124 146 164 168 175 183 201 209 238 ]
80: [ 15 20 40 64 71 102 110 111 126 137 142 157 176 189 212 221 222 ]
81: [ 27 57 59 78 101 111 112 123 124 134 187 225 234 ]
82: [ 32 43 47 64 94 99 124 125 150 159 195 247 ]
83: [ 24 100 109 111 112 126 149 189 193 240 ]
84: [ 25 27 58 66 75 104 111 113 123 129 134 155 167 177 181 185 201 210 215 221 236 243 ]
85: [ 15 57 102 129 130 147 167 190 216 217 236 239 ]
86: [ 16 20 40 70 87 90 122 139 145 146 148 154 159 190 198 214 219 241 245 ]
87: [ 73 86 90 106 117 135 142 157 161 165 167 168 181 212 227 245 ]
88: [ 22 37 48 123 132 174 202 ]
89: [ 16 71 106 110 155 176 208 214 233 ]
90: [ 8 40 67 86 87 110 111 130 149 169 180 205 214 218 223 ]
91: [ 3 21 36 57 70 112 113 134 136 155 164 167 180 188 191 193 203 209 211 212 226 ]
92: [ 53 57 99 100 120 128 173 179 ]
93: [ 25 28 46 62 70 132 136 159 163 171 175 180 184 232 237 246 247 ]
94: [ 2 28 79 82 115 125 169 243 ]
95: [ 8 31 36 50 53 125 ]
96: [ 67 145 165 ]
97: [ 144 173 192 205 206 ]
98: [ 49 56 70 74 100 131 171 181 183 200 245 247 ]
99: [ 17 57 67 71 82 92 101 120 124 138 170 182 200 203 212 234 239 ]
100: [ 25 28 30 53 55 61 75 83 92 98 119 129 130 168 170 173 194 199 212 217 219 221 225 238 244 ]
101: [ 4 17 33 39 51 68 81 99 106 122 125 133 140 162 182 243 ]
102: [ 4 36 37 55 57 80 85 107 115 117 146 148 150 ]
103: [ 8 11 37 53 70 145 214 ]
104: [ 9 21 27 31 61 84 108 149 219 233 ]
105: [ 9 12 24 27 29 34 36 60 64 68 69 121 124 137 146 156 168 183 184 198 203 234 ]
106: [ 4 25 26 42 52 53 64 77 87 89 101 113 194 197 231 249 ]
107: [ 2 23 34 47 70 102 119 125 130 148 150 165 166 167 192 233 ]
108: [ 4 11 46 52 104 114 129 132 145 149 177 188 205 212 228 ]
109: [ 16 28 37 83 125 147 156 197 198 200 ]
110: [ 4 5 23 26 50 57 59 71 72 80 89 90 132 157 169 187 192 195 200 207 222 234 ]
111: [ 40 42 56 80 81 83 84 90 113 144 181 199 234 ]
112: [ 5 10 30 32 49 81 83 91 139 182 188 198 219 223 227 228 230 236 239 242 ]
113: [ 3 15 16 17 25 31 33 47 62 65 69 72 84 91 106 111 117 130 153 177 185 197 201 225 239 ]
114: [ 40 54 62 64 108 140 174 182 186 191 249 ]
115: [ 22 30 62 73 94 102 145 158 171 174 180 199 230 237 ]
116: [ 46 186 209 214 ]
117: [ 20 29 87 102 113 125 129 136 142 143 149 179 183 192 198 206 207 209 210 214 218 222 241 ]
118: [ 48 58 146 185 196 230 236 249 ]
119: [ 20 27 100 107 175 206 245 247 ]
120: [ 7 8 20 31 92 99 131 144 199 217 ]
121: [ 6 30 40 51 71 105 158 159 183 186 196 200 248 ]
122: [ 3 5 11 21 28 53 55 67 73 86 101 131 135 146 156 160 170 179 183 186 195 227 234 ]
123: [ 8 16 27 38 52 69 78 81 84 88 136 141 181 190 221 ]
124: [ 24 27 43 64 79 81 82 99 105 129 139 143 150 160 170 206 210 224 230 234 235 ]
125: [ 6 25 34 40 73 82 94 95 101 107 109 117 237 238 248 ]
126: [ 1 10 19 29 45 50 57 80 83 188 196 202 210 214 219 225 231 236 ]
127: [ 25 143 168 206 212 230 235 240 ]
128: [ 40 64 92 159 186 191 211 223 231 ]
129: [ 15 21 41 56 62 69 84 85 100 108 117 124 141 147 153 169 172 184 187 199 220 221 230 249 ]
130: [ 4 26 45 57 85 90 100 107 113 174 187 213 215 230 236 238 ]
131: [ 21 23 37 54 73 74 75 98 120 122 139 151 171 177 197 199 202 204 215 220 222 236 237 ]
132: [ 18 28 30 41 52 54 64 69 88 93 108 110 165 171 175 182 186 216 223 227 236 243 249 ]
133: [ 4 101 136 142 150 208 210 230 243 ]
134: [ 29 37 49 61 81 84 91 137 148 156 213 219 222 238 239 ]
135: [ 21 54 58 87 122 168 197 ]
136: [ 6 8 16 26 27 38 39 43 65 73 74 78 91 93 117 123 133 147 215 220 230 238 241 249 ]
137: [ 20 28 47 57 58 80 105 134 177 181 ]
138: [ 1 3 17 25 34 48 61 64 67 76 99 146 196 198 202 206 ]
139: [ 8 24 39 46 70 86 112 124 131 185 187 214 ]
140: [ 19 24 43 46 101 114 142 162 165 188 209 215 220 ]
141: [ 13 67 123 129 142 209 212 221 248 ]
142: [ 12 28 40 61 80 87 117 133 140 141 181 196 244 ]
143: [ 6 24 40 42 57 58 72 77 117 124 127 171 185 209 212 230 234 ]
144: [ 6 16 26 54 59 70 97 111 120 159 161 172 183 217 ]
145: [ 18 43 46 66 69 86 96 103 108 115 155 188 204 215 222 241 ]
146: [ 40 69 70 75 79 86 102 105 118 122 138 168 170 178 189 209 220 232 ]
147: [ 3 42 56 57 77 85 109 129 136 148 163 170 215 221 222 ]
148: [ 4 5 11 15 34 57 58 74 86 102 107 134 147 150 155 224 ]
149: [ 43 53 64 83 90 104 108 117 150 166 184 198 199 212 215 233 236 240 ]
150: [ 21 71 77 82 102 107 124 133 148 149 158 162 167 182 188 196 228 239 243 ]
151: [ 8 21 53 57 78 131 181 189 191 195 ]
152: [ 75 201 223 ]
153: [ 4 64 67 78 113 129 163 201 ]
154: [ 2 3 4 14 22 29 31 34 36 40 51 86 190 219 227 247 250 ]
155: [ 36 37 53 62 73 77 84 89 91 145 148 160 171 181 190 202 214 241 ]
156: [ 24 38 42 78 105 109 122 134 157 169 186 199 208 210 214 227 237 ]
157: [ 22 25 30 51 69 76 80 87 110 156 167 174 193 212 230 234 245 248 ]
158: [ 28 58 115 121 150 169 183 187 196 234 239 240 245 ]
159: [ 8 9 29 34 48 57 58 61 77 82 86 93 121 128 144 170 196 211 215 216 219 235 248 250 ]
160: [ 4 24 47 52 68 69 122 124 155 165 175 198 208 247 ]
161: [ 8 28 87 144 177 188 ]
162: [ 9 13 36 61 66 70 71 101 140 150 170 172 173 179 185 198 206 209 211 213 232 241 ]
163: [ 15 25 26 32 40 64 69 70 76 93 147 153 185 187 191 205 218 228 231 239 ]
164: [ 29 37 41 47 66 79 91 220 223 231 237 246 ]
165: [ 13 24 26 30 54 62 87 96 107 132 140 160 182 191 199 202 216 218 221 223 244 ]
166: [ 6 16 38 48 107 149 209 222 ]
167: [ 8 33 39 40 63 67 84 85 87 91 107 150 157 194 220 223 ]
168: [ 6 39 48 62 63 66 70 79 87 100 105 127 135 146 170 199 211 225 229 241 ]
169: [ 3 17 26 38 44 76 90 94 110 129 156 158 182 188 219 234 ]
170: [ 4 6 39 77 99 100 122 124 146 147 159 162 168 179 210 216 228 247 ]
171: [ 8 32 37 38 65 66 72 93 98 115 131 132 143 155 177 187 202 218 ]
172: [ 2 12 68 75 129 144 162 176 195 204 225 ]
173: [ 15 25 26 31 64 92 97 100 162 189 192 197 202 217 ]
174: [ 11 18 29 36 42 56 57 59 69 76 88 114 115 130 157 182 183 186 198 217 ]
175: [ 6 15 16 29 53 55 66 74 77 79 93 119 132 160 185 189 202 204 212 215 ]
176: [ 4 37 51 58 77 80 89 172 186 213 216 217 232 234 ]
177: [ 38 59 84 108 113 131 137 161 171 181 185 204 221 247 ]
178: [ 23 71 146 ]
179: [ 54 92 117 122 162 170 217 224 228 ]
180: [ 2 46 76 90 91 93 115 219 239 ]
181: [ 1 21 37 49 52 66 67 72 84 87 98 111 123 137 142 151 155 177 186 196 219 226 227 234 ]
182: [ 4 25 64 72 99 101 112 114 132 150 165 169 174 197 198 208 238 ]
183: [ 53 69 79 98 105 117 121 122 144 158 174 184 214 217 246 ]
184: [ 24 61 62 76 93 105 129 149 183 191 213 223 ]
185: [ 2 7 9 30 34 45 50 84 113 118 139 143 162 163 175 177 188 201 202 219 221 232 ]
186: [ 4 52 56 67 114 116 121 122 128 132 156 174 176 181 214 217 226 ]
187: [ 38 60 81 110 129 130 139 158 163 171 210 217 221 237 ]
188: [ 15 39 73 91 108 112 126 140 145 150 161 169 185 202 210 219 223 ]
189: [ 2 17 22 77 78 80 83 146 151 173 175 199 211 220 ]
190: [ 19 29 48 52 85 86 123 154 155 207 212 224 237 ]
191: [ 5 38 41 45 59 91 114 128 151 163 165 184 194 199 201 211 237 245 ]
192: [ 27 33 97 107 110 117 173 245 ]
193: [ 1 5 11 28 29 35 43 53 83 91 157 199 201 209 233 236 ]
194: [ 5 19 25 38 73 75 100 106 167 191 219 232 250 ]
195: [ 13 52 62 72 82 110 122 151 172 229 231 243 247 ]
196: [ 1 6 22 23 27 118 121 126 138 142 150 158 159 181 225 227 ]
197: [ 22 33 35 36 40 55 59 71 76 77 106 109 113 131 135 173 182 211 243 ]
198: [ 10 14 19 20 27 29 58 62 65 86 105 109 112 117 138 149 160 162 174 182 204 220 ]
199: [ 4 10 20 22 27 47 56 100 111 115 120 129 131 149 156 165 168 189 191 193 221 ]
200: [ 27 32 33 57 71 98 99 109 110 121 202 203 216 222 223 ]
201: [ 14 16 65 66 79 84 113 152 153 185 191 193 205 206 228 233 ]
202: [ 21 25 28 35 37 44 88 126 131 138 155 165 171 173 175 185 188 200 203 242 245 ]
203: [ 5 40 91 99 105 200 202 244 ]
204: [ 3 28 71 74 76 131 145 172 175 177 198 205 208 214 234 ]
205: [ 2 38 42 52 57 61 90 97 108 163 201 204 232 236 243 ]
206: [ 11 47 58 63 66 97 117 119 124 127 138 162 201 213 215 221 223 226 227 235 243 ]
207: [ 31 37 40 47 63 66 69 71 110 117 190 216 ]
208: [ 10 25 52 56 89 133 156 160 182 204 218 219 222 231 236 245 ]
209: [ 6 9 17 52 63 67 79 91 116 117 140 141 143 146 162 166 193 ]
210: [ 58 84 117 124 126 133 156 170 187 188 239 ]
211: [ 17 53 59 91 128 159 162 168 189 191 197 235 ]
212: [ 23 34 66 69 72 78 80 87 91 99 100 108 127 141 143 149 157 175 190 214 225 233 ]
213: [ 23 39 40 78 130 134 162 176 184 206 247 ]
214: [ 21 54 69 72 77 86 89 90 103 116 117 126 139 155 156 183 186 204 212 ]
215: [ 53 84 130 131 136 140 145 147 149 159 175 206 ]
216: [ 34 76 85 132 159 165 170 176 200 207 240 247 ]
217: [ 15 17 25 26 34 52 58 65 85 100 120 144 173 174 176 179 183 186 187 221 ]
218: [ 25 64 90 117 163 165 171 208 249 ]
219: [ 37 43 86 100 104 112 126 134 154 159 169 180 181 185 188 194 208 222 250 ]
220: [ 31 46 53 59 129 131 136 140 146 164 167 189 198 250 ]
221: [ 8 24 30 37 62 80 84 100 123 129 141 147 165 177 185 187 199 206 217 235 240 248 ]
222: [ 20 21 26 30 42 43 68 74 80 110 117 131 134 145 147 166 200 208 219 242 244 ]
223: [ 4 8 22 30 35 39 90 112 128 132 152 164 165 167 184 188 200 206 ]
224: [ 26 33 39 62 68 124 148 179 190 ]
225: [ 10 16 28 40 47 68 81 100 113 126 168 172 196 212 232 239 ]
226: [ 47 66 91 181 186 206 233 ]
227: [ 17 42 87 112 122 132 154 156 181 196 206 230 ]
228: [ 4 8 18 23 40 108 112 150 163 170 179 201 229 233 234 ]
229: [ 22 53 70 168 195 228 233 ]
230: [ 8 16 24 58 60 67 68 73 112 115 118 124 127 129 130 133 136 143 157 227 232 239 247 ]
231: [ 9 47 68 106 126 128 163 164 195 208 236 ]
232: [ 4 13 15 36 47 57 62 93 146 162 176 185 194 205 225 230 233 240 249 ]
233: [ 7 12 20 26 28 59 89 104 107 149 193 201 212 226 228 229 232 240 241 245 248 ]
234: [ 2 12 57 61 65 71 81 99 105 110 111 122 124 143 157 158 169 176 181 204 228 235 ]
235: [ 2 15 38 62 77 124 127 159 206 211 221 234 240 242 ]
236: [ 5 18 19 24 52 56 67 84 85 112 118 126 130 131 132 149 193 205 208 231 ]
237: [ 13 48 93 115 125 131 156 164 187 190 191 239 243 ]
238: [ 51 71 79 100 125 130 134 136 182 ]
239: [ 5 17 25 52 58 61 64 70 85 99 112 113 134 150 158 163 180 210 225 230 237 ]
240: [ 3 12 14 24 73 83 127 149 158 216 221 232 233 235 245 ]
241: [ 27 28 55 70 86 117 136 145 155 162 168 233 ]
242: [ 15 21 25 48 65 67 112 202 222 235 ]
243: [ 73 78 84 94 101 132 133 150 195 197 205 206 237 247 250 ]
244: [ 7 17 63 100 142 165 203 222 ]
245: [ 52 55 86 87 98 119 157 158 191 192 202 208 233 240 248 ]
246: [ 6 70 93 164 183 ]
247: [ 17 30 33 34 67 70 78 82 93 98 119 154 160 170 177 195 213 216 230 243 248 ]
248: [ 9 30 34 121 125 141 157 159 221 233 245 247 ]
249: [ 1 37 76 106 114 118 129 132 136 218 232 ]
250: [ 21 46 51 59 71 75 154 159 194 219 220 243 ]
