1: [ 15 25 34 61 64 72 82 162 163 179 182 185 195 234 241 ]
2: [ 29 50 55 59 80 100 102 103 169 181 222 ]
3: [ 11 54 56 57 84 92 102 159 181 193 218 235 240 246 ]
4: [ 6 12 20 26 31 75 91 102 105 130 131 161 169 178 188 235 243 ]
5: [ 37 42 107 116 149 157 158 162 176 180 188 195 198 211 214 217 219 231 245 246 ]
6: [ 4 8 17 51 84 95 100 133 151 163 166 179 187 202 210 235 ]
7: [ 17 18 22 37 42 45 48 73 76 90 112 171 174 203 208 209 214 240 248 ]
8: [ 6 17 41 60 76 88 119 121 124 147 152 183 209 215 225 240 ]
9: [ 13 53 91 93 102 105 111 112 133 164 ]
10: [ 12 17 20 25 29 42 43 53 55 70 71 101 108 118 119 170 177 184 185 189 196 202 214 230 ]
11: [ 3 71 84 100 114 135 139 180 184 ]
12: [ 4 10 25 36 44 52 67 75 132 150 168 172 175 201 210 215 218 242 ]
13: [ 9 33 69 79 84 170 176 181 223 234 ]
14: [ 36 41 58 77 81 85 86 89 100 113 115 148 165 171 180 189 195 201 205 210 227 234 245 ]
15: [ 1 33 36 38 40 60 66 78 80 101 107 110 111 122 129 131 148 157 162 163 198 204 208 211 ]
16: [ 36 75 84 95 120 129 135 148 182 183 205 207 237 ]
17: [ 6 7 8 10 28 29 40 58 67 87 100 106 115 130 139 141 157 193 196 204 208 209 210 ]
18: [ 7 89 121 123 151 183 225 246 249 ]
19: [ 31 32 43 57 63 65 73 83 93 95 97 104 125 187 198 200 223 224 ]
20: [ 4 10 37 43 68 77 84 118 140 152 155 168 182 187 194 198 208 216 228 ]
21: [ 24 29 31 76 96 120 152 172 179 185 235 243 ]
22: [ 7 31 112 123 170 187 220 245 ]
23: [ 39 51 75 107 131 144 197 218 237 241 ]
24: [ 21 42 51 57 82 89 112 144 150 164 170 172 182 214 223 227 231 232 ]
25: [ 1 10 12 41 44 49 60 63 84 95 108 129 130 133 138 143 189 194 195 207 215 220 236 243 ]
26: [ 4 49 58 87 98 107 123 132 151 166 173 174 195 202 229 242 ]
27: [ 36 42 65 81 135 140 150 181 206 214 238 ]
28: [ 17 43 103 128 143 164 188 214 ]
29: [ 2 10 17 21 46 62 88 91 129 132 141 177 181 189 192 193 207 211 231 232 234 ]
30: [ 61 78 112 115 144 163 188 214 227 ]
31: [ 4 19 21 22 32 45 67 71 81 82 94 118 129 134 161 166 191 209 213 231 ]
32: [ 19 31 56 70 78 112 124 138 154 156 169 175 183 185 189 191 203 231 238 241 ]
33: [ 13 15 120 158 163 189 243 ]
34: [ 1 40 50 101 118 126 132 133 182 188 202 225 246 ]
35: [ 125 138 182 ]
36: [ 12 14 15 16 27 37 51 93 122 163 173 ]
37: [ 5 7 20 36 60 105 120 127 131 133 142 159 161 170 185 189 193 208 235 240 ]
38: [ 15 51 87 111 130 216 229 237 ]
39: [ 23 95 96 122 147 151 164 176 187 198 ]
40: [ 15 17 34 68 70 94 101 114 145 158 171 198 206 226 238 244 ]
41: [ 8 14 25 51 69 76 97 99 111 115 133 144 170 183 188 192 203 215 ]
42: [ 5 7 10 24 27 52 53 65 69 88 101 126 127 135 150 213 216 233 244 250 ]
43: [ 10 19 20 28 60 72 109 142 143 154 188 218 ]
44: [ 12 25 51 58 79 85 102 111 131 132 206 214 218 ]
45: [ 7 31 48 91 93 121 123 129 139 143 149 166 170 191 207 211 225 231 245 247 ]
46: [ 29 71 85 133 161 207 217 ]
47: [ 84 110 114 122 193 217 227 238 ]
48: [ 7 45 63 68 70 90 92 120 139 148 185 188 241 ]
49: [ 25 26 65 66 78 87 88 91 145 155 172 175 191 197 216 227 238 ]
50: [ 2 34 51 58 60 80 94 164 198 238 245 ]
51: [ 6 23 24 36 38 41 44 50 70 75 83 115 145 155 163 171 181 206 214 220 237 238 243 ]
52: [ 12 42 107 120 158 159 166 170 188 200 ]
53: [ 9 10 42 58 60 65 66 87 89 114 128 152 177 180 190 198 ]
54: [ 3 58 66 70 89 104 126 178 179 183 195 216 227 230 244 ]
55: [ 2 10 62 63 67 93 99 101 108 120 134 144 147 154 165 225 231 245 ]
56: [ 3 32 61 98 130 152 183 188 217 218 234 245 ]
57: [ 3 19 24 71 75 88 110 131 159 165 167 174 208 218 227 ]
58: [ 14 17 26 44 50 53 54 74 95 146 148 184 197 203 206 218 ]
59: [ 2 71 111 126 178 179 185 ]
60: [ 8 15 25 37 43 50 53 96 114 120 121 129 143 152 158 176 179 184 185 224 ]
61: [ 1 30 56 93 107 123 134 138 174 182 187 211 226 ]
62: [ 29 55 65 104 166 169 175 190 231 ]
63: [ 19 25 48 55 70 95 96 99 107 131 136 157 165 178 179 189 211 223 ]
64: [ 1 120 122 132 161 182 245 ]
65: [ 19 27 42 49 53 62 81 93 116 125 163 169 182 183 202 220 229 ]
66: [ 15 49 53 54 70 81 127 134 151 164 166 167 182 198 246 ]
67: [ 12 17 31 55 76 122 125 173 189 196 200 203 212 228 234 250 ]
68: [ 20 40 48 76 92 97 123 136 150 158 165 180 211 234 235 245 246 ]
69: [ 13 41 42 105 112 135 145 173 205 219 231 ]
70: [ 10 32 40 48 51 54 63 66 80 89 115 132 171 191 200 205 248 250 ]
71: [ 10 11 31 46 57 59 82 92 95 100 115 121 126 131 142 144 165 166 168 174 181 194 197 215 245 249 ]
72: [ 1 43 94 98 100 117 119 169 193 201 210 222 224 ]
73: [ 7 19 111 115 138 157 161 164 187 197 206 209 222 246 ]
74: [ 58 78 95 129 143 169 175 176 187 198 200 ]
75: [ 4 12 16 23 51 57 76 92 127 136 138 172 183 223 242 ]
76: [ 7 8 21 41 67 68 75 81 86 145 203 207 217 234 ]
77: [ 14 20 115 161 185 207 217 246 ]
78: [ 15 30 32 49 74 96 109 121 147 148 161 162 175 179 197 214 227 ]
79: [ 13 44 85 93 95 106 122 152 191 229 ]
80: [ 2 15 50 70 85 163 176 185 215 249 250 ]
81: [ 14 27 31 65 66 76 87 132 145 149 213 221 222 223 237 ]
82: [ 1 24 31 71 84 86 97 128 133 137 144 145 170 178 184 194 198 223 234 ]
83: [ 19 51 92 118 125 159 ]
84: [ 3 6 11 13 16 20 25 47 82 111 161 193 215 221 230 244 ]
85: [ 14 44 46 79 80 88 98 104 175 177 181 202 209 219 233 244 ]
86: [ 14 76 82 93 98 127 129 155 165 167 208 231 ]
87: [ 17 26 38 49 53 81 112 134 136 143 157 174 176 219 227 237 242 ]
88: [ 8 29 42 49 57 85 101 122 185 217 ]
89: [ 14 18 24 53 54 70 91 119 136 149 175 192 198 209 221 ]
90: [ 7 48 114 131 145 179 195 207 245 ]
91: [ 4 9 29 45 49 89 114 130 138 139 159 169 182 196 202 206 211 212 ]
92: [ 3 48 68 71 75 83 112 132 143 ]
93: [ 9 19 36 45 55 61 65 79 86 103 115 150 152 155 159 169 211 215 231 235 239 242 ]
94: [ 31 40 50 72 102 104 163 165 177 195 203 ]
95: [ 6 16 19 25 39 58 63 71 74 79 100 101 108 120 133 136 147 150 188 236 ]
96: [ 21 39 60 63 78 106 117 135 150 170 205 207 214 235 242 248 ]
97: [ 19 41 68 82 119 147 181 195 202 238 ]
98: [ 26 56 72 85 86 101 102 106 123 211 212 232 235 ]
99: [ 41 55 63 118 135 138 139 172 184 187 193 212 239 ]
100: [ 2 6 11 14 17 71 72 95 107 132 185 189 215 222 ]
101: [ 10 15 34 40 42 55 88 95 98 108 116 123 159 176 202 212 244 ]
102: [ 2 3 4 9 44 94 98 128 222 ]
103: [ 2 28 93 152 166 198 205 ]
104: [ 19 54 62 85 94 144 176 208 223 224 225 236 ]
105: [ 4 9 37 69 110 114 115 118 137 247 ]
106: [ 17 79 96 98 184 197 201 203 217 ]
107: [ 5 15 23 26 52 61 63 100 133 152 154 163 179 185 186 213 215 218 228 234 237 241 243 245 ]
108: [ 10 25 55 95 101 117 121 132 136 137 144 153 154 164 170 176 185 222 224 237 239 ]
109: [ 43 78 132 165 176 195 220 ]
110: [ 15 47 57 105 121 126 135 169 188 193 207 ]
111: [ 9 15 38 41 44 59 73 84 121 126 152 155 161 170 202 218 226 232 ]
112: [ 7 9 22 24 30 32 69 87 92 126 138 159 160 161 182 197 200 207 209 234 248 249 ]
113: [ 14 126 159 211 246 ]
114: [ 11 40 47 53 60 90 91 105 135 167 169 218 247 ]
115: [ 14 17 30 41 51 70 71 73 77 93 105 130 138 141 179 187 218 227 232 235 242 ]
116: [ 5 65 101 165 211 240 245 ]
117: [ 72 96 108 119 148 161 172 211 216 244 ]
118: [ 10 20 31 34 83 99 105 143 184 209 217 220 233 ]
119: [ 8 10 72 89 97 117 126 138 145 148 150 155 156 157 163 166 171 182 220 233 248 ]
120: [ 16 21 33 37 48 52 55 60 64 95 163 167 184 214 230 234 ]
121: [ 8 18 45 60 71 78 108 110 111 156 159 170 174 185 202 203 215 220 221 ]
122: [ 15 36 39 47 64 67 79 88 130 137 142 170 188 192 213 ]
123: [ 18 22 26 45 61 68 98 101 145 191 226 246 249 ]
124: [ 8 32 195 ]
125: [ 19 35 65 67 83 139 146 195 ]
126: [ 34 42 54 59 71 110 111 112 113 119 155 161 176 177 202 239 241 ]
127: [ 37 42 66 75 86 140 172 174 222 223 230 ]
128: [ 28 53 82 102 142 171 182 210 212 214 242 ]
129: [ 15 16 25 29 31 45 60 74 86 141 144 159 182 187 191 206 211 223 236 238 240 246 ]
130: [ 4 17 25 38 56 91 115 122 146 147 152 157 170 181 201 237 ]
131: [ 4 15 23 37 44 57 63 71 90 184 197 199 205 213 226 237 243 ]
132: [ 12 26 29 34 44 64 70 81 92 100 108 109 140 161 173 205 206 212 227 236 244 ]
133: [ 6 9 25 34 37 41 46 82 95 107 155 162 163 189 198 208 214 249 ]
134: [ 31 55 61 66 87 169 172 175 ]
135: [ 11 16 27 42 69 96 99 110 114 172 176 183 207 227 ]
136: [ 63 68 75 87 89 95 108 184 205 ]
137: [ 82 105 108 122 202 206 ]
138: [ 25 32 35 61 73 75 91 99 112 115 119 142 161 163 177 193 198 ]
139: [ 11 17 45 48 91 99 125 189 193 247 ]
140: [ 20 27 127 132 159 174 175 187 207 ]
141: [ 17 29 115 129 151 217 230 ]
142: [ 37 43 71 122 128 138 183 190 191 215 235 ]
143: [ 25 28 43 45 60 74 87 92 118 232 234 ]
144: [ 23 24 30 41 55 71 82 104 108 129 148 151 153 191 197 223 ]
145: [ 40 49 51 69 76 81 82 90 119 123 148 149 162 191 198 200 249 ]
146: [ 58 125 130 159 165 168 171 182 200 204 208 243 ]
147: [ 8 39 55 78 95 97 130 154 211 224 ]
148: [ 14 15 16 48 58 78 117 119 144 145 153 161 170 182 183 228 243 ]
149: [ 5 45 81 89 145 185 209 215 225 ]
150: [ 12 24 27 42 68 93 95 96 119 207 237 240 ]
151: [ 6 18 26 39 66 141 144 154 175 176 197 209 214 ]
152: [ 8 20 21 53 56 60 79 93 103 107 111 130 164 169 179 184 242 245 ]
153: [ 108 144 148 175 193 200 231 233 ]
154: [ 32 43 55 107 108 147 151 167 180 189 201 237 244 ]
155: [ 20 49 51 86 93 111 119 126 133 169 185 195 235 ]
156: [ 32 119 121 170 193 198 200 243 ]
157: [ 5 15 17 63 73 87 119 130 161 188 189 222 ]
158: [ 5 33 40 52 60 68 177 181 205 216 223 249 ]
159: [ 3 37 52 57 83 91 93 101 112 113 121 129 140 146 161 182 205 223 234 ]
160: [ 112 172 188 ]
161: [ 4 31 37 46 64 73 77 78 84 111 112 117 126 132 138 148 157 159 182 191 193 197 ]
162: [ 1 5 15 78 133 145 185 195 197 208 239 ]
163: [ 1 6 15 30 33 36 51 65 80 94 107 119 120 133 138 179 190 194 211 214 226 244 247 250 ]
164: [ 9 24 28 39 50 66 73 108 152 232 250 ]
165: [ 14 55 57 63 68 71 86 94 109 116 146 169 182 237 ]
166: [ 6 26 31 45 52 62 66 71 103 119 172 174 193 202 208 218 219 232 245 250 ]
167: [ 57 66 86 114 120 154 172 187 190 199 220 ]
168: [ 12 20 71 146 183 230 ]
169: [ 2 4 32 62 65 72 74 91 93 110 114 134 152 155 165 185 214 218 228 236 247 ]
170: [ 10 13 22 24 37 41 45 52 82 96 108 111 121 122 130 148 156 186 240 ]
171: [ 7 14 40 51 70 119 128 146 204 213 215 243 245 246 ]
172: [ 12 21 24 49 75 99 117 127 134 135 160 166 167 174 240 ]
173: [ 26 36 67 69 132 208 216 218 225 229 ]
174: [ 7 26 57 61 71 87 121 127 140 166 172 187 197 199 208 209 240 241 ]
175: [ 12 32 49 62 74 78 85 89 134 140 151 153 204 229 238 ]
176: [ 5 13 39 60 74 80 87 101 104 108 109 126 135 151 181 202 217 220 231 249 ]
177: [ 10 29 53 85 94 126 138 158 178 183 230 ]
178: [ 4 54 59 63 82 177 179 244 ]
179: [ 1 6 21 54 59 60 63 78 90 107 115 152 163 178 209 249 ]
180: [ 5 11 14 53 68 154 193 199 213 242 ]
181: [ 2 3 13 27 29 51 71 85 97 130 158 176 183 228 242 ]
182: [ 1 16 20 24 34 35 61 64 65 66 91 112 119 128 129 146 148 159 161 165 201 203 217 231 238 ]
183: [ 8 16 18 32 41 54 56 65 75 135 142 148 168 177 181 191 206 208 ]
184: [ 10 11 58 60 82 99 106 118 120 131 136 152 234 ]
185: [ 1 10 21 32 37 48 59 60 77 80 88 100 107 108 121 149 155 162 169 227 ]
186: [ 107 170 188 191 242 ]
187: [ 6 19 20 22 39 61 73 74 99 115 129 140 167 174 189 228 ]
188: [ 4 5 28 30 34 41 43 48 52 56 95 110 122 157 160 186 205 207 ]
189: [ 10 14 25 29 32 33 37 63 67 100 133 139 154 157 187 212 217 231 244 ]
190: [ 53 62 142 163 167 198 216 233 245 246 ]
191: [ 31 32 45 49 70 79 123 129 142 144 145 161 183 186 198 238 241 ]
192: [ 29 41 89 122 225 ]
193: [ 3 17 29 37 47 72 84 99 110 138 139 153 156 161 166 180 210 214 220 242 246 ]
194: [ 20 25 71 82 163 205 232 ]
195: [ 1 5 14 25 26 54 90 94 97 109 124 125 155 162 207 227 ]
196: [ 10 17 67 91 ]
197: [ 23 49 58 71 73 78 106 112 131 144 151 161 162 174 230 233 ]
198: [ 5 15 19 20 39 40 50 53 66 74 82 89 103 133 138 145 156 190 191 211 214 249 ]
199: [ 131 167 174 180 222 237 ]
200: [ 19 52 67 70 74 112 145 146 153 156 218 233 ]
201: [ 12 14 72 106 130 154 182 212 216 ]
202: [ 6 10 26 34 65 85 91 97 101 111 121 126 137 166 176 234 ]
203: [ 7 32 41 58 67 76 94 106 121 182 223 225 233 239 249 ]
204: [ 15 17 146 171 175 225 ]
205: [ 14 16 69 70 96 103 131 132 136 158 159 188 194 231 234 238 ]
206: [ 27 40 44 51 58 73 91 129 132 137 183 209 214 215 238 244 ]
207: [ 16 25 29 45 46 76 77 90 96 110 112 135 140 150 188 195 223 228 234 ]
208: [ 7 15 17 20 37 57 86 104 133 146 162 166 173 174 183 232 245 ]
209: [ 7 8 17 31 73 85 89 112 118 149 151 174 179 206 220 247 ]
210: [ 6 12 14 17 72 128 193 239 ]
211: [ 5 15 29 45 61 63 68 91 93 98 113 116 117 129 147 163 198 238 242 244 249 ]
212: [ 67 91 98 99 101 128 132 189 201 218 ]
213: [ 31 42 81 107 122 131 171 180 216 233 235 ]
214: [ 5 7 10 24 27 28 30 44 51 78 96 120 128 133 151 163 169 193 198 206 228 ]
215: [ 8 12 25 41 71 80 84 93 100 107 121 142 149 171 206 235 238 247 ]
216: [ 20 38 42 49 54 117 158 173 190 201 213 243 247 ]
217: [ 5 46 47 56 76 77 88 106 118 141 176 182 189 243 ]
218: [ 3 12 23 43 44 56 57 58 107 111 114 115 166 169 173 200 212 221 222 225 ]
219: [ 5 69 85 87 166 234 ]
220: [ 22 25 51 65 109 118 119 121 167 176 193 209 231 ]
221: [ 81 84 89 121 218 227 233 ]
222: [ 2 72 73 81 100 102 108 127 157 199 218 243 ]
223: [ 13 19 24 63 75 81 82 104 127 129 144 158 159 203 207 237 ]
224: [ 19 60 72 104 108 147 ]
225: [ 8 18 34 45 55 104 149 173 192 203 204 218 229 ]
226: [ 40 61 111 123 131 163 232 245 ]
227: [ 14 24 30 47 49 54 57 78 87 115 132 135 185 195 221 233 240 ]
228: [ 20 67 107 148 169 181 187 207 214 232 234 243 ]
229: [ 26 38 65 79 173 175 225 ]
230: [ 10 54 84 120 127 141 168 177 197 231 248 ]
231: [ 5 24 29 31 32 45 55 62 69 86 93 153 176 182 189 205 220 230 234 ]
232: [ 24 29 98 111 115 143 164 166 194 208 226 228 ]
233: [ 42 85 118 119 153 190 197 200 203 213 221 227 238 ]
234: [ 1 13 14 29 56 67 68 76 82 107 112 120 143 159 184 202 205 207 219 228 231 238 ]
235: [ 3 4 6 21 37 68 93 96 98 115 142 155 213 215 ]
236: [ 25 95 104 129 132 169 ]
237: [ 16 23 38 51 81 87 107 108 130 131 150 154 165 199 223 ]
238: [ 27 32 40 47 49 50 51 97 129 175 182 191 205 206 211 215 233 234 239 ]
239: [ 93 99 108 126 162 203 210 238 ]
240: [ 3 7 8 37 116 129 150 170 172 174 227 ]
241: [ 1 23 32 48 107 126 174 191 ]
242: [ 12 26 75 87 93 96 115 128 152 180 181 186 193 211 ]
243: [ 4 21 25 33 51 107 131 146 148 156 171 216 217 222 228 246 ]
244: [ 40 42 54 84 85 101 117 132 154 163 178 189 206 211 ]
245: [ 5 14 22 45 50 55 56 64 68 71 90 107 116 152 166 171 190 208 226 ]
246: [ 3 5 18 34 66 68 73 77 113 123 129 171 190 193 243 ]
247: [ 45 105 114 139 163 169 209 215 216 ]
248: [ 7 70 96 112 119 230 ]
249: [ 18 71 80 112 123 133 145 158 176 179 198 203 211 ]
250: [ 42 67 70 80 163 164 166 ]
