1: [ 8 28 42 94 100 115 187 ]
2: [ 11 27 33 41 50 52 66 67 81 90 122 144 157 170 200 205 213 217 224 225 226 228 229 233 247 ]
3: [ 16 22 53 93 113 241 250 ]
4: [ 42 89 90 108 115 123 127 132 171 182 ]
5: [ 9 27 90 137 142 185 188 196 227 232 ]
6: [ 26 122 161 200 218 244 ]
7: [ 33 42 68 79 82 102 105 115 125 137 139 142 183 193 209 215 234 ]
8: [ 1 14 16 22 24 36 100 101 118 131 135 178 191 212 229 ]
9: [ 5 15 19 27 36 46 66 82 93 107 117 130 162 178 186 188 205 211 212 227 239 248 ]
10: [ 14 20 51 54 128 161 166 174 226 228 ]
11: [ 2 12 14 46 58 91 97 104 142 166 195 214 221 222 224 228 232 236 241 ]
12: [ 11 14 25 38 96 99 104 111 122 132 154 212 ]
13: [ 21 33 57 71 89 101 143 175 223 228 231 237 ]
14: [ 8 10 11 12 23 31 48 50 70 80 100 115 154 155 156 179 185 223 241 ]
15: [ 9 31 32 33 43 93 141 144 151 158 175 186 190 202 208 218 233 234 241 245 ]
16: [ 3 8 35 42 62 63 80 111 144 150 162 165 175 234 240 245 ]
17: [ 26 33 34 47 75 84 123 127 170 204 210 223 ]
18: [ 47 50 89 96 105 122 124 157 163 218 228 232 234 236 ]
19: [ 9 22 26 46 53 66 84 92 93 106 114 133 137 140 146 161 162 167 191 210 249 ]
20: [ 10 66 73 81 82 94 139 149 159 177 189 190 200 227 232 ]
21: [ 13 28 34 56 75 76 78 95 96 109 114 121 136 155 160 163 177 180 189 207 219 226 230 ]
22: [ 3 8 19 31 63 67 93 115 123 136 170 200 214 245 ]
23: [ 14 49 68 71 81 86 94 136 145 148 167 196 204 206 207 218 245 ]
24: [ 8 25 37 48 60 62 63 71 72 146 151 164 180 214 217 219 234 238 ]
25: [ 12 24 39 47 54 114 124 142 148 155 163 190 198 199 234 ]
26: [ 6 17 19 48 52 72 73 85 90 93 95 105 115 117 144 146 183 187 194 202 226 244 ]
27: [ 2 5 9 80 107 115 127 172 210 224 228 230 ]
28: [ 1 21 39 42 75 87 91 105 109 110 120 124 130 142 149 161 163 195 207 210 226 233 237 ]
29: [ 61 101 104 162 163 170 188 212 ]
30: [ 83 100 142 186 232 233 238 ]
31: [ 14 15 22 54 83 97 98 118 124 140 150 158 162 180 212 215 216 222 240 ]
32: [ 15 34 64 75 78 89 98 115 119 123 140 181 188 189 190 197 214 216 229 243 ]
33: [ 2 7 13 15 17 49 56 66 103 106 110 119 120 127 138 139 166 169 174 188 218 243 ]
34: [ 17 21 32 48 88 127 172 203 206 216 227 ]
35: [ 16 57 117 123 151 152 155 164 176 179 180 194 200 203 223 244 ]
36: [ 8 9 93 166 171 210 216 219 221 ]
37: [ 24 84 127 155 179 212 ]
38: [ 12 42 43 49 69 76 79 96 97 100 106 173 180 190 205 210 215 222 ]
39: [ 25 28 43 90 92 95 96 105 108 121 123 136 141 167 179 181 194 205 209 210 241 ]
40: [ 42 169 207 235 ]
41: [ 2 68 69 77 80 89 105 106 160 170 189 246 249 ]
42: [ 1 4 7 16 28 38 40 71 73 94 102 117 143 174 202 204 222 233 235 237 244 ]
43: [ 15 38 39 66 84 90 161 196 219 223 224 243 ]
44: [ 65 74 84 103 148 173 186 199 207 224 ]
45: [ 47 71 80 90 122 168 236 ]
46: [ 9 11 19 65 70 85 92 93 97 99 126 154 161 187 231 249 ]
47: [ 17 18 25 45 60 70 71 79 82 95 99 104 110 133 140 150 186 187 239 242 244 ]
48: [ 14 24 26 34 60 82 151 186 198 207 ]
49: [ 23 33 38 69 82 123 133 137 139 143 151 183 186 188 195 198 231 237 240 242 243 ]
50: [ 2 14 18 60 74 101 110 165 184 188 189 209 245 ]
51: [ 10 62 84 126 178 190 206 207 214 244 245 ]
52: [ 2 26 62 80 90 125 150 175 198 ]
53: [ 3 19 55 80 89 92 119 132 137 158 166 183 190 211 218 223 238 ]
54: [ 10 25 31 62 63 74 111 134 154 156 162 185 207 213 224 236 ]
55: [ 53 58 87 102 106 156 159 187 200 204 208 213 222 243 ]
56: [ 21 33 82 131 164 176 178 224 ]
57: [ 13 35 61 65 94 167 179 215 247 ]
58: [ 11 55 66 75 95 105 115 156 171 175 178 179 180 188 197 199 202 209 247 ]
59: [ 61 62 76 78 89 95 103 115 119 120 122 125 138 139 143 146 177 186 192 213 229 232 234 235 ]
60: [ 24 47 48 50 69 76 81 90 114 130 131 163 166 178 190 196 235 239 241 ]
61: [ 29 57 59 73 81 82 83 101 107 112 140 148 153 216 233 245 ]
62: [ 16 24 51 52 54 59 67 82 155 165 176 187 ]
63: [ 16 22 24 54 101 124 125 142 145 193 209 244 ]
64: [ 32 71 109 183 189 192 236 243 ]
65: [ 44 46 57 105 109 187 195 209 234 ]
66: [ 2 9 19 20 33 43 58 73 80 84 89 91 94 99 122 132 138 184 201 219 227 ]
67: [ 2 22 62 151 176 188 194 ]
68: [ 7 23 41 74 80 86 128 148 149 226 237 ]
69: [ 38 41 49 60 105 135 170 176 ]
70: [ 14 46 47 71 116 134 176 177 195 215 ]
71: [ 13 23 24 42 45 47 64 70 73 78 85 97 120 134 150 157 161 163 165 176 210 239 241 248 ]
72: [ 24 26 77 89 92 108 117 140 142 160 172 178 193 201 213 236 ]
73: [ 20 26 42 61 66 71 84 122 128 131 152 187 208 236 243 ]
74: [ 44 50 54 68 85 88 90 102 103 130 204 207 226 235 ]
75: [ 17 21 28 32 58 95 125 128 165 178 180 207 216 230 234 243 247 ]
76: [ 21 38 59 60 115 132 136 138 142 184 199 208 ]
77: [ 41 72 81 84 93 100 169 172 175 208 213 217 218 240 ]
78: [ 21 32 59 71 115 136 138 160 219 223 227 239 242 ]
79: [ 7 38 47 81 113 116 132 134 161 189 ]
80: [ 14 16 27 41 45 52 53 66 68 93 95 133 135 168 171 186 187 215 245 ]
81: [ 2 20 23 60 61 77 79 92 118 139 144 151 158 160 219 231 ]
82: [ 7 9 20 47 48 49 56 61 62 88 127 144 153 157 179 190 202 226 237 239 ]
83: [ 30 31 61 101 102 114 116 118 124 140 146 155 161 171 189 192 209 212 243 250 ]
84: [ 17 19 37 43 44 51 66 73 77 96 101 122 134 163 170 210 230 232 ]
85: [ 26 46 71 74 130 134 138 142 143 145 170 186 211 234 240 ]
86: [ 23 68 114 140 143 146 175 192 244 ]
87: [ 28 55 101 130 140 141 144 145 150 170 176 185 196 218 219 241 ]
88: [ 34 74 82 138 161 180 190 192 198 208 212 214 225 ]
89: [ 4 13 18 32 41 53 59 66 72 98 102 117 130 131 136 142 162 171 192 222 243 ]
90: [ 2 4 5 26 39 43 45 52 60 74 96 117 124 130 141 155 172 179 186 198 225 227 ]
91: [ 11 28 66 123 141 146 164 167 172 185 190 205 230 234 239 ]
92: [ 19 39 46 53 72 81 103 116 136 148 151 165 167 171 186 195 210 ]
93: [ 3 9 15 19 22 26 36 46 77 80 99 104 140 148 180 186 204 205 216 227 ]
94: [ 1 20 23 42 57 66 95 112 118 125 137 150 154 168 195 219 ]
95: [ 21 26 39 47 58 59 75 80 94 115 116 122 125 159 177 207 235 ]
96: [ 12 18 21 38 39 84 90 117 164 176 183 186 190 191 199 225 237 ]
97: [ 11 31 38 46 71 114 117 134 141 146 173 187 198 202 221 236 242 ]
98: [ 31 32 89 142 156 195 197 206 ]
99: [ 12 46 47 66 93 106 123 140 154 158 176 181 195 198 249 ]
100: [ 1 8 14 30 38 77 120 152 157 166 176 198 199 210 227 ]
101: [ 8 13 29 50 61 63 83 84 87 123 129 161 185 195 202 247 ]
102: [ 7 42 55 74 83 89 103 129 132 144 179 189 209 219 232 ]
103: [ 33 44 59 74 92 102 104 124 126 132 135 141 174 205 211 ]
104: [ 11 12 29 47 93 103 139 143 147 150 167 178 215 227 243 ]
105: [ 7 18 26 28 39 41 58 65 69 106 123 128 134 137 141 143 149 150 168 182 199 209 234 239 ]
106: [ 19 33 38 41 55 99 105 134 141 147 149 178 225 ]
107: [ 9 27 61 117 128 130 140 151 205 213 ]
108: [ 4 39 72 ]
109: [ 21 28 64 65 110 122 155 175 233 245 ]
110: [ 28 33 47 50 109 155 170 174 179 193 225 ]
111: [ 12 16 54 127 149 150 151 184 195 209 ]
112: [ 61 94 206 217 234 ]
113: [ 3 79 166 184 199 ]
114: [ 19 21 25 60 83 86 97 117 124 134 149 157 160 164 168 173 178 208 210 216 220 224 225 241 250 ]
115: [ 1 4 7 14 22 26 27 32 58 59 76 78 95 125 133 146 151 167 193 233 ]
116: [ 70 79 83 92 95 185 186 205 234 238 ]
117: [ 9 26 35 42 72 89 90 96 97 107 114 132 138 143 168 175 201 203 214 219 ]
118: [ 8 31 81 83 94 172 224 225 ]
119: [ 32 33 53 59 130 157 179 190 197 205 220 250 ]
120: [ 28 33 59 71 100 133 152 154 163 177 180 185 187 207 244 248 ]
121: [ 21 39 157 182 218 226 ]
122: [ 2 6 12 18 45 59 66 73 84 95 109 131 133 160 182 186 203 212 220 232 247 ]
123: [ 4 17 22 32 35 39 49 91 99 101 105 149 177 178 239 246 ]
124: [ 18 25 28 31 63 83 90 103 114 149 160 209 238 ]
125: [ 7 52 59 63 75 94 95 115 129 157 172 176 180 215 217 ]
126: [ 46 51 103 170 187 196 203 232 249 ]
127: [ 4 17 27 33 34 37 82 111 132 150 152 183 187 205 211 236 245 ]
128: [ 10 68 73 75 105 107 134 136 137 138 141 175 177 187 188 192 206 218 223 227 ]
129: [ 101 102 125 161 203 240 242 248 ]
130: [ 9 28 60 74 85 87 89 90 107 119 150 151 159 163 170 192 207 219 231 236 ]
131: [ 8 56 60 73 89 122 237 ]
132: [ 4 12 53 66 76 79 102 103 117 127 168 178 180 196 198 221 ]
133: [ 19 47 49 80 115 120 122 140 149 163 165 185 187 205 223 247 ]
134: [ 54 70 71 79 84 85 97 105 106 114 128 149 167 168 182 193 220 222 225 230 ]
135: [ 8 69 80 103 148 155 198 ]
136: [ 21 22 23 39 76 78 89 92 128 158 178 244 ]
137: [ 5 7 19 49 53 94 105 128 148 171 187 188 213 215 ]
138: [ 33 59 66 76 78 85 88 117 128 236 ]
139: [ 7 20 33 49 59 81 104 179 182 187 192 210 215 228 229 245 ]
140: [ 19 31 32 47 61 72 83 86 87 93 99 107 133 157 158 165 180 187 198 215 220 244 ]
141: [ 15 39 87 90 91 97 103 105 106 128 152 156 157 175 208 217 243 ]
142: [ 5 7 11 25 28 30 63 72 76 85 89 98 173 182 189 197 226 228 239 247 ]
143: [ 13 42 49 59 85 86 104 105 117 184 188 189 212 219 233 242 ]
144: [ 2 15 16 26 81 82 87 102 156 179 191 192 228 ]
145: [ 23 63 85 87 170 171 196 226 227 ]
146: [ 19 24 26 59 83 86 91 97 115 164 174 177 186 204 224 235 240 ]
147: [ 104 106 170 227 ]
148: [ 23 25 44 61 68 92 93 135 137 152 177 179 192 244 ]
149: [ 20 28 68 105 106 111 114 123 124 133 134 169 212 217 233 242 ]
150: [ 16 31 47 52 71 87 94 104 105 111 127 130 152 157 158 164 165 171 192 198 228 232 ]
151: [ 15 24 35 48 49 67 81 92 107 111 115 130 154 160 177 184 186 194 217 218 250 ]
152: [ 35 73 100 120 127 141 148 150 156 179 187 195 235 241 ]
153: [ 61 82 175 184 199 ]
154: [ 12 14 46 54 94 99 120 151 172 214 249 ]
155: [ 14 21 25 35 37 62 83 90 109 110 135 166 201 226 244 ]
156: [ 14 54 55 58 98 141 144 152 174 177 201 209 215 ]
157: [ 2 18 71 82 100 114 119 121 125 140 141 150 178 182 184 191 195 198 214 220 238 ]
158: [ 15 31 53 81 99 136 140 150 160 232 233 241 ]
159: [ 20 55 95 130 160 170 183 221 ]
160: [ 21 41 72 78 81 114 122 124 151 158 159 178 182 183 243 ]
161: [ 6 10 19 28 43 46 71 79 83 88 101 129 165 176 191 205 221 235 237 ]
162: [ 9 16 19 29 31 54 89 170 234 243 ]
163: [ 18 21 25 28 29 60 71 84 120 130 133 185 192 196 203 208 245 ]
164: [ 24 35 56 91 96 114 146 150 196 225 232 250 ]
165: [ 16 50 62 71 75 92 133 140 150 161 166 175 183 188 212 223 243 ]
166: [ 10 11 33 36 53 60 100 113 155 165 169 207 213 221 235 ]
167: [ 19 23 39 57 91 92 104 115 134 172 188 191 196 198 224 233 248 249 ]
168: [ 45 80 94 105 114 117 132 134 184 213 225 241 250 ]
169: [ 33 40 77 149 166 193 195 207 236 247 248 ]
170: [ 2 17 22 29 41 69 84 85 87 110 126 130 145 147 159 162 172 192 216 ]
171: [ 4 36 58 80 83 89 92 137 145 150 173 178 215 ]
172: [ 27 34 72 77 90 91 118 125 154 167 170 186 201 213 239 242 245 ]
173: [ 38 44 97 114 142 171 203 206 212 215 234 244 ]
174: [ 10 33 42 103 110 146 156 183 204 ]
175: [ 13 15 16 52 58 77 86 109 117 128 141 153 165 185 191 196 207 213 241 ]
176: [ 35 56 62 67 69 70 71 87 96 99 100 125 161 189 191 215 ]
177: [ 20 21 59 70 95 120 123 128 146 148 151 156 192 227 246 ]
178: [ 8 9 51 56 58 60 72 75 104 106 114 123 132 136 157 160 171 185 195 ]
179: [ 14 35 37 39 57 58 82 90 102 110 119 139 144 148 152 189 190 197 198 199 202 215 223 227 228 247 250 ]
180: [ 21 24 31 35 38 58 75 88 93 120 125 132 140 247 ]
181: [ 32 39 99 183 226 ]
182: [ 4 105 121 122 134 139 142 157 160 190 196 215 232 ]
183: [ 7 26 49 53 64 96 127 159 160 165 174 181 187 200 202 212 213 238 ]
184: [ 50 66 76 111 113 143 151 153 157 168 189 250 ]
185: [ 5 14 54 87 91 101 116 120 133 163 175 178 195 198 ]
186: [ 9 15 30 44 47 48 49 59 80 85 90 92 93 96 116 122 146 151 172 188 191 195 220 225 233 ]
187: [ 1 26 46 47 55 62 65 73 80 97 120 126 127 128 133 137 139 140 152 183 ]
188: [ 5 9 29 32 33 49 50 58 67 128 137 143 165 167 186 214 ]
189: [ 20 21 32 41 50 64 79 83 102 142 143 176 179 184 204 ]
190: [ 15 20 25 32 38 51 53 60 82 88 91 96 119 179 182 215 229 231 246 247 ]
191: [ 8 19 96 144 157 161 167 175 176 186 209 213 219 221 233 ]
192: [ 59 64 83 86 88 89 128 130 139 144 148 150 163 170 177 193 195 216 243 250 ]
193: [ 7 63 72 110 115 134 169 192 209 226 227 233 244 ]
194: [ 26 35 39 67 151 216 223 ]
195: [ 11 28 49 65 70 92 94 98 99 101 111 152 157 169 178 185 186 192 201 204 206 ]
196: [ 5 23 43 60 87 126 132 145 163 164 167 175 182 220 228 231 248 ]
197: [ 32 58 98 119 142 179 199 247 ]
198: [ 25 48 49 52 88 90 97 99 100 132 135 140 150 157 167 179 185 221 234 235 ]
199: [ 25 44 58 76 96 100 105 113 153 179 197 200 227 230 232 ]
200: [ 2 6 20 22 35 55 183 199 ]
201: [ 66 72 117 155 156 172 195 217 223 228 ]
202: [ 15 26 42 58 82 97 101 179 183 220 227 228 232 233 ]
203: [ 34 35 117 122 126 129 163 173 217 227 232 244 246 250 ]
204: [ 17 23 42 55 74 93 146 174 189 195 215 224 233 ]
205: [ 2 9 38 39 91 93 103 107 116 119 127 133 161 ]
206: [ 23 34 51 98 112 128 173 195 ]
207: [ 21 23 28 40 44 48 51 54 74 75 95 120 130 166 169 175 209 246 ]
208: [ 15 55 73 76 77 88 114 141 163 ]
209: [ 7 39 50 58 63 65 83 102 105 111 124 156 191 193 207 248 ]
210: [ 17 19 27 28 36 38 39 71 84 92 100 114 139 231 235 244 ]
211: [ 9 53 85 103 127 237 240 250 ]
212: [ 8 9 12 29 31 37 83 88 122 143 149 165 173 183 219 ]
213: [ 2 54 55 59 72 77 107 137 166 168 172 175 183 191 215 222 224 225 249 ]
214: [ 11 22 24 32 51 88 117 154 157 188 228 239 ]
215: [ 7 31 38 57 70 80 104 125 137 139 140 156 171 173 176 179 182 190 204 213 225 ]
216: [ 31 32 34 36 61 75 93 114 170 192 194 241 249 ]
217: [ 2 24 77 112 125 141 149 151 201 203 225 236 239 ]
218: [ 6 15 18 23 33 53 77 87 121 128 151 219 ]
219: [ 21 24 36 43 66 78 81 87 94 102 117 130 143 191 212 218 239 ]
220: [ 114 119 122 134 140 157 186 196 202 234 247 ]
221: [ 11 36 97 132 159 161 166 191 198 231 234 238 244 ]
222: [ 11 31 38 42 55 89 134 213 230 ]
223: [ 13 14 17 35 43 53 78 128 133 165 179 194 201 225 248 ]
224: [ 2 11 27 43 44 54 56 114 118 146 167 204 213 225 226 238 ]
225: [ 2 88 90 96 106 110 114 118 134 164 168 186 213 215 217 223 224 ]
226: [ 2 10 21 26 28 68 74 82 121 142 145 155 181 193 224 241 248 ]
227: [ 5 9 20 34 66 78 90 93 100 104 128 145 147 177 179 193 199 202 203 236 ]
228: [ 2 10 11 13 18 27 139 142 144 150 179 196 201 202 214 248 ]
229: [ 2 8 32 59 139 190 242 ]
230: [ 21 27 75 84 91 134 199 222 243 245 ]
231: [ 13 46 49 81 130 190 196 210 221 ]
232: [ 5 11 18 20 30 59 84 102 122 126 150 158 164 182 199 202 203 ]
233: [ 2 15 28 30 42 61 109 115 143 149 158 167 186 191 193 202 204 236 ]
234: [ 7 15 16 18 24 25 59 65 75 85 91 105 112 116 162 173 198 220 221 ]
235: [ 40 42 59 60 74 95 146 152 161 166 198 210 ]
236: [ 11 18 45 54 64 72 73 97 127 130 138 169 217 227 233 246 ]
237: [ 13 28 42 49 68 82 96 131 161 211 242 ]
238: [ 24 30 53 116 124 157 183 221 224 ]
239: [ 9 47 60 71 78 82 91 105 123 142 172 214 217 219 ]
240: [ 16 31 49 77 85 129 146 211 ]
241: [ 3 11 14 15 39 60 71 87 114 152 158 168 175 216 226 ]
242: [ 47 49 78 97 129 143 149 172 229 237 ]
243: [ 32 33 43 49 55 64 73 75 83 89 104 141 160 162 165 192 230 248 ]
244: [ 6 26 35 42 47 51 63 86 120 136 140 148 155 173 193 203 210 221 ]
245: [ 15 16 22 23 50 51 61 80 109 127 139 163 172 230 250 ]
246: [ 41 123 177 190 203 207 236 ]
247: [ 2 57 58 75 101 122 133 142 169 179 180 190 197 220 248 250 ]
248: [ 9 71 120 129 167 169 196 209 223 226 228 243 247 ]
249: [ 19 41 46 99 126 154 167 213 216 ]
250: [ 3 83 114 119 151 164 168 179 184 192 203 211 245 247 ]
