1: [ 3 27 37 76 91 113 122 156 169 178 187 188 205 209 221 226 241 ]
2: [ 60 75 81 89 102 128 200 201 209 235 ]
3: [ 1 4 9 22 34 51 66 77 95 105 123 159 161 206 210 229 239 ]
4: [ 3 22 44 90 109 137 165 179 193 194 227 249 250 ]
5: [ 15 29 38 58 64 65 96 127 128 150 156 168 171 179 210 243 244 ]
6: [ 29 54 65 66 80 90 93 102 112 119 141 200 221 243 245 ]
7: [ 12 35 37 67 84 96 106 119 124 127 142 145 188 191 196 237 ]
8: [ 36 56 57 82 83 103 107 197 210 220 224 ]
9: [ 3 24 31 60 68 74 105 114 117 136 137 180 184 212 ]
10: [ 62 101 134 154 206 ]
11: [ 18 19 28 55 64 118 150 162 239 ]
12: [ 7 22 37 64 79 81 106 119 129 156 175 199 209 213 227 234 ]
13: [ 74 79 92 103 118 126 132 149 166 181 ]
14: [ 30 51 70 82 93 146 166 194 204 242 245 ]
15: [ 5 71 109 114 120 152 171 180 197 211 238 ]
16: [ 22 25 28 75 93 101 145 157 184 202 207 238 246 ]
17: [ 37 38 60 96 185 199 226 ]
18: [ 11 27 31 49 50 91 99 153 169 195 202 214 215 222 ]
19: [ 11 20 45 71 76 81 91 99 128 147 166 172 175 182 186 221 227 230 235 245 ]
20: [ 19 77 97 148 156 197 ]
21: [ 26 81 90 93 120 126 143 151 153 186 196 203 209 212 ]
22: [ 3 4 12 16 46 102 104 137 156 177 193 199 ]
23: [ 35 85 91 106 120 145 161 166 180 215 218 223 ]
24: [ 9 33 85 118 183 222 231 232 ]
25: [ 16 69 91 97 113 120 125 145 150 157 188 189 191 193 196 197 198 199 217 249 ]
26: [ 21 35 65 95 98 105 124 130 154 159 169 208 215 224 ]
27: [ 1 18 41 48 52 60 71 85 88 89 90 102 105 124 132 144 149 165 171 177 220 231 246 ]
28: [ 11 16 34 35 51 114 126 172 180 243 ]
29: [ 5 6 64 78 82 124 130 170 200 227 242 244 245 ]
30: [ 14 37 54 61 75 76 119 122 174 232 ]
31: [ 9 18 36 49 89 98 113 145 146 153 160 161 169 180 202 210 211 226 ]
32: [ 60 65 112 157 166 220 228 239 ]
33: [ 24 119 126 157 164 169 170 196 217 220 231 245 250 ]
34: [ 3 28 105 120 124 139 165 170 240 243 ]
35: [ 7 23 26 28 51 60 77 86 106 110 132 137 156 197 203 243 247 ]
36: [ 8 31 75 82 115 137 146 217 237 ]
37: [ 1 7 12 17 30 49 57 84 117 120 131 140 171 177 190 209 218 222 235 ]
38: [ 5 17 48 57 59 63 85 100 117 149 150 162 166 189 195 208 219 220 226 242 ]
39: [ 50 81 105 112 117 135 150 153 168 195 223 227 228 233 249 ]
40: [ 71 75 97 111 130 143 160 225 ]
41: [ 27 53 78 90 101 132 153 154 199 204 247 ]
42: [ 65 83 174 202 210 250 ]
43: [ 65 75 112 123 158 172 195 217 238 ]
44: [ 4 76 78 98 109 139 149 163 164 166 167 177 209 ]
45: [ 19 67 76 83 92 93 126 133 150 152 171 203 210 218 220 224 227 228 232 235 236 238 ]
46: [ 22 48 56 57 83 116 136 162 166 188 196 206 210 232 244 246 ]
47: [ 85 94 168 204 226 249 ]
48: [ 27 38 46 67 114 117 124 137 141 158 160 180 199 230 234 242 ]
49: [ 18 31 37 68 75 84 112 138 160 ]
50: [ 18 39 55 150 171 188 189 196 203 214 245 ]
51: [ 3 14 28 35 59 74 79 82 84 91 94 104 107 118 130 137 169 182 194 195 240 246 ]
52: [ 27 64 67 102 131 151 165 186 193 231 239 ]
53: [ 41 65 93 103 126 132 173 190 194 195 221 ]
54: [ 6 30 105 168 193 204 232 ]
55: [ 11 50 57 102 129 130 137 155 169 183 187 198 200 227 230 232 238 248 ]
56: [ 8 46 122 147 153 211 215 229 ]
57: [ 8 37 38 46 55 74 108 114 127 155 159 169 171 178 179 193 211 214 218 247 250 ]
58: [ 5 61 64 68 69 74 95 112 162 216 224 229 247 248 ]
59: [ 38 51 76 92 99 108 150 194 195 ]
60: [ 2 9 17 27 32 35 126 147 159 163 188 199 218 236 ]
61: [ 30 58 113 148 196 214 227 228 230 ]
62: [ 10 124 136 152 204 221 228 241 243 ]
63: [ 38 66 73 76 85 109 111 116 144 159 160 161 162 165 173 193 203 215 218 243 244 246 ]
64: [ 5 11 12 29 52 58 70 90 131 134 142 149 158 165 172 180 185 199 232 233 237 ]
65: [ 5 6 26 32 42 43 53 67 79 120 132 162 185 191 193 203 212 214 227 232 248 ]
66: [ 3 6 63 82 84 98 126 129 166 205 215 218 229 245 ]
67: [ 7 45 48 52 65 70 75 85 106 131 136 149 162 179 180 186 189 203 217 225 239 ]
68: [ 9 49 58 72 76 88 93 100 103 112 116 123 128 147 158 200 ]
69: [ 25 58 90 102 116 172 213 224 ]
70: [ 14 64 67 77 91 94 99 117 147 156 169 ]
71: [ 15 19 27 40 89 95 116 119 126 141 146 173 214 218 220 225 230 ]
72: [ 68 73 81 112 117 126 128 133 171 185 ]
73: [ 63 72 81 128 155 178 188 230 246 ]
74: [ 9 13 51 57 58 79 111 113 150 156 171 173 177 197 207 208 229 233 238 239 245 ]
75: [ 2 16 30 36 40 43 49 67 84 89 92 98 112 186 210 215 223 235 246 ]
76: [ 1 19 30 44 45 59 63 68 101 117 118 141 163 195 214 ]
77: [ 3 20 35 70 79 128 143 175 181 194 208 220 221 228 240 ]
78: [ 29 41 44 81 104 200 210 217 218 229 242 ]
79: [ 12 13 51 65 74 77 138 144 158 160 195 196 202 235 242 ]
80: [ 6 82 120 128 138 141 144 156 177 180 191 217 224 236 243 ]
81: [ 2 12 19 21 39 72 73 78 96 150 151 162 166 172 198 203 204 ]
82: [ 8 14 29 36 51 66 80 118 143 150 155 189 200 214 220 236 245 ]
83: [ 8 42 45 46 84 85 96 109 146 148 149 163 175 184 202 210 221 227 236 245 249 ]
84: [ 7 37 49 51 66 75 83 97 109 137 138 150 161 174 180 188 224 247 ]
85: [ 23 24 27 38 47 63 67 83 98 119 147 160 162 167 172 174 193 196 200 234 248 249 ]
86: [ 35 126 146 200 213 243 ]
87: [ 99 132 138 157 186 188 193 198 224 239 247 ]
88: [ 27 68 112 128 129 171 191 192 208 235 248 ]
89: [ 2 27 31 71 75 92 114 146 177 203 210 212 222 ]
90: [ 4 6 21 27 41 64 69 92 99 111 126 147 149 198 215 224 225 236 ]
91: [ 1 18 19 23 25 51 70 122 127 136 189 219 234 ]
92: [ 13 45 59 75 89 90 130 155 158 179 209 215 221 222 224 227 230 237 242 ]
93: [ 6 14 16 21 45 53 68 108 113 152 158 179 182 193 201 207 219 220 223 232 247 ]
94: [ 47 51 70 95 97 99 144 160 164 189 204 233 ]
95: [ 3 26 58 71 94 103 112 114 126 135 138 144 162 181 203 222 247 248 ]
96: [ 5 7 17 81 83 117 121 152 153 192 193 215 245 ]
97: [ 20 25 40 84 94 104 111 114 121 161 166 180 184 186 194 232 233 234 235 ]
98: [ 26 31 44 66 75 85 112 121 144 153 159 160 177 208 220 231 234 ]
99: [ 18 19 59 70 87 90 94 122 131 146 157 167 169 174 177 181 190 198 217 224 231 234 237 ]
100: [ 38 68 101 205 207 235 ]
101: [ 10 16 41 76 100 102 136 137 138 151 193 226 235 236 238 246 ]
102: [ 2 6 22 27 52 55 69 101 121 129 130 152 157 169 182 189 208 211 239 ]
103: [ 8 13 53 68 95 118 119 146 157 196 211 228 ]
104: [ 22 51 78 97 119 243 246 ]
105: [ 3 9 26 27 34 39 54 116 120 124 132 141 146 155 161 166 168 189 196 210 245 ]
106: [ 7 12 23 35 67 118 120 152 159 161 177 189 200 201 213 224 232 246 ]
107: [ 8 51 149 214 234 247 ]
108: [ 57 59 93 111 166 186 204 217 218 223 231 245 ]
109: [ 4 15 44 63 83 84 130 148 200 231 ]
110: [ 35 153 165 195 197 202 214 240 ]
111: [ 40 63 74 90 97 108 116 126 166 169 181 188 207 208 ]
112: [ 6 32 39 43 49 58 68 72 75 88 95 98 124 150 162 165 181 186 194 210 217 231 238 248 ]
113: [ 1 25 31 61 74 93 115 128 171 207 220 231 ]
114: [ 9 15 28 48 57 89 95 97 139 152 153 168 169 172 190 199 217 218 221 226 238 245 248 ]
115: [ 36 113 120 126 148 151 165 166 173 178 192 238 ]
116: [ 46 63 68 69 71 105 111 120 142 145 208 230 235 ]
117: [ 9 37 38 39 48 70 72 76 96 138 148 162 163 175 176 178 202 ]
118: [ 11 13 24 51 76 82 103 106 119 133 137 180 188 193 200 212 234 235 ]
119: [ 6 7 12 30 33 71 85 103 104 118 120 121 135 143 173 178 187 207 236 243 ]
120: [ 15 21 23 25 34 37 65 80 105 106 115 116 119 122 132 195 214 228 234 ]
121: [ 96 97 98 102 119 122 157 187 189 191 192 207 220 ]
122: [ 1 30 56 91 99 120 121 155 195 224 227 243 246 250 ]
123: [ 3 43 68 131 156 229 ]
124: [ 7 26 27 29 34 48 62 105 112 147 149 165 170 175 186 188 213 237 ]
125: [ 25 156 168 179 195 216 218 ]
126: [ 13 21 28 33 45 53 60 66 71 72 86 90 95 111 115 127 146 163 166 200 204 210 212 227 235 ]
127: [ 5 7 57 91 126 133 135 176 193 196 226 239 ]
128: [ 2 5 19 68 72 73 77 80 88 113 144 148 174 196 203 226 236 249 ]
129: [ 12 55 66 88 102 131 194 210 215 223 ]
130: [ 26 29 40 51 55 92 102 109 141 147 153 178 193 200 203 209 ]
131: [ 37 52 64 67 99 123 129 142 156 173 177 186 202 205 221 237 246 ]
132: [ 13 27 35 41 53 65 87 105 120 139 156 178 183 212 224 232 250 ]
133: [ 45 72 118 127 135 164 174 193 250 ]
134: [ 10 64 151 245 247 ]
135: [ 39 95 119 127 133 145 156 168 191 192 208 220 243 ]
136: [ 9 46 62 67 91 101 165 210 229 ]
137: [ 4 9 22 35 36 48 51 55 84 101 118 144 160 161 195 208 217 228 232 247 250 ]
138: [ 49 79 80 84 87 95 101 117 150 151 152 160 176 196 202 203 238 248 249 ]
139: [ 34 44 114 132 140 158 164 193 215 ]
140: [ 37 139 144 151 ]
141: [ 6 48 71 76 80 105 130 162 181 204 245 ]
142: [ 7 64 116 131 181 189 207 220 230 ]
143: [ 21 40 77 82 119 157 171 178 200 228 232 ]
144: [ 27 63 79 80 94 95 98 128 137 140 152 198 199 228 249 ]
145: [ 7 16 23 25 31 116 135 194 211 ]
146: [ 14 31 36 71 83 86 89 99 103 105 126 200 223 227 ]
147: [ 19 56 60 68 70 85 90 124 130 154 155 162 175 179 185 188 191 208 218 236 ]
148: [ 20 61 83 109 115 117 128 214 217 218 223 230 ]
149: [ 13 27 38 44 64 67 83 90 107 124 166 195 202 210 227 230 236 244 246 ]
150: [ 5 11 25 38 39 45 50 59 74 81 82 84 112 138 151 184 199 202 214 217 249 ]
151: [ 21 52 81 101 115 134 138 140 150 159 170 179 217 233 247 ]
152: [ 15 45 62 93 96 102 106 114 138 144 173 199 205 216 245 247 ]
153: [ 18 21 31 39 41 56 96 98 110 114 130 160 173 174 185 193 213 224 236 ]
154: [ 10 26 41 147 177 243 249 ]
155: [ 55 57 73 82 92 105 122 147 180 213 230 233 ]
156: [ 1 5 12 20 22 35 70 74 80 123 125 131 132 135 160 177 178 196 216 228 234 ]
157: [ 16 25 32 33 87 99 102 103 121 143 174 179 183 186 188 203 206 235 ]
158: [ 43 48 64 68 79 92 93 139 204 208 ]
159: [ 3 26 57 60 63 98 106 151 167 203 213 ]
160: [ 31 40 48 49 63 79 85 94 98 137 138 153 156 179 189 205 210 215 228 240 ]
161: [ 3 23 31 63 84 97 105 106 137 171 185 190 195 207 218 232 244 ]
162: [ 11 38 46 58 63 65 67 81 85 95 112 117 141 147 181 194 213 221 232 ]
163: [ 44 60 76 83 117 126 187 203 205 209 ]
164: [ 33 44 94 133 139 242 246 ]
165: [ 4 27 34 52 63 64 110 112 115 124 136 169 181 182 199 237 244 ]
166: [ 13 14 19 23 32 38 44 46 66 81 97 105 108 111 115 126 149 181 202 216 218 233 235 236 238 ]
167: [ 44 85 99 159 176 191 241 ]
168: [ 5 39 47 54 105 114 125 135 171 178 200 204 210 216 247 249 ]
169: [ 1 18 26 31 33 51 55 57 70 99 102 111 114 165 178 181 199 201 220 237 ]
170: [ 29 33 34 124 151 229 233 234 ]
171: [ 5 15 27 37 45 50 57 72 74 88 113 143 161 168 212 218 219 ]
172: [ 19 28 43 64 69 81 85 114 217 249 ]
173: [ 53 63 71 74 115 119 131 152 153 177 182 196 223 248 ]
174: [ 30 42 84 85 99 128 133 153 157 176 185 199 202 206 219 236 240 250 ]
175: [ 12 19 77 83 117 124 147 182 183 202 211 220 ]
176: [ 117 127 138 167 174 186 205 250 ]
177: [ 22 27 37 44 74 80 89 98 99 106 131 154 156 173 178 183 230 232 240 ]
178: [ 1 57 73 115 117 119 130 132 143 156 168 169 177 202 208 214 220 ]
179: [ 4 5 57 67 92 93 125 147 151 157 160 199 203 230 232 ]
180: [ 9 15 23 28 31 48 64 67 80 84 97 118 155 182 189 192 199 206 208 236 ]
181: [ 13 77 95 99 111 112 141 142 162 165 166 169 196 212 246 ]
182: [ 19 51 93 102 165 173 175 180 197 217 224 225 229 244 246 ]
183: [ 24 55 132 157 175 177 201 222 ]
184: [ 9 16 83 97 150 196 202 ]
185: [ 17 64 65 72 147 153 161 174 188 194 220 240 ]
186: [ 19 21 52 67 75 87 97 108 112 124 131 157 176 216 227 ]
187: [ 1 55 119 121 163 196 198 203 207 219 220 223 226 236 241 242 245 ]
188: [ 1 7 25 46 50 60 73 84 87 111 118 124 147 157 185 191 193 203 204 217 222 231 247 ]
189: [ 25 38 50 67 82 91 94 102 105 106 121 142 160 180 202 226 229 234 ]
190: [ 37 53 99 114 161 ]
191: [ 7 25 65 80 88 121 135 147 167 188 196 217 218 234 238 ]
192: [ 88 96 115 121 135 180 209 212 244 250 ]
193: [ 4 22 25 52 54 57 63 65 85 87 93 96 101 118 127 130 133 139 153 188 201 ]
194: [ 4 14 51 53 59 77 97 112 129 145 162 185 202 206 214 238 ]
195: [ 18 38 39 43 51 53 59 76 79 110 120 122 125 137 149 161 ]
196: [ 7 21 25 33 46 50 61 79 85 103 105 127 128 138 156 173 181 184 187 191 205 225 238 241 247 ]
197: [ 8 15 20 25 35 74 110 182 210 242 248 ]
198: [ 25 55 81 87 90 99 144 187 211 246 ]
199: [ 12 17 22 25 41 48 60 64 114 144 150 152 165 169 174 179 180 217 221 230 236 ]
200: [ 2 6 29 55 68 78 82 85 86 106 109 118 126 130 143 146 168 203 207 215 245 ]
201: [ 2 93 106 169 183 193 219 248 ]
202: [ 16 18 31 42 79 83 110 117 131 138 149 150 166 174 175 178 184 189 194 229 231 ]
203: [ 21 35 45 50 63 65 67 81 89 95 128 130 138 157 159 163 179 187 188 200 219 235 ]
204: [ 14 41 47 54 62 81 94 108 126 141 158 168 188 210 247 ]
205: [ 1 66 100 131 152 160 163 176 196 ]
206: [ 3 10 46 157 174 180 194 214 243 246 250 ]
207: [ 16 74 93 100 111 113 119 121 142 161 187 200 220 ]
208: [ 26 38 74 77 88 98 102 111 116 135 137 147 158 178 180 211 243 ]
209: [ 1 2 12 21 37 44 92 130 163 192 211 213 214 ]
210: [ 3 5 8 31 42 45 46 75 78 83 89 105 112 126 129 136 149 160 168 197 204 214 236 245 248 ]
211: [ 15 31 56 57 102 103 145 175 198 208 209 227 232 ]
212: [ 9 21 65 89 118 126 132 171 181 192 222 243 ]
213: [ 12 69 86 106 124 153 155 159 162 209 223 ]
214: [ 18 50 57 61 65 71 76 82 107 110 120 148 150 178 194 206 209 210 240 250 ]
215: [ 18 23 26 56 63 66 75 90 92 96 129 139 160 200 220 222 227 238 ]
216: [ 58 125 152 156 166 168 186 230 ]
217: [ 25 33 36 43 67 78 80 99 108 112 114 137 148 150 151 172 182 188 191 199 228 234 237 ]
218: [ 23 37 45 57 60 63 66 71 78 108 114 125 147 148 161 166 171 191 241 ]
219: [ 38 91 93 171 174 187 201 203 ]
220: [ 8 27 32 33 38 45 71 77 82 93 98 113 121 135 142 169 175 178 185 187 207 215 234 242 ]
221: [ 1 6 19 53 62 77 83 92 114 131 162 199 ]
222: [ 18 24 37 89 92 95 183 188 212 215 237 ]
223: [ 23 39 75 93 108 129 146 148 173 187 213 227 228 ]
224: [ 8 26 45 58 69 80 84 87 90 92 99 106 122 132 153 182 229 237 238 244 249 ]
225: [ 40 67 71 90 182 196 241 247 ]
226: [ 1 17 31 38 47 101 114 127 128 187 189 248 ]
227: [ 4 12 19 29 39 45 55 61 65 83 92 122 126 146 149 186 211 215 223 237 238 246 ]
228: [ 32 39 45 61 62 77 103 120 137 143 144 156 160 217 223 233 ]
229: [ 3 56 58 66 74 78 123 136 170 182 189 202 224 237 ]
230: [ 19 48 55 61 71 73 92 116 142 148 149 155 177 179 199 216 ]
231: [ 24 27 33 52 98 99 108 109 112 113 188 202 237 ]
232: [ 24 30 45 46 54 55 64 65 93 97 106 132 137 143 161 162 177 179 211 ]
233: [ 39 64 74 94 97 151 155 166 170 228 ]
234: [ 12 48 85 91 97 98 99 107 118 120 156 170 189 191 217 220 ]
235: [ 2 19 37 45 75 79 88 97 100 101 116 118 126 157 166 203 236 ]
236: [ 45 60 80 82 83 90 101 119 128 147 149 153 166 174 180 187 199 210 235 244 247 249 250 ]
237: [ 7 36 64 92 99 124 131 165 169 217 222 224 227 229 231 ]
238: [ 15 16 43 45 55 74 101 112 114 115 138 166 191 194 196 215 224 227 245 ]
239: [ 3 11 32 52 67 74 87 102 127 ]
240: [ 34 51 77 110 160 174 177 185 214 245 ]
241: [ 1 62 167 187 196 218 225 242 ]
242: [ 14 29 38 48 78 79 92 164 187 197 220 241 ]
243: [ 5 6 28 34 35 62 63 80 86 104 119 122 135 154 206 208 212 ]
244: [ 5 29 46 63 149 161 165 182 192 224 236 247 248 249 ]
245: [ 6 14 19 29 33 50 66 74 82 83 96 105 108 114 134 141 152 187 200 210 238 240 ]
246: [ 16 27 46 51 63 73 75 101 104 106 122 131 149 164 181 182 198 206 227 248 ]
247: [ 35 41 57 58 84 87 93 95 107 134 137 151 152 168 188 196 204 225 236 244 ]
248: [ 55 58 65 85 88 95 112 114 138 173 197 201 210 226 244 246 ]
249: [ 4 25 39 47 83 85 128 138 144 150 154 168 172 224 236 244 ]
250: [ 4 33 42 57 122 132 133 137 174 176 192 206 214 236 ]
