1: [ 16 19 30 46 56 58 62 63 83 90 101 162 169 171 174 186 218 219 220 244 ]
2: [ 7 33 49 105 130 167 191 198 235 ]
3: [ 49 82 92 115 124 139 158 164 167 181 ]
4: [ 71 98 117 121 164 172 181 191 220 229 ]
5: [ 9 14 19 60 71 92 98 103 104 107 111 124 125 129 130 132 139 162 180 198 210 236 ]
6: [ 17 26 33 38 47 55 62 65 74 88 101 143 147 166 185 187 207 216 234 235 ]
7: [ 2 26 28 42 90 105 124 126 130 160 175 182 193 223 ]
8: [ 27 135 172 186 191 ]
9: [ 5 17 45 55 62 85 112 135 176 179 185 207 208 211 230 232 234 250 ]
10: [ 11 59 73 91 109 164 183 188 189 208 249 ]
11: [ 10 26 35 81 117 124 141 142 157 169 177 228 244 249 ]
12: [ 33 87 98 101 110 116 124 164 231 ]
13: [ 19 22 28 40 49 85 108 123 138 141 147 155 172 205 222 235 236 244 250 ]
14: [ 5 25 27 31 44 74 77 79 87 110 116 131 150 167 182 205 211 215 233 237 241 244 ]
15: [ 33 66 78 110 199 202 225 246 ]
16: [ 1 83 86 94 127 128 151 191 216 219 230 ]
17: [ 6 9 20 27 48 61 71 88 92 94 96 119 137 163 169 172 213 240 ]
18: [ 28 52 53 68 79 96 107 123 135 146 148 151 172 180 187 191 199 204 205 210 220 243 ]
19: [ 1 5 13 22 35 36 42 76 106 109 110 111 113 118 123 157 161 168 172 175 183 190 208 243 ]
20: [ 17 62 90 104 107 116 122 143 183 190 205 221 222 ]
21: [ 105 107 116 118 120 170 200 209 211 214 218 228 234 238 246 ]
22: [ 13 19 24 42 64 67 92 115 117 127 138 140 166 191 238 241 243 247 ]
23: [ 84 86 92 169 172 214 ]
24: [ 22 37 51 53 61 111 120 165 174 223 ]
25: [ 14 34 68 79 85 115 132 133 150 182 220 222 ]
26: [ 6 7 11 29 41 46 84 160 167 193 211 225 234 244 ]
27: [ 8 14 17 62 90 104 112 122 143 165 197 203 207 227 231 244 ]
28: [ 7 13 18 45 49 62 83 109 162 178 180 233 234 ]
29: [ 26 31 116 128 141 143 220 250 ]
30: [ 1 37 66 97 108 117 125 160 172 174 185 215 237 242 249 ]
31: [ 14 29 34 38 55 92 179 188 ]
32: [ 41 64 78 96 97 98 109 117 160 168 ]
33: [ 2 6 12 15 61 73 79 94 96 98 118 171 189 206 222 240 ]
34: [ 25 31 80 94 99 101 106 163 231 ]
35: [ 11 19 59 72 84 91 119 137 160 192 199 220 ]
36: [ 19 74 87 97 100 107 122 145 151 166 167 179 221 224 236 243 248 ]
37: [ 24 30 45 69 113 129 133 138 144 162 174 181 189 190 192 195 200 204 228 ]
38: [ 6 31 56 90 123 127 130 148 157 162 181 184 200 219 220 232 234 243 248 ]
39: [ 73 118 133 201 205 208 216 220 221 226 230 ]
40: [ 13 41 68 74 76 94 100 116 160 194 205 206 222 ]
41: [ 26 32 40 48 49 54 69 94 118 131 177 193 202 204 ]
42: [ 7 19 22 74 81 93 96 112 116 139 159 164 183 186 204 212 227 239 242 ]
43: [ 60 83 131 167 169 248 ]
44: [ 14 67 76 80 93 97 99 125 126 136 140 163 178 211 244 ]
45: [ 9 28 37 49 57 58 70 72 106 151 171 194 208 212 249 250 ]
46: [ 1 26 53 55 60 69 80 135 140 141 179 192 221 228 241 ]
47: [ 6 69 78 120 130 145 216 ]
48: [ 17 41 60 74 107 117 122 162 209 238 241 ]
49: [ 2 3 13 28 41 45 56 68 73 98 122 154 178 185 211 219 223 ]
50: [ 67 83 102 125 128 134 156 179 181 185 188 197 205 206 207 220 ]
51: [ 24 58 83 89 92 112 ]
52: [ 18 73 100 113 131 135 142 154 155 161 172 197 246 ]
53: [ 18 24 46 82 103 124 144 151 157 158 166 196 202 205 ]
54: [ 41 65 75 88 104 203 246 250 ]
55: [ 6 9 31 46 61 78 80 88 90 97 103 115 123 128 129 158 165 179 191 227 229 235 ]
56: [ 1 38 49 80 85 94 119 124 129 130 134 143 145 156 ]
57: [ 45 97 115 129 152 164 199 200 211 225 235 ]
58: [ 1 45 51 60 76 79 94 130 135 159 186 190 191 212 220 239 241 248 ]
59: [ 10 35 72 83 122 133 198 200 209 225 ]
60: [ 5 43 46 48 58 97 109 138 147 177 185 210 ]
61: [ 17 24 33 55 67 73 91 123 125 188 205 215 234 235 ]
62: [ 1 6 9 20 27 28 71 141 169 194 195 217 222 246 ]
63: [ 1 76 84 96 124 164 176 236 ]
64: [ 22 32 67 68 71 111 123 125 160 165 218 ]
65: [ 6 54 76 87 94 112 126 136 163 177 205 224 241 247 ]
66: [ 15 30 114 118 122 247 ]
67: [ 22 44 50 61 64 72 111 139 143 185 219 223 225 231 ]
68: [ 18 25 40 49 64 78 82 91 96 99 103 123 160 195 206 ]
69: [ 37 41 46 47 78 79 83 85 86 88 98 120 126 135 145 171 199 233 249 ]
70: [ 45 73 113 119 132 209 ]
71: [ 4 5 17 62 64 92 96 97 99 100 124 138 144 181 182 184 202 205 206 211 216 220 223 243 ]
72: [ 35 45 59 67 78 79 88 104 129 168 173 230 250 ]
73: [ 10 33 39 49 52 61 70 88 93 97 98 171 187 190 208 212 215 218 222 ]
74: [ 6 14 36 40 42 48 92 97 105 140 155 198 202 203 244 ]
75: [ 54 76 85 90 132 140 161 163 190 192 241 ]
76: [ 19 40 44 58 63 65 75 107 119 120 140 180 197 198 216 244 249 ]
77: [ 14 199 ]
78: [ 15 32 47 55 68 69 72 92 132 137 138 143 165 177 191 210 216 235 241 249 ]
79: [ 14 18 25 33 58 69 72 116 123 128 140 155 177 179 184 193 221 242 ]
80: [ 34 44 46 55 56 85 98 111 118 150 166 176 186 205 219 222 224 ]
81: [ 11 42 99 120 139 144 151 167 172 185 ]
82: [ 3 53 68 86 88 96 98 99 103 107 139 161 162 170 176 201 ]
83: [ 1 16 28 43 50 51 59 69 95 104 139 142 144 145 180 200 224 246 249 ]
84: [ 23 26 35 63 107 162 163 199 210 ]
85: [ 9 13 25 56 69 75 80 118 125 144 159 164 182 187 196 208 232 243 ]
86: [ 16 23 69 82 87 99 125 132 165 173 180 191 194 199 200 202 212 222 239 244 ]
87: [ 12 14 36 65 86 99 109 118 126 152 159 189 203 212 215 218 223 230 236 ]
88: [ 6 17 54 55 69 72 73 82 99 118 155 202 216 218 230 246 ]
89: [ 51 95 117 131 144 165 182 195 202 210 249 ]
90: [ 1 7 20 27 38 55 75 92 106 115 122 144 174 181 199 216 218 236 242 ]
91: [ 10 35 61 68 109 111 119 149 163 187 201 205 241 243 ]
92: [ 3 5 17 22 23 31 51 71 74 78 90 94 110 116 125 161 163 223 225 ]
93: [ 42 44 73 190 219 ]
94: [ 16 17 33 34 40 41 56 58 65 92 114 140 150 157 164 168 175 186 193 212 217 240 ]
95: [ 83 89 117 138 144 161 195 ]
96: [ 17 18 32 33 42 63 68 71 82 98 110 122 141 142 164 176 186 200 214 215 ]
97: [ 30 32 36 44 55 57 60 71 73 74 103 118 119 157 170 174 191 197 234 246 ]
98: [ 4 5 12 32 33 49 69 73 80 82 96 128 129 171 180 182 241 243 ]
99: [ 34 44 68 71 81 82 86 87 88 123 124 133 136 142 177 195 200 202 235 ]
100: [ 36 40 52 71 110 112 114 141 160 188 190 193 202 215 218 224 227 ]
101: [ 1 6 12 34 164 171 172 199 200 210 215 219 246 ]
102: [ 50 128 132 137 143 150 179 220 222 235 ]
103: [ 5 53 55 68 82 97 107 152 160 184 189 198 206 208 228 235 237 ]
104: [ 5 20 27 54 72 83 131 226 ]
105: [ 2 7 21 74 107 126 128 129 175 225 ]
106: [ 19 34 45 90 132 134 177 192 219 ]
107: [ 5 18 20 21 36 48 76 82 84 103 105 130 153 161 164 176 177 178 188 194 212 ]
108: [ 13 30 133 212 ]
109: [ 10 19 28 32 60 87 91 138 157 173 205 224 230 ]
110: [ 12 14 15 19 92 96 100 129 165 170 194 203 206 215 222 246 ]
111: [ 5 19 24 64 67 80 91 134 139 149 177 187 189 209 214 244 ]
112: [ 9 27 42 51 65 100 127 138 187 222 233 ]
113: [ 19 37 52 70 149 249 ]
114: [ 66 94 100 166 199 212 217 223 225 247 ]
115: [ 3 22 25 55 57 90 119 131 142 170 174 186 216 238 244 ]
116: [ 12 14 20 21 29 40 42 79 92 163 169 178 193 195 212 215 225 237 ]
117: [ 4 11 22 30 32 48 89 95 143 154 156 162 209 231 237 243 ]
118: [ 19 21 33 39 41 66 80 85 87 88 97 147 149 162 187 192 204 209 213 ]
119: [ 17 35 56 70 76 91 97 115 134 138 144 168 194 208 221 236 ]
120: [ 21 24 47 69 76 81 132 140 148 174 176 202 208 211 ]
121: [ 4 167 175 207 ]
122: [ 20 27 36 48 49 59 66 90 96 139 175 189 216 ]
123: [ 13 18 19 38 55 61 64 68 79 99 125 127 128 134 135 152 160 187 219 248 250 ]
124: [ 3 5 7 11 12 53 56 63 71 99 131 151 160 174 180 193 198 210 244 ]
125: [ 5 30 44 50 61 64 85 86 92 123 131 133 152 165 174 191 195 206 219 234 235 242 247 ]
126: [ 7 44 65 69 87 105 ]
127: [ 16 22 38 112 123 ]
128: [ 16 29 50 55 79 98 102 105 123 132 144 165 168 181 198 215 225 230 249 ]
129: [ 5 37 55 56 57 72 98 105 110 144 169 175 186 206 237 ]
130: [ 2 5 7 38 47 56 58 107 135 136 149 158 165 184 189 204 225 ]
131: [ 14 41 43 52 89 104 115 124 125 139 189 191 234 244 ]
132: [ 5 25 70 75 78 86 102 106 120 128 133 138 141 166 205 212 216 227 ]
133: [ 25 37 39 59 99 108 125 132 149 157 185 195 200 211 229 ]
134: [ 50 56 106 111 119 123 135 143 153 186 ]
135: [ 8 9 18 46 52 58 69 123 130 134 138 167 190 191 200 206 212 216 219 230 ]
136: [ 44 65 99 130 138 139 174 178 187 230 ]
137: [ 17 35 78 102 153 166 169 175 ]
138: [ 13 22 37 60 71 78 95 109 112 119 132 135 136 163 186 187 205 ]
139: [ 3 5 42 67 81 82 83 111 122 131 136 153 162 181 182 195 235 ]
140: [ 22 44 46 74 75 76 79 94 120 175 176 179 180 181 182 185 186 187 196 ]
141: [ 11 13 29 46 62 96 100 132 179 186 213 222 226 245 ]
142: [ 11 52 83 96 99 115 156 190 197 204 211 214 248 ]
143: [ 6 20 27 29 56 67 78 102 117 134 148 152 157 165 167 169 186 191 198 207 217 239 247 ]
144: [ 37 53 71 81 83 85 89 90 95 119 128 129 170 189 196 205 ]
145: [ 36 47 56 69 83 152 193 234 241 ]
146: [ 18 179 198 202 241 ]
147: [ 6 13 60 118 179 235 ]
148: [ 18 38 120 143 174 177 202 230 235 240 ]
149: [ 91 111 113 118 130 133 215 221 234 250 ]
150: [ 14 25 80 94 102 184 193 194 ]
151: [ 16 18 36 45 53 81 124 165 187 198 217 222 250 ]
152: [ 57 87 103 123 125 143 145 167 172 173 177 194 199 243 245 ]
153: [ 107 134 137 139 171 212 217 221 ]
154: [ 49 52 117 187 202 234 ]
155: [ 13 52 74 79 88 235 ]
156: [ 50 56 117 142 164 184 204 219 ]
157: [ 11 19 38 53 94 97 109 133 143 181 204 213 214 222 230 231 244 ]
158: [ 3 53 55 130 176 191 ]
159: [ 42 58 85 87 160 167 175 179 180 200 224 234 ]
160: [ 7 26 30 32 35 40 64 68 100 103 123 124 159 243 249 ]
161: [ 19 52 75 82 92 95 107 168 187 199 226 230 233 ]
162: [ 1 5 28 37 38 48 82 84 117 118 139 167 170 179 188 197 204 241 242 247 ]
163: [ 17 34 44 65 75 84 91 92 116 138 179 202 235 246 ]
164: [ 3 4 10 12 42 57 63 85 94 96 101 107 156 177 199 200 211 231 248 249 ]
165: [ 24 27 55 64 78 86 89 110 125 128 130 143 151 171 216 223 ]
166: [ 6 22 36 53 80 114 132 137 180 205 ]
167: [ 2 3 14 26 36 43 81 121 135 143 152 159 162 180 184 194 208 ]
168: [ 19 32 72 94 119 128 161 174 175 194 198 231 234 246 247 ]
169: [ 1 11 17 23 43 62 116 129 137 143 181 186 206 211 230 246 ]
170: [ 21 82 97 110 115 144 162 180 244 247 ]
171: [ 1 33 45 69 73 98 101 153 165 175 176 247 ]
172: [ 4 8 13 17 18 19 23 30 52 81 101 152 177 188 205 214 226 236 246 249 ]
173: [ 72 86 109 152 182 226 ]
174: [ 1 24 30 37 90 97 115 120 124 125 136 148 168 176 185 204 205 216 222 231 244 250 ]
175: [ 7 19 94 105 121 122 129 137 140 159 168 171 190 191 229 243 ]
176: [ 9 63 80 82 96 107 120 140 158 171 174 186 201 220 ]
177: [ 11 41 60 65 78 79 99 106 107 111 148 152 164 172 216 220 234 ]
178: [ 28 44 49 107 116 136 188 214 223 236 ]
179: [ 9 31 36 46 50 55 79 102 140 141 146 147 159 162 163 235 249 ]
180: [ 5 18 28 76 83 86 98 124 140 159 166 167 170 183 246 248 ]
181: [ 3 4 37 38 50 71 90 128 139 140 157 169 197 215 220 223 225 228 ]
182: [ 7 14 25 71 85 89 98 139 140 173 194 202 218 229 232 ]
183: [ 10 19 20 42 180 192 195 196 200 203 234 237 ]
184: [ 38 71 79 103 130 150 156 167 189 194 208 243 ]
185: [ 6 9 30 49 50 60 67 81 133 140 174 187 190 246 ]
186: [ 1 8 42 58 80 94 96 115 129 134 138 140 141 143 169 176 190 201 212 224 228 239 248 ]
187: [ 6 18 73 85 91 111 112 118 123 136 138 140 151 154 161 185 216 ]
188: [ 10 31 50 61 100 107 162 172 178 199 223 233 ]
189: [ 10 33 37 87 103 111 122 130 131 144 184 198 205 222 242 ]
190: [ 19 20 37 58 73 75 93 100 135 142 175 185 186 242 247 ]
191: [ 2 4 8 16 18 22 55 58 78 86 97 125 131 135 143 158 175 217 234 242 247 ]
192: [ 35 37 46 75 106 118 183 203 215 223 247 ]
193: [ 7 26 41 79 94 100 116 124 145 150 222 227 250 ]
194: [ 40 45 62 86 107 110 119 150 152 167 168 182 184 241 242 247 ]
195: [ 37 62 68 89 95 99 116 125 133 139 183 212 248 249 ]
196: [ 53 85 140 144 183 202 246 ]
197: [ 27 50 52 76 97 142 162 181 222 225 243 ]
198: [ 2 5 59 74 76 103 124 128 143 146 151 168 189 203 231 249 ]
199: [ 15 18 35 57 69 77 84 86 90 101 114 152 161 164 188 203 213 231 ]
200: [ 21 37 38 57 59 83 86 96 99 101 133 135 159 164 183 209 211 217 235 250 ]
201: [ 39 82 91 176 186 233 ]
202: [ 15 41 53 71 74 86 88 89 99 100 120 146 148 154 163 182 196 225 ]
203: [ 27 54 74 87 110 183 192 198 199 210 216 243 ]
204: [ 18 37 41 42 118 130 142 156 157 162 174 205 210 211 219 221 235 247 ]
205: [ 13 14 18 20 39 40 50 53 61 65 71 80 91 109 132 138 144 166 172 174 189 204 229 244 ]
206: [ 33 40 50 68 71 103 110 125 129 135 169 235 248 249 ]
207: [ 6 9 27 50 121 143 240 ]
208: [ 9 10 19 39 45 73 85 103 119 120 167 184 216 ]
209: [ 21 48 59 70 111 117 118 200 230 237 ]
210: [ 5 18 60 78 84 89 101 124 203 204 234 ]
211: [ 9 14 21 26 44 49 57 71 120 133 142 164 169 200 204 221 223 239 ]
212: [ 42 45 58 73 86 87 94 107 108 114 116 132 135 153 186 195 215 232 238 242 ]
213: [ 17 118 141 157 199 224 ]
214: [ 21 23 96 111 142 157 172 178 217 224 249 ]
215: [ 14 30 61 73 87 96 100 101 110 116 128 149 181 192 212 222 241 ]
216: [ 6 16 39 47 71 76 78 88 90 115 122 132 135 165 174 177 187 203 208 238 248 ]
217: [ 62 94 114 143 151 153 191 200 214 247 ]
218: [ 1 21 64 73 87 88 90 100 182 249 ]
219: [ 1 16 38 49 67 80 93 101 106 123 125 135 156 204 ]
220: [ 1 4 18 25 29 35 38 39 50 58 71 102 176 177 181 222 241 ]
221: [ 20 36 39 46 79 119 149 153 204 211 ]
222: [ 13 20 25 33 40 62 73 80 86 102 110 112 141 151 157 174 189 193 197 215 220 241 ]
223: [ 7 24 49 67 71 87 92 114 165 178 181 188 192 211 235 245 ]
224: [ 36 65 80 83 100 109 159 186 213 214 ]
225: [ 15 26 57 59 67 92 105 114 116 128 130 181 197 202 ]
226: [ 39 104 141 161 172 173 240 ]
227: [ 27 42 55 100 132 193 243 ]
228: [ 11 21 37 46 103 181 186 244 245 ]
229: [ 4 55 133 175 182 205 237 239 242 249 ]
230: [ 9 16 39 72 87 88 109 128 135 136 148 157 161 169 209 248 249 ]
231: [ 12 27 34 67 117 157 164 168 174 198 199 235 241 ]
232: [ 9 38 85 182 212 ]
233: [ 14 28 69 112 161 188 201 234 241 ]
234: [ 6 9 21 26 28 38 61 97 125 131 145 149 154 159 168 177 183 191 210 233 ]
235: [ 2 6 13 55 57 61 78 99 102 103 125 139 147 148 155 163 179 200 204 206 223 231 249 ]
236: [ 5 13 36 63 87 90 119 172 178 ]
237: [ 14 30 103 116 117 129 183 209 229 ]
238: [ 21 22 48 115 212 216 ]
239: [ 42 58 86 143 186 211 229 ]
240: [ 17 33 94 148 207 226 ]
241: [ 14 22 46 48 58 65 75 78 91 98 145 146 162 194 215 220 222 231 233 247 ]
242: [ 30 42 79 90 125 162 189 190 191 194 212 229 247 ]
243: [ 18 19 22 36 38 71 85 91 98 117 152 160 175 184 197 203 227 ]
244: [ 1 11 13 14 26 27 44 74 76 86 111 115 124 131 157 170 174 205 228 ]
245: [ 141 152 223 228 246 ]
246: [ 15 21 52 54 62 83 88 97 101 110 163 168 169 172 180 185 196 245 ]
247: [ 22 65 66 114 125 143 162 168 170 171 190 191 192 194 204 217 241 242 ]
248: [ 36 38 43 58 123 142 164 180 186 195 206 216 230 ]
249: [ 10 11 30 45 69 76 78 83 89 113 128 160 164 172 179 195 198 206 214 218 229 230 235 ]
250: [ 9 13 29 45 54 72 123 149 151 174 193 200 ]
