1: [ 13 45 46 51 62 64 85 95 96 104 107 109 116 150 224 242 ]
2: [ 30 31 95 98 114 150 163 172 173 210 ]
3: [ 12 44 45 57 71 101 109 121 193 202 ]
4: [ 5 7 33 58 60 77 80 98 103 107 109 117 124 130 137 160 211 221 223 239 ]
5: [ 4 46 54 88 89 92 93 103 129 136 170 179 191 206 229 242 248 ]
6: [ 54 67 82 93 99 139 143 151 159 216 228 229 236 ]
7: [ 4 10 21 37 54 72 77 82 104 109 128 129 148 155 170 172 203 206 208 213 214 215 225 238 ]
8: [ 18 163 170 191 ]
9: [ 12 35 50 53 76 97 107 109 120 133 148 153 165 177 208 244 ]
10: [ 7 19 47 52 65 79 82 87 114 138 149 151 154 165 166 178 181 184 187 188 204 208 215 228 249 250 ]
11: [ 14 35 41 67 89 124 136 143 149 153 167 172 194 196 213 237 243 ]
12: [ 3 9 65 67 72 90 92 95 110 121 143 146 147 157 181 187 204 205 ]
13: [ 1 47 57 60 63 65 73 78 148 161 165 232 244 ]
14: [ 11 24 26 37 46 60 110 134 137 146 153 160 185 191 203 235 237 243 249 ]
15: [ 22 31 35 42 53 124 137 145 164 172 175 178 182 194 196 202 211 233 240 249 ]
16: [ 43 49 54 55 79 105 132 137 144 170 203 ]
17: [ 29 46 49 86 88 145 153 193 203 212 222 ]
18: [ 8 33 48 76 95 97 123 154 155 168 193 208 218 228 240 242 ]
19: [ 10 28 44 79 81 94 103 118 128 137 163 175 178 198 205 246 ]
20: [ 51 53 76 77 103 116 126 139 148 164 233 236 ]
21: [ 7 24 31 34 47 97 110 134 161 168 196 241 ]
22: [ 15 24 33 73 84 112 118 125 140 143 190 207 218 232 ]
23: [ 29 35 45 53 80 89 121 172 176 200 227 228 ]
24: [ 14 21 22 31 34 36 87 113 143 152 163 169 180 195 224 225 234 239 240 244 ]
25: [ 40 57 165 221 229 232 ]
26: [ 14 46 73 83 141 142 175 189 205 ]
27: [ 60 73 75 112 132 135 161 165 200 220 249 ]
28: [ 19 32 47 48 60 71 76 86 95 104 105 125 138 146 157 165 170 172 177 203 204 206 213 243 249 ]
29: [ 17 23 31 33 39 53 82 92 98 104 112 151 156 170 171 175 182 200 233 ]
30: [ 2 46 49 65 132 201 214 216 225 232 236 241 ]
31: [ 2 15 21 24 29 49 59 64 65 70 94 101 120 156 163 167 232 235 ]
32: [ 28 39 78 79 80 85 155 159 180 186 209 210 ]
33: [ 4 18 22 29 41 71 85 91 94 109 134 141 170 173 176 181 201 205 208 212 224 ]
34: [ 21 24 43 86 136 156 170 171 183 186 191 197 244 ]
35: [ 9 11 15 23 45 81 98 121 131 143 155 175 177 207 229 234 248 ]
36: [ 24 62 72 163 209 228 ]
37: [ 7 14 50 53 56 79 98 113 130 140 141 145 151 160 186 187 214 217 232 241 ]
38: [ 46 79 86 155 162 163 164 217 243 ]
39: [ 29 32 43 87 92 95 109 116 148 156 181 182 192 204 234 ]
40: [ 25 51 52 58 63 74 75 76 93 113 117 120 132 138 139 153 160 178 211 225 226 244 ]
41: [ 11 33 65 91 97 122 137 138 201 207 248 ]
42: [ 15 53 86 110 136 166 ]
43: [ 16 34 39 51 61 65 72 107 118 125 140 153 157 160 194 210 ]
44: [ 3 19 93 166 184 ]
45: [ 1 3 23 35 56 57 63 67 75 79 80 82 110 117 164 171 174 192 200 237 ]
46: [ 1 5 14 17 26 30 38 59 71 139 146 147 178 198 205 211 249 ]
47: [ 10 13 21 28 56 58 90 104 142 161 168 172 174 178 191 205 209 214 218 247 250 ]
48: [ 18 28 89 93 129 137 143 161 163 201 ]
49: [ 16 17 30 31 51 56 72 96 134 136 157 163 203 217 ]
50: [ 9 37 53 88 135 152 171 182 192 211 225 ]
51: [ 1 20 40 43 49 56 64 69 80 84 90 96 99 107 121 148 166 172 208 225 ]
52: [ 10 40 55 57 77 87 89 90 95 100 108 114 123 146 150 152 155 175 186 188 190 191 224 ]
53: [ 9 15 20 23 29 37 42 50 55 79 87 90 94 120 142 148 164 165 194 201 205 213 218 225 234 ]
54: [ 5 6 7 16 62 74 96 112 134 160 167 171 183 184 192 210 234 ]
55: [ 16 52 53 84 85 98 104 121 138 141 156 191 236 245 ]
56: [ 37 45 47 49 51 80 157 190 198 200 233 236 237 ]
57: [ 3 13 25 45 52 72 74 88 100 103 108 140 144 150 161 167 171 181 208 218 226 234 247 ]
58: [ 4 40 47 105 113 128 132 164 174 185 234 249 ]
59: [ 31 46 67 94 102 150 152 155 158 162 165 213 236 ]
60: [ 4 13 14 27 28 75 104 109 159 178 207 212 ]
61: [ 43 87 112 119 121 174 182 185 198 202 203 216 221 228 242 247 ]
62: [ 1 36 54 67 72 83 86 98 101 103 104 106 139 162 177 186 188 217 229 233 234 247 ]
63: [ 13 40 45 74 92 94 169 173 188 194 200 211 213 225 232 ]
64: [ 1 31 51 68 77 81 82 92 94 118 143 165 217 227 234 247 ]
65: [ 10 12 13 30 31 41 43 69 72 97 104 109 113 126 127 152 155 162 191 198 207 215 ]
66: [ 84 97 101 105 122 132 135 139 155 163 164 184 227 246 ]
67: [ 6 11 12 45 59 62 80 89 94 122 125 149 168 193 210 239 245 ]
68: [ 64 79 93 94 108 112 120 179 207 216 220 223 227 228 ]
69: [ 51 65 76 133 143 153 162 174 237 246 249 ]
70: [ 31 79 159 161 166 173 177 184 187 198 203 211 225 230 231 236 239 240 244 ]
71: [ 3 28 33 46 94 105 110 131 135 145 237 ]
72: [ 7 12 36 43 49 57 62 65 79 85 93 137 143 195 198 201 216 221 234 236 ]
73: [ 13 22 26 27 80 85 88 90 106 129 138 152 153 173 178 212 226 236 248 ]
74: [ 40 54 57 63 86 88 99 111 136 156 164 170 208 227 239 ]
75: [ 27 40 45 60 84 100 115 138 156 180 199 203 206 207 217 247 250 ]
76: [ 9 18 20 28 40 69 86 91 125 134 148 150 153 161 170 171 176 191 199 206 214 ]
77: [ 4 7 20 52 64 85 95 105 111 118 119 121 147 148 159 170 188 195 207 210 211 224 225 248 ]
78: [ 13 32 105 138 139 140 150 166 203 208 226 227 228 237 ]
79: [ 10 16 19 32 37 38 45 53 68 70 72 86 103 139 153 186 213 237 ]
80: [ 4 23 32 45 51 56 67 73 88 115 210 226 237 245 ]
81: [ 19 35 64 82 97 98 103 116 121 137 139 141 150 157 172 209 221 225 ]
82: [ 6 7 10 29 45 64 81 84 90 126 146 150 175 185 209 214 223 225 232 ]
83: [ 26 62 86 87 97 112 116 119 143 159 166 173 184 217 ]
84: [ 22 51 55 66 75 82 86 97 98 101 105 213 ]
85: [ 1 32 33 55 72 73 77 87 105 112 139 166 203 208 211 222 225 247 ]
86: [ 17 28 34 38 42 62 74 76 79 83 84 104 110 111 123 148 150 152 153 182 189 211 212 214 224 ]
87: [ 10 24 39 52 53 61 83 85 106 116 135 138 143 145 173 200 213 239 249 ]
88: [ 5 17 50 57 73 74 80 99 109 116 155 163 199 202 ]
89: [ 5 11 23 48 52 67 99 125 146 153 167 186 227 ]
90: [ 12 47 51 52 53 73 82 92 118 141 152 165 182 186 207 213 224 230 ]
91: [ 33 41 76 92 96 99 113 114 126 150 155 162 163 168 181 191 211 215 217 241 ]
92: [ 5 12 29 39 63 64 90 91 95 121 131 135 136 156 159 192 212 217 228 239 246 ]
93: [ 5 6 40 44 48 68 72 121 127 135 175 208 212 214 225 228 234 235 242 245 250 ]
94: [ 19 31 33 53 59 63 64 67 68 71 97 105 110 122 125 162 167 175 200 218 233 244 245 ]
95: [ 1 2 12 18 28 39 52 77 92 101 145 170 213 222 229 ]
96: [ 1 49 51 54 91 108 109 166 176 ]
97: [ 9 18 21 41 65 66 81 83 84 94 104 107 112 132 138 174 184 215 217 227 248 ]
98: [ 2 4 29 35 37 55 62 81 84 109 126 127 132 150 156 196 212 239 ]
99: [ 6 51 74 88 89 91 101 141 167 236 238 ]
100: [ 52 57 75 116 119 156 200 242 248 ]
101: [ 3 31 62 66 84 95 99 128 131 135 146 153 159 161 171 174 194 221 230 ]
102: [ 59 170 196 218 224 238 ]
103: [ 4 5 19 20 57 62 79 81 104 115 162 163 173 188 194 195 218 219 226 228 ]
104: [ 1 7 28 29 47 55 60 62 65 86 97 103 135 140 153 169 173 182 191 222 246 ]
105: [ 16 28 58 66 71 77 78 84 85 94 141 143 153 155 161 178 194 240 246 ]
106: [ 62 73 87 116 132 140 207 ]
107: [ 1 4 9 43 51 97 117 138 146 191 192 205 228 233 237 250 ]
108: [ 52 57 68 96 134 210 212 229 ]
109: [ 1 3 4 7 9 33 39 60 65 88 96 98 122 131 135 136 142 143 149 163 199 207 217 229 235 248 ]
110: [ 12 14 21 42 45 71 86 94 121 144 160 177 178 192 213 239 246 ]
111: [ 74 77 86 126 184 209 210 212 240 ]
112: [ 22 27 29 54 61 68 83 85 97 113 155 157 176 183 202 229 ]
113: [ 24 37 40 58 65 91 112 137 188 205 212 ]
114: [ 2 10 52 91 125 149 155 172 196 205 211 224 ]
115: [ 75 80 103 135 152 178 180 197 207 212 218 ]
116: [ 1 20 39 81 83 87 88 100 106 129 132 143 161 178 179 182 188 206 213 221 233 ]
117: [ 4 40 45 107 120 138 159 188 192 224 ]
118: [ 19 22 43 64 77 90 119 131 155 163 229 ]
119: [ 61 77 83 100 118 127 135 140 143 155 156 163 164 167 169 174 176 224 226 231 ]
120: [ 9 31 40 53 68 117 155 162 168 170 186 203 206 218 227 237 246 ]
121: [ 3 12 23 35 51 55 61 77 81 92 93 110 127 140 141 209 219 221 222 225 229 237 ]
122: [ 41 66 67 94 109 124 130 164 167 171 179 200 203 213 222 224 227 228 246 248 249 ]
123: [ 18 52 86 157 174 188 200 201 ]
124: [ 4 11 15 122 148 185 ]
125: [ 22 28 43 67 76 89 94 114 131 137 153 163 167 173 181 182 184 198 202 221 228 230 244 ]
126: [ 20 65 82 91 98 111 153 164 170 201 247 ]
127: [ 65 93 98 119 121 133 162 203 ]
128: [ 7 19 58 101 149 180 181 204 217 221 232 233 ]
129: [ 5 7 48 73 116 135 137 ]
130: [ 4 37 122 161 192 ]
131: [ 35 71 92 101 109 118 125 156 164 208 229 244 246 ]
132: [ 16 27 30 40 58 66 97 98 106 116 136 141 165 173 179 186 199 230 ]
133: [ 9 69 127 197 ]
134: [ 14 21 33 49 54 76 108 137 168 186 189 192 214 216 227 234 236 ]
135: [ 27 50 66 71 87 92 93 101 104 109 115 119 129 151 156 159 162 172 194 207 218 221 227 249 ]
136: [ 5 11 34 42 49 74 92 109 132 167 192 207 211 222 224 227 ]
137: [ 4 14 15 16 19 41 48 72 81 113 125 129 134 144 146 150 163 168 180 193 195 220 224 232 249 ]
138: [ 10 28 40 41 55 73 75 78 87 97 107 117 142 152 161 167 168 185 189 215 ]
139: [ 6 20 40 46 62 66 78 79 81 85 159 162 164 216 218 236 250 ]
140: [ 22 37 43 57 78 104 106 119 121 143 147 150 152 161 167 176 179 204 ]
141: [ 26 33 37 55 81 90 99 105 121 132 143 157 167 197 200 201 203 226 239 ]
142: [ 26 47 53 109 138 143 207 210 226 239 ]
143: [ 6 11 12 22 24 35 48 64 69 72 83 87 105 109 116 119 140 141 142 169 219 227 ]
144: [ 16 57 110 137 163 176 228 248 ]
145: [ 15 17 37 71 87 95 151 162 192 213 236 ]
146: [ 12 14 28 46 52 82 89 101 107 137 151 184 208 227 ]
147: [ 12 46 77 140 164 170 178 200 ]
148: [ 7 9 13 20 39 51 53 76 77 86 124 181 198 200 215 223 237 ]
149: [ 10 11 67 109 114 128 153 192 210 211 234 ]
150: [ 1 2 52 57 59 76 78 81 82 86 91 98 137 140 169 201 209 210 226 ]
151: [ 6 10 29 37 135 145 146 164 187 230 ]
152: [ 24 50 52 59 65 73 86 90 115 138 140 164 165 210 216 220 226 ]
153: [ 9 11 14 17 40 43 69 73 76 79 86 89 101 104 105 125 126 149 167 174 182 196 213 222 225 226 229 234 237 238 ]
154: [ 10 18 173 177 208 227 ]
155: [ 7 18 32 35 38 52 59 65 66 88 91 105 112 114 118 119 120 196 207 237 239 ]
156: [ 29 31 34 39 55 74 75 92 98 100 119 131 135 165 224 232 244 ]
157: [ 12 28 43 49 56 81 112 123 141 170 199 225 235 ]
158: [ 59 162 174 226 ]
159: [ 6 32 60 70 77 83 92 101 117 135 139 172 182 183 200 212 218 239 248 ]
160: [ 4 14 37 40 43 54 110 212 227 234 244 246 ]
161: [ 13 21 27 47 48 57 70 76 101 105 116 130 138 140 172 194 205 223 226 234 ]
162: [ 38 59 62 65 69 91 94 103 120 127 135 139 145 158 177 191 207 212 214 223 226 227 ]
163: [ 2 8 19 24 31 36 38 48 49 66 88 91 103 109 118 119 125 137 144 167 187 200 210 212 ]
164: [ 15 20 38 45 53 58 66 74 119 122 126 131 139 147 151 152 199 206 ]
165: [ 9 10 13 25 27 28 53 59 64 90 132 152 156 179 203 219 230 236 ]
166: [ 10 42 44 51 70 78 83 85 96 167 171 225 229 245 ]
167: [ 11 31 54 57 89 94 99 119 122 125 136 138 140 141 153 163 166 192 225 230 242 246 ]
168: [ 18 21 47 67 91 120 134 137 138 195 ]
169: [ 24 63 104 119 143 150 178 231 239 ]
170: [ 5 7 8 16 28 29 33 34 74 76 77 95 102 120 126 147 157 196 217 218 229 ]
171: [ 29 34 45 50 54 57 76 101 122 166 179 207 225 232 237 ]
172: [ 2 7 11 15 23 28 47 51 81 114 135 159 161 174 186 188 198 201 236 ]
173: [ 2 33 63 70 73 83 87 103 104 125 132 154 175 179 213 235 239 241 242 243 ]
174: [ 45 47 58 61 69 97 101 119 123 153 158 172 187 211 224 225 ]
175: [ 15 19 26 29 35 52 82 93 94 173 209 225 ]
176: [ 23 33 76 96 112 119 140 144 195 225 ]
177: [ 9 28 35 62 70 110 154 162 179 212 214 226 ]
178: [ 10 15 19 40 46 47 60 73 105 110 115 116 147 169 190 191 198 209 217 223 226 239 ]
179: [ 5 68 116 122 132 140 165 171 173 177 193 198 207 217 234 ]
180: [ 24 32 75 115 128 137 222 236 246 ]
181: [ 10 12 33 39 57 91 125 128 148 187 192 196 211 232 244 ]
182: [ 15 29 39 50 61 86 90 104 116 125 153 159 186 198 217 219 239 ]
183: [ 34 54 112 159 225 246 ]
184: [ 10 44 54 66 70 83 97 111 125 146 193 197 236 238 239 245 ]
185: [ 14 58 61 82 124 138 191 205 245 ]
186: [ 32 34 37 52 62 79 89 90 120 132 134 172 182 187 199 239 240 ]
187: [ 10 12 37 70 151 163 174 181 186 213 214 229 242 ]
188: [ 10 52 62 63 77 103 113 116 117 123 172 215 ]
189: [ 26 86 134 138 235 ]
190: [ 22 52 56 178 243 248 ]
191: [ 5 8 14 34 47 52 55 65 76 91 104 107 162 178 185 196 224 240 ]
192: [ 39 45 50 54 92 107 110 117 130 134 136 145 149 167 181 216 222 237 ]
193: [ 3 17 18 67 137 179 184 204 226 ]
194: [ 11 15 43 53 63 101 103 105 135 161 201 204 208 214 232 237 ]
195: [ 24 72 77 103 137 168 176 198 199 240 ]
196: [ 11 15 21 98 102 114 153 155 170 181 191 200 212 215 216 224 ]
197: [ 34 115 133 141 184 198 208 218 249 ]
198: [ 19 46 56 61 65 70 72 125 148 172 178 179 182 195 197 200 201 ]
199: [ 75 76 88 109 132 157 164 186 195 221 224 227 ]
200: [ 23 27 29 45 56 63 87 94 100 122 123 141 147 148 159 163 196 198 201 215 234 ]
201: [ 30 33 41 48 53 72 123 126 141 150 172 194 198 200 224 ]
202: [ 3 15 61 88 112 125 211 229 ]
203: [ 7 14 16 17 28 49 61 70 75 78 85 120 122 127 141 165 208 210 226 ]
204: [ 10 12 28 39 128 140 193 194 207 223 229 ]
205: [ 12 19 26 33 46 47 53 107 113 114 161 185 210 222 235 237 243 248 ]
206: [ 5 7 28 75 76 116 120 164 208 224 ]
207: [ 22 35 41 60 65 68 75 77 90 106 109 115 135 136 142 155 162 171 179 204 219 221 231 243 ]
208: [ 7 9 10 18 33 51 57 74 78 85 93 131 146 154 194 197 203 206 ]
209: [ 32 36 47 81 82 111 121 150 175 178 ]
210: [ 2 32 43 54 67 77 80 108 111 142 149 150 152 163 203 205 213 225 244 ]
211: [ 4 15 40 46 50 63 70 77 85 86 91 114 136 149 174 181 202 213 ]
212: [ 17 33 60 73 86 92 93 98 108 111 113 115 159 160 162 163 177 196 226 239 ]
213: [ 7 11 28 53 59 63 79 84 87 90 95 110 116 122 145 153 173 187 210 211 221 248 ]
214: [ 7 30 37 47 76 82 86 93 134 162 177 187 194 217 241 242 243 ]
215: [ 7 10 65 91 97 138 148 188 196 200 249 ]
216: [ 6 30 61 68 72 134 139 152 192 196 224 250 ]
217: [ 37 38 49 62 64 75 83 91 92 97 109 128 170 178 179 182 214 218 224 ]
218: [ 18 22 47 53 57 94 102 103 115 120 135 139 159 170 197 217 241 ]
219: [ 103 121 143 165 182 207 229 ]
220: [ 27 68 137 152 ]
221: [ 4 25 61 72 81 101 116 121 125 128 135 199 207 213 237 ]
222: [ 17 85 95 104 121 122 136 153 180 192 205 227 ]
223: [ 4 68 82 148 161 162 178 204 237 242 ]
224: [ 1 24 33 52 77 86 90 102 114 117 119 122 136 137 156 174 191 196 199 201 206 216 217 228 238 ]
225: [ 7 24 30 40 50 51 53 63 70 77 81 82 85 93 121 153 157 166 167 171 174 175 176 183 210 227 229 230 ]
226: [ 40 57 73 78 80 103 119 141 142 150 152 153 158 161 162 177 178 193 203 212 248 ]
227: [ 23 64 66 68 74 78 89 97 120 122 134 135 136 143 146 154 160 162 199 222 225 ]
228: [ 6 10 18 23 36 61 68 78 92 93 103 107 122 125 144 224 229 ]
229: [ 5 6 25 35 62 95 108 109 112 118 121 131 153 166 170 187 202 204 219 225 228 248 ]
230: [ 70 90 101 125 132 151 165 167 225 236 ]
231: [ 70 119 169 207 ]
232: [ 13 22 25 30 31 37 63 82 128 137 156 171 181 194 239 ]
233: [ 15 20 29 56 62 94 107 116 128 247 ]
234: [ 24 35 39 53 54 57 58 62 64 72 93 134 149 153 160 161 179 200 ]
235: [ 14 31 93 109 157 173 189 205 ]
236: [ 6 20 30 55 56 59 70 72 73 99 134 139 145 165 172 180 184 230 ]
237: [ 11 14 45 56 69 71 78 79 80 107 120 121 148 153 155 171 192 194 205 221 223 238 239 243 245 ]
238: [ 7 99 102 153 184 224 237 ]
239: [ 4 24 67 70 74 87 92 98 110 141 142 155 159 169 173 178 182 184 186 212 232 237 245 249 ]
240: [ 15 18 24 70 105 111 186 191 195 ]
241: [ 21 30 37 91 173 214 218 ]
242: [ 1 5 18 61 93 100 167 173 187 214 223 ]
243: [ 11 14 28 38 173 190 205 207 214 237 249 ]
244: [ 9 13 24 34 40 70 94 125 131 156 160 181 210 ]
245: [ 55 67 80 93 94 166 184 185 237 239 250 ]
246: [ 19 66 69 92 104 105 110 120 122 131 160 167 180 183 249 250 ]
247: [ 47 57 61 62 64 75 85 126 233 ]
248: [ 5 35 41 73 77 97 100 109 122 144 159 190 205 213 226 229 ]
249: [ 10 14 15 27 28 46 58 69 87 122 135 137 197 215 239 243 246 ]
250: [ 10 47 75 93 107 139 216 245 246 ]
