1: [ 16 20 25 28 31 42 62 70 74 76 92 100 123 129 155 186 204 215 220 245 ]
2: [ 4 19 20 27 43 75 90 94 120 159 173 198 199 215 ]
3: [ 36 75 113 127 175 180 210 222 226 230 233 ]
4: [ 2 30 35 38 63 74 84 105 130 144 172 173 ]
5: [ 17 22 31 73 78 107 122 172 239 250 ]
6: [ 16 20 35 49 64 76 92 109 120 122 142 157 170 191 212 244 ]
7: [ 43 44 68 84 108 147 153 154 190 201 243 ]
8: [ 17 39 43 45 55 56 71 74 94 105 115 117 120 135 144 148 167 176 187 192 213 226 235 ]
9: [ 18 124 141 158 184 ]
10: [ 14 15 16 72 88 92 106 109 114 118 122 134 138 181 240 247 ]
11: [ 24 62 64 100 114 133 156 194 211 216 238 240 241 242 248 ]
12: [ 49 53 63 83 92 129 132 134 135 138 151 156 232 244 250 ]
13: [ 19 25 31 47 50 56 63 65 92 137 147 157 176 184 193 238 246 ]
14: [ 10 36 63 64 67 173 246 ]
15: [ 10 35 49 55 73 102 112 126 131 147 166 222 230 ]
16: [ 1 6 10 23 34 64 73 84 98 113 116 143 144 153 155 159 170 171 193 204 219 232 247 249 ]
17: [ 5 8 83 84 99 117 177 189 221 235 250 ]
18: [ 9 33 36 54 74 119 125 138 141 142 143 158 173 174 194 199 209 227 ]
19: [ 2 13 27 31 37 46 70 94 109 111 120 128 210 220 222 224 231 ]
20: [ 1 2 6 27 42 48 49 69 76 80 101 112 132 148 177 180 189 192 194 237 249 ]
21: [ 33 43 109 111 117 136 140 141 148 156 157 190 191 203 247 ]
22: [ 5 98 104 180 188 213 ]
23: [ 16 24 42 109 122 225 237 247 248 ]
24: [ 11 23 138 139 160 180 226 ]
25: [ 1 13 26 53 73 105 108 112 131 156 161 162 165 187 189 210 246 ]
26: [ 25 34 43 48 69 71 72 77 92 93 113 116 155 160 167 169 186 191 205 207 221 222 225 ]
27: [ 2 19 20 42 51 58 60 73 85 105 107 126 180 207 221 223 227 ]
28: [ 1 51 61 64 67 74 84 159 175 184 217 223 225 ]
29: [ 31 35 57 61 73 87 113 114 115 116 129 131 137 173 191 201 211 219 220 243 ]
30: [ 4 43 49 56 87 91 114 151 179 186 197 207 220 225 246 ]
31: [ 1 5 13 19 29 58 61 98 151 161 184 211 213 239 ]
32: [ 56 60 62 66 85 113 179 214 225 235 238 ]
33: [ 18 21 37 77 80 87 108 112 128 164 171 182 188 206 220 221 225 227 230 ]
34: [ 16 26 57 108 113 136 139 151 204 225 ]
35: [ 4 6 15 29 57 60 66 75 86 96 114 116 119 146 150 161 173 180 203 221 227 240 245 ]
36: [ 3 14 18 37 42 57 66 86 131 136 143 215 222 226 234 242 ]
37: [ 19 33 36 47 60 85 91 103 112 147 172 191 202 207 214 228 ]
38: [ 4 84 168 182 189 210 221 222 225 227 242 246 ]
39: [ 8 49 51 62 66 73 106 108 113 127 137 147 149 162 170 177 185 190 236 ]
40: [ 101 107 145 174 190 236 241 ]
41: [ 51 67 114 120 122 138 146 159 161 187 191 192 200 211 218 227 230 237 ]
42: [ 1 20 23 27 36 91 146 158 170 200 205 220 221 229 239 247 249 ]
43: [ 2 7 8 21 26 30 81 86 103 115 190 199 206 216 245 ]
44: [ 7 53 58 59 62 70 73 77 79 91 96 100 131 137 146 168 173 191 215 222 224 242 244 ]
45: [ 8 50 54 58 76 94 126 134 136 143 158 167 192 198 208 ]
46: [ 19 64 104 106 112 145 173 174 221 249 ]
47: [ 13 37 56 168 198 221 227 250 ]
48: [ 20 26 52 63 70 100 103 109 195 225 227 230 237 239 248 ]
49: [ 6 12 15 20 30 39 51 63 95 119 121 154 185 186 187 199 205 210 222 238 242 ]
50: [ 13 45 84 108 137 154 193 200 206 212 224 ]
51: [ 27 28 39 41 49 63 77 84 106 110 114 128 148 156 159 161 182 186 190 203 205 217 218 219 ]
52: [ 48 58 63 69 77 88 91 128 156 169 173 178 181 192 193 202 207 208 211 237 ]
53: [ 12 25 44 72 100 129 146 184 192 200 239 247 ]
54: [ 18 45 73 125 166 230 ]
55: [ 8 15 61 83 91 97 109 116 139 224 226 234 ]
56: [ 8 13 30 32 47 107 143 168 172 175 212 238 ]
57: [ 29 34 35 36 65 70 87 92 110 122 128 144 167 172 180 184 186 187 191 218 247 250 ]
58: [ 27 31 44 45 52 64 103 106 126 137 143 176 177 189 217 221 224 233 ]
59: [ 44 88 90 92 108 117 144 145 159 161 164 172 196 197 204 236 248 ]
60: [ 27 32 35 37 107 128 129 135 139 140 177 215 238 241 ]
61: [ 28 29 31 55 70 120 123 137 143 158 173 183 192 195 230 234 239 ]
62: [ 1 11 32 39 44 77 83 92 95 105 106 111 113 119 120 123 127 130 134 136 156 161 180 184 202 228 249 ]
63: [ 4 12 13 14 48 49 51 52 65 66 70 71 101 124 125 139 142 143 151 184 192 194 218 ]
64: [ 6 11 14 16 28 46 58 70 82 89 102 118 140 151 156 185 203 204 222 230 ]
65: [ 13 57 63 80 92 117 124 132 147 154 155 156 163 166 178 191 197 214 234 ]
66: [ 32 35 36 39 63 89 106 110 112 114 119 126 162 242 247 ]
67: [ 14 28 41 96 99 105 112 123 130 142 146 170 186 200 217 219 221 ]
68: [ 7 96 97 103 157 158 167 175 184 248 ]
69: [ 20 26 52 91 100 127 139 197 198 205 239 ]
70: [ 1 19 44 48 57 61 63 64 74 77 80 83 101 114 121 137 147 162 164 165 174 205 215 224 230 233 235 ]
71: [ 8 26 63 84 90 168 181 183 230 237 ]
72: [ 10 26 53 88 106 184 186 198 204 242 ]
73: [ 5 15 16 25 27 29 39 44 54 78 114 125 137 156 182 223 235 ]
74: [ 1 4 8 18 28 70 148 162 167 190 199 200 210 214 215 220 223 227 231 248 ]
75: [ 2 3 35 151 157 162 169 172 174 212 225 244 ]
76: [ 1 6 20 45 84 101 117 118 138 163 175 180 190 193 195 228 236 245 250 ]
77: [ 26 33 44 51 52 62 70 82 91 103 104 128 133 182 195 205 229 245 ]
78: [ 5 73 109 158 ]
79: [ 44 82 90 141 158 170 204 209 221 222 225 226 237 ]
80: [ 20 33 65 70 83 92 98 106 121 162 167 174 188 206 248 ]
81: [ 43 119 151 230 239 248 ]
82: [ 64 77 79 83 103 137 139 143 152 170 181 186 247 ]
83: [ 12 17 55 62 70 80 82 85 91 105 110 121 129 145 161 176 177 182 210 ]
84: [ 4 7 16 17 28 38 50 51 71 76 86 100 105 117 145 166 198 211 232 235 ]
85: [ 27 32 37 83 98 105 126 157 168 176 205 211 221 232 ]
86: [ 35 36 43 84 103 156 171 175 188 193 213 223 228 242 247 ]
87: [ 29 30 33 57 106 151 158 160 185 195 213 236 ]
88: [ 10 52 59 72 112 139 145 166 178 218 224 ]
89: [ 64 66 94 107 147 224 226 ]
90: [ 2 59 71 79 103 156 161 168 196 217 240 ]
91: [ 30 37 42 44 52 55 69 77 83 92 93 100 134 136 147 161 185 186 220 225 227 239 ]
92: [ 1 6 10 12 13 26 57 59 62 65 80 91 115 119 130 146 178 179 198 202 217 233 246 ]
93: [ 26 91 119 162 206 226 ]
94: [ 2 8 19 45 89 102 121 153 167 168 176 196 217 228 238 ]
95: [ 49 62 158 207 214 223 225 ]
96: [ 35 44 67 68 100 121 131 139 161 206 216 219 227 232 239 ]
97: [ 55 68 100 115 116 121 124 126 215 235 237 250 ]
98: [ 16 22 31 80 85 104 122 138 177 226 ]
99: [ 17 67 106 135 145 192 193 216 238 249 ]
100: [ 1 11 44 48 53 69 84 91 96 97 108 114 146 161 214 ]
101: [ 20 40 63 70 76 107 168 174 202 209 222 223 234 238 241 245 ]
102: [ 15 64 94 156 161 203 228 246 ]
103: [ 37 43 48 58 68 77 82 86 90 108 137 144 190 204 225 234 238 ]
104: [ 22 46 77 98 120 131 139 170 173 178 194 199 207 217 242 247 ]
105: [ 4 8 25 27 62 67 83 84 85 112 141 156 159 180 188 209 221 225 227 ]
106: [ 10 39 46 51 58 62 66 72 80 87 99 199 202 210 211 216 232 ]
107: [ 5 27 40 56 60 89 101 108 114 123 127 131 143 145 153 173 175 177 187 197 200 241 ]
108: [ 7 25 33 34 39 50 59 100 103 107 130 138 143 145 150 165 190 207 230 248 ]
109: [ 6 10 19 21 23 48 55 78 111 119 125 160 193 194 206 207 224 241 242 247 ]
110: [ 51 57 66 83 115 136 138 176 197 227 233 ]
111: [ 19 21 62 109 122 150 152 155 158 171 191 194 221 233 239 ]
112: [ 15 20 25 33 37 46 66 67 88 105 119 120 151 157 168 179 205 209 221 240 244 ]
113: [ 3 16 26 29 32 34 39 62 136 141 151 158 167 171 225 243 246 ]
114: [ 10 11 29 30 35 41 51 66 70 73 100 107 150 154 229 ]
115: [ 8 29 43 92 97 110 133 155 158 168 171 173 188 198 205 222 230 235 240 248 ]
116: [ 16 26 29 35 55 97 119 126 137 140 154 182 191 205 209 219 226 232 ]
117: [ 8 17 21 59 65 76 84 138 170 176 178 217 236 238 246 ]
118: [ 10 64 76 153 181 194 ]
119: [ 18 35 49 62 66 81 92 93 109 112 116 127 143 147 213 230 236 ]
120: [ 2 6 8 19 41 61 62 104 112 121 122 143 162 168 222 237 240 243 247 249 ]
121: [ 49 70 80 83 94 96 97 120 138 142 150 153 154 176 182 197 216 219 223 232 ]
122: [ 5 6 10 23 41 57 98 111 120 126 149 152 195 202 207 219 224 ]
123: [ 1 61 62 67 107 148 150 200 ]
124: [ 9 63 65 97 139 150 151 240 ]
125: [ 18 54 63 73 109 128 132 145 151 166 176 189 190 199 218 232 234 237 239 250 ]
126: [ 15 27 45 58 66 85 97 116 122 128 131 155 158 187 192 193 206 234 235 242 249 ]
127: [ 3 39 62 69 107 119 128 177 181 196 198 201 208 223 230 248 ]
128: [ 19 33 51 52 57 60 77 125 126 127 130 153 160 162 168 184 227 233 ]
129: [ 1 12 29 53 60 83 183 200 230 245 ]
130: [ 4 62 67 92 108 128 196 212 ]
131: [ 15 25 29 36 44 96 104 107 126 136 161 166 181 182 210 250 ]
132: [ 12 20 65 125 143 154 193 210 225 237 ]
133: [ 11 77 115 135 175 213 ]
134: [ 10 12 45 62 91 170 204 214 235 ]
135: [ 8 12 60 99 133 180 190 ]
136: [ 21 34 36 45 62 91 110 113 131 138 145 184 189 204 205 212 218 227 232 235 238 240 242 245 ]
137: [ 13 29 39 44 50 58 61 70 73 82 103 116 155 157 187 195 211 221 227 ]
138: [ 10 12 18 24 41 76 98 108 110 117 121 136 145 172 181 222 226 229 ]
139: [ 24 34 55 60 63 69 82 88 96 104 124 146 154 170 173 185 216 226 ]
140: [ 21 60 64 116 155 170 197 234 245 247 ]
141: [ 9 18 21 79 105 113 157 167 ]
142: [ 6 18 63 67 121 161 167 187 190 235 245 ]
143: [ 16 18 36 45 56 58 61 63 82 107 108 119 120 132 150 154 171 202 206 217 ]
144: [ 4 8 16 57 59 103 153 170 174 186 206 225 233 236 ]
145: [ 40 46 59 83 84 88 99 107 108 125 136 138 151 168 187 193 200 208 226 247 249 ]
146: [ 35 41 42 44 53 67 92 100 139 150 193 198 213 222 228 237 248 ]
147: [ 7 13 15 37 39 65 70 89 91 119 159 160 162 199 212 218 219 245 ]
148: [ 8 20 21 51 74 123 158 172 216 229 242 ]
149: [ 39 122 162 169 175 182 213 222 245 ]
150: [ 35 108 111 114 121 123 124 143 146 153 159 164 175 178 209 210 211 233 ]
151: [ 12 30 31 34 63 64 75 81 87 112 113 124 125 145 155 183 200 213 ]
152: [ 82 111 122 153 157 168 ]
153: [ 7 16 94 107 118 121 128 144 150 152 176 193 197 212 223 234 236 239 248 ]
154: [ 7 49 50 65 114 116 121 132 139 143 156 157 166 167 209 234 239 248 ]
155: [ 1 16 26 65 111 115 126 137 140 151 165 182 221 226 ]
156: [ 11 12 21 25 51 52 62 64 65 73 86 90 102 105 154 187 189 196 242 ]
157: [ 6 13 21 68 75 85 112 137 141 152 154 164 187 196 200 213 215 227 ]
158: [ 9 18 42 45 61 68 78 79 87 95 111 113 115 126 148 217 222 236 245 250 ]
159: [ 2 16 28 41 51 59 105 147 150 169 187 190 202 237 245 ]
160: [ 24 26 87 109 128 147 190 225 228 ]
161: [ 25 31 35 41 51 59 62 83 90 91 96 100 102 131 142 167 175 185 193 194 211 214 219 237 246 250 ]
162: [ 25 39 66 70 74 75 80 93 120 128 147 149 179 181 185 210 232 235 ]
163: [ 65 76 168 184 192 197 202 216 ]
164: [ 33 59 70 150 157 176 195 246 ]
165: [ 25 70 108 155 171 182 193 234 ]
166: [ 15 54 65 84 88 125 131 154 177 195 203 205 215 223 233 236 ]
167: [ 8 26 45 57 68 74 80 94 113 141 142 154 161 188 192 223 227 ]
168: [ 38 44 47 56 71 85 90 94 101 112 115 120 128 145 152 163 176 190 195 219 225 234 239 ]
169: [ 26 52 75 149 159 173 185 186 196 228 247 ]
170: [ 6 16 39 42 67 79 82 104 117 134 139 140 144 224 237 246 ]
171: [ 16 33 86 111 113 115 143 165 195 236 240 ]
172: [ 4 5 37 56 57 59 75 138 148 178 200 207 245 ]
173: [ 2 4 14 18 29 35 44 46 52 61 104 107 115 139 169 205 210 212 218 246 ]
174: [ 18 40 46 70 75 80 101 144 184 200 209 214 217 ]
175: [ 3 28 56 68 76 86 107 133 149 150 161 194 199 203 223 235 ]
176: [ 8 13 58 83 85 94 110 117 121 125 153 164 168 177 185 195 198 202 217 238 ]
177: [ 17 20 39 58 60 83 98 107 127 166 176 218 230 ]
178: [ 52 65 88 92 104 117 150 172 200 239 242 249 ]
179: [ 30 32 92 112 162 182 186 188 210 246 ]
180: [ 3 20 22 24 27 35 57 62 76 105 135 185 191 193 232 236 238 245 247 ]
181: [ 10 52 71 82 118 127 131 138 162 185 198 201 221 227 235 237 243 ]
182: [ 33 38 51 73 77 83 116 121 131 149 155 165 179 193 226 ]
183: [ 61 71 129 151 188 236 242 246 ]
184: [ 9 13 28 31 53 57 62 63 68 72 128 136 163 174 189 202 205 227 230 248 ]
185: [ 39 49 64 87 91 139 161 162 169 176 180 181 187 239 ]
186: [ 1 26 30 49 51 57 67 72 82 91 144 169 179 188 211 223 ]
187: [ 8 25 41 49 57 107 126 137 142 145 156 157 159 185 235 ]
188: [ 22 33 80 86 105 115 167 179 183 186 192 223 ]
189: [ 17 20 25 38 58 125 136 156 184 193 195 197 224 230 234 238 242 ]
190: [ 7 21 39 40 43 51 74 76 103 108 125 135 142 159 160 168 235 241 ]
191: [ 6 21 26 29 37 41 44 57 65 111 116 180 196 200 231 ]
192: [ 8 20 41 45 52 53 61 63 99 126 163 167 188 193 201 212 225 238 ]
193: [ 13 16 50 52 76 86 99 109 126 132 145 146 153 161 165 180 182 189 192 198 212 ]
194: [ 11 18 20 63 104 109 111 118 161 175 198 233 248 ]
195: [ 48 61 76 77 87 122 137 164 166 168 171 176 189 197 199 208 227 234 242 ]
196: [ 59 90 94 127 130 156 157 169 191 215 216 220 ]
197: [ 30 59 65 69 107 110 121 140 153 163 189 195 199 208 219 232 239 245 ]
198: [ 2 45 47 69 72 84 92 115 127 146 176 181 193 194 220 224 230 235 246 ]
199: [ 2 18 43 49 74 104 106 125 147 175 195 197 207 227 ]
200: [ 41 42 50 53 67 74 107 123 129 145 151 157 172 174 178 191 220 223 234 244 ]
201: [ 7 29 127 181 192 248 ]
202: [ 37 52 62 92 101 106 122 143 159 163 176 184 207 236 ]
203: [ 21 35 51 64 102 166 175 206 210 237 238 ]
204: [ 1 16 34 59 64 72 79 103 134 136 206 213 229 230 ]
205: [ 26 42 49 51 69 70 77 85 112 115 116 136 166 173 184 227 231 238 ]
206: [ 33 43 50 80 93 96 109 126 143 144 203 204 214 228 237 246 ]
207: [ 26 27 30 37 52 95 104 108 109 122 172 199 202 211 233 237 242 ]
208: [ 45 52 127 145 195 197 211 232 ]
209: [ 18 79 101 105 112 116 150 154 174 241 ]
210: [ 3 19 25 38 49 74 83 106 131 132 150 162 173 179 203 213 215 235 ]
211: [ 11 29 31 41 52 84 85 106 137 150 161 186 207 208 250 ]
212: [ 6 50 56 75 130 136 147 153 173 192 193 225 248 ]
213: [ 8 22 31 86 87 119 133 146 149 151 157 204 210 225 247 249 ]
214: [ 32 37 65 74 95 100 134 161 174 206 238 239 ]
215: [ 1 2 36 44 60 70 74 97 157 166 196 210 226 250 ]
216: [ 11 43 96 99 106 121 139 148 163 196 222 237 ]
217: [ 28 51 58 67 90 92 94 104 117 143 158 174 176 ]
218: [ 41 51 57 63 88 125 136 147 173 177 223 236 237 239 250 ]
219: [ 16 29 51 67 96 116 121 122 147 161 168 197 223 243 246 250 ]
220: [ 1 19 29 30 33 42 74 91 196 198 200 249 ]
221: [ 17 26 27 33 35 38 42 46 47 58 67 79 85 105 111 112 137 155 181 237 239 248 ]
222: [ 3 15 19 26 36 38 44 49 64 79 101 115 120 138 146 149 158 216 223 226 ]
223: [ 27 28 73 74 86 95 101 121 127 153 166 167 175 186 188 200 218 219 222 235 243 ]
224: [ 19 44 50 55 58 70 88 89 109 122 170 189 198 234 237 247 ]
225: [ 23 26 28 30 32 33 34 38 48 75 79 91 95 103 105 113 132 144 160 168 192 212 213 227 242 250 ]
226: [ 3 8 24 36 55 79 89 93 98 116 138 139 145 155 182 215 222 242 ]
227: [ 18 27 33 35 38 41 47 48 74 91 96 105 110 128 136 137 157 167 181 184 195 199 205 225 230 241 ]
228: [ 37 62 76 86 94 102 146 160 169 206 229 ]
229: [ 42 77 114 138 148 204 228 ]
230: [ 3 15 33 41 48 54 61 64 70 71 81 108 115 119 127 129 177 184 189 198 204 227 ]
231: [ 19 74 191 205 ]
232: [ 12 16 84 85 96 106 116 121 125 136 162 180 197 208 234 235 ]
233: [ 3 58 70 92 110 111 128 144 150 166 194 207 238 240 ]
234: [ 36 55 61 65 101 103 125 126 140 153 154 165 168 189 195 200 224 232 245 248 ]
235: [ 8 17 32 70 73 84 97 115 126 134 136 142 162 175 181 187 190 198 210 223 232 ]
236: [ 39 40 59 76 87 117 119 144 153 158 166 171 180 183 202 218 242 243 246 ]
237: [ 20 23 41 48 52 71 79 97 120 125 132 146 159 161 170 181 203 206 207 216 218 221 224 ]
238: [ 11 13 32 49 56 60 94 99 101 103 117 136 176 180 189 192 203 205 214 233 ]
239: [ 5 31 42 48 53 61 69 81 91 96 111 125 153 154 168 178 185 197 214 218 221 ]
240: [ 10 11 35 90 112 115 120 124 136 171 233 244 245 ]
241: [ 11 40 60 101 107 109 190 209 227 ]
242: [ 11 36 38 44 49 66 72 86 104 109 126 136 148 156 178 183 189 195 207 225 226 236 ]
243: [ 7 29 113 120 181 219 223 236 ]
244: [ 6 12 44 75 112 200 240 245 ]
245: [ 1 35 43 76 77 101 129 136 140 142 147 149 158 159 172 180 197 234 240 244 250 ]
246: [ 13 14 25 30 38 92 102 113 117 161 164 170 173 179 183 198 206 219 236 ]
247: [ 10 16 21 23 42 53 57 66 82 86 104 109 120 140 145 169 180 213 224 ]
248: [ 11 23 48 59 68 74 80 81 108 115 127 146 153 154 184 194 201 212 221 234 ]
249: [ 16 20 42 46 62 99 120 126 145 178 213 220 ]
250: [ 5 12 17 47 57 76 97 125 131 158 161 211 215 218 219 225 245 ]
