1: [ 13 137 144 151 ]
2: [ 4 7 15 22 75 81 85 92 118 120 130 157 163 183 191 200 201 216 217 225 235 242 245 ]
3: [ 6 69 71 75 92 121 154 232 ]
4: [ 2 16 22 76 82 92 112 119 123 130 132 147 153 158 168 176 188 197 200 202 208 219 233 243 ]
5: [ 23 31 54 69 70 77 91 92 106 116 124 142 143 162 184 211 216 228 230 233 243 246 ]
6: [ 3 47 60 76 120 132 173 216 244 ]
7: [ 2 24 32 39 41 47 50 56 57 104 112 114 118 144 157 160 190 223 244 ]
8: [ 10 12 25 47 60 69 76 93 102 139 153 165 197 ]
9: [ 45 58 68 82 109 119 126 149 175 189 199 218 235 244 249 ]
10: [ 8 32 37 39 50 53 93 94 104 108 131 148 161 165 174 195 212 217 218 221 234 235 246 249 ]
11: [ 14 16 23 45 67 101 119 129 155 173 198 203 242 ]
12: [ 8 26 30 34 94 106 158 162 166 178 191 227 228 238 243 ]
13: [ 1 54 66 83 141 145 160 179 210 225 238 241 242 247 ]
14: [ 11 18 19 64 69 86 112 162 218 ]
15: [ 2 40 41 67 124 173 176 178 214 226 227 244 ]
16: [ 4 11 37 55 74 97 125 133 141 142 157 171 194 238 240 ]
17: [ 29 33 93 102 105 111 112 117 128 152 154 163 168 185 187 196 201 223 234 242 ]
18: [ 14 25 34 51 53 82 117 121 131 135 155 158 199 202 209 221 227 244 246 249 ]
19: [ 14 30 39 87 96 104 117 133 157 188 194 203 219 225 239 ]
20: [ 37 45 66 78 82 184 201 ]
21: [ 49 83 98 155 164 166 171 186 191 203 210 227 233 245 ]
22: [ 2 4 47 49 57 70 71 91 97 104 141 142 161 172 188 237 ]
23: [ 5 11 42 49 51 54 57 59 63 69 81 91 104 107 119 135 151 219 ]
24: [ 7 47 50 51 53 82 165 223 ]
25: [ 8 18 37 80 87 107 114 116 126 130 133 147 162 212 218 242 ]
26: [ 12 35 42 44 58 61 64 74 114 148 176 184 185 193 238 244 ]
27: [ 30 46 70 75 105 106 151 158 163 216 231 240 ]
28: [ 29 31 50 53 56 58 72 110 115 130 135 155 163 165 169 181 190 205 208 234 239 243 ]
29: [ 17 28 45 51 58 65 70 102 109 138 200 205 211 220 222 250 ]
30: [ 12 19 27 40 101 114 137 139 174 190 202 227 235 ]
31: [ 5 28 58 84 117 119 127 143 152 158 173 180 225 236 237 ]
32: [ 7 10 120 145 146 162 203 ]
33: [ 17 46 58 67 70 81 149 162 167 168 173 177 182 219 233 ]
34: [ 12 18 56 111 128 129 133 160 171 189 195 199 ]
35: [ 26 61 70 80 89 146 152 167 213 214 230 245 ]
36: [ 75 76 82 88 91 97 126 131 136 196 214 221 226 228 ]
37: [ 10 16 20 25 39 51 56 128 147 164 171 172 187 189 204 228 ]
38: [ 47 108 151 166 173 180 192 202 248 ]
39: [ 7 10 19 37 66 78 121 126 180 214 ]
40: [ 15 30 41 44 64 91 97 103 127 149 184 191 208 209 215 217 ]
41: [ 7 15 40 75 80 152 175 178 204 210 235 238 ]
42: [ 23 26 47 108 126 130 132 134 146 160 179 185 202 218 238 249 ]
43: [ 67 106 162 170 186 195 238 247 ]
44: [ 26 40 96 141 146 149 166 211 222 244 ]
45: [ 9 11 20 29 50 57 59 89 114 123 181 193 194 217 221 247 ]
46: [ 27 33 53 64 94 129 141 176 195 227 242 247 ]
47: [ 6 7 8 22 24 38 42 114 127 138 171 180 186 193 207 225 229 230 ]
48: [ 78 135 159 236 ]
49: [ 21 22 23 80 111 149 187 238 ]
50: [ 7 10 24 28 45 73 79 83 86 91 102 106 118 123 135 163 164 178 189 192 ]
51: [ 18 23 24 29 37 58 74 76 96 102 106 120 155 213 223 ]
52: [ 64 161 179 187 241 ]
53: [ 10 18 24 28 46 56 63 116 121 133 135 141 144 145 146 152 168 171 203 214 224 231 239 243 ]
54: [ 5 13 23 75 142 176 190 191 221 ]
55: [ 16 92 101 137 138 164 192 196 233 249 ]
56: [ 7 28 34 37 53 63 78 105 106 118 141 166 197 210 219 221 228 233 243 248 ]
57: [ 7 22 23 45 71 81 91 101 142 148 196 238 ]
58: [ 9 26 28 29 31 33 51 99 108 138 200 209 218 219 220 225 ]
59: [ 23 45 69 78 153 155 158 181 216 220 221 241 246 250 ]
60: [ 6 8 78 97 100 108 133 159 161 187 189 ]
61: [ 26 35 82 117 121 135 149 163 232 248 ]
62: [ 80 89 145 153 160 199 203 205 225 243 248 ]
63: [ 23 53 56 64 151 194 202 213 216 ]
64: [ 14 26 40 46 52 63 87 105 106 108 138 170 174 194 210 223 224 225 250 ]
65: [ 29 163 216 217 228 ]
66: [ 13 20 39 69 78 97 100 122 133 156 160 163 171 178 246 ]
67: [ 11 15 33 43 83 103 109 162 168 182 192 195 207 221 246 ]
68: [ 9 87 94 101 126 128 141 174 ]
69: [ 3 5 8 14 23 59 66 70 71 72 89 93 101 148 174 186 215 227 ]
70: [ 5 22 27 29 33 35 69 75 77 123 125 133 137 159 171 205 215 ]
71: [ 3 22 57 69 77 92 103 118 125 142 143 149 169 170 175 188 197 222 240 ]
72: [ 28 69 80 98 115 128 162 168 170 250 ]
73: [ 50 91 101 114 131 133 137 193 238 ]
74: [ 16 26 51 89 90 97 109 112 126 142 153 155 165 176 189 193 ]
75: [ 2 3 27 36 41 54 70 94 99 100 105 127 149 161 176 178 184 206 238 ]
76: [ 4 6 8 36 51 86 94 127 141 146 177 248 ]
77: [ 5 70 71 88 100 101 113 117 144 191 194 216 241 243 246 ]
78: [ 20 39 48 56 59 60 66 80 81 130 141 142 151 160 161 190 193 195 203 214 236 240 242 ]
79: [ 50 82 94 106 108 132 134 154 174 209 211 233 ]
80: [ 25 35 41 49 62 72 78 92 115 117 136 138 148 152 164 176 189 201 220 223 225 236 243 ]
81: [ 2 23 33 57 78 93 105 120 130 144 146 153 179 188 199 226 245 247 ]
82: [ 4 9 18 20 24 36 61 79 111 123 136 152 160 174 179 187 193 195 199 213 237 ]
83: [ 13 21 50 67 98 113 127 129 171 195 202 218 ]
84: [ 31 119 233 239 242 ]
85: [ 2 91 93 175 197 203 244 ]
86: [ 14 50 76 89 99 124 128 132 137 139 151 194 202 220 237 239 245 ]
87: [ 19 25 64 68 107 124 133 175 ]
88: [ 36 77 97 128 150 181 195 207 225 238 ]
89: [ 35 45 62 69 74 86 98 118 140 145 146 151 164 174 179 ]
90: [ 74 188 198 204 220 224 231 ]
91: [ 5 22 23 36 40 50 57 73 85 94 100 102 112 124 126 138 141 159 169 245 ]
92: [ 2 3 4 5 55 71 80 97 106 121 163 179 183 208 213 218 226 247 ]
93: [ 8 10 17 69 81 85 123 130 142 149 161 174 209 218 ]
94: [ 10 12 46 68 75 76 79 91 98 104 105 113 120 139 147 152 154 162 170 204 205 206 225 240 244 ]
95: [ 137 188 212 214 219 228 235 ]
96: [ 19 44 51 132 168 190 202 216 227 243 247 ]
97: [ 16 22 36 40 60 66 74 88 92 100 104 116 138 189 197 ]
98: [ 21 72 83 89 94 111 146 194 197 210 220 225 228 237 ]
99: [ 58 75 86 110 126 141 168 180 214 226 228 ]
100: [ 60 66 75 77 91 97 125 137 140 153 168 177 187 205 212 239 250 ]
101: [ 11 30 55 57 68 69 73 77 104 148 150 155 182 189 200 222 232 233 239 245 ]
102: [ 8 17 29 50 51 91 131 182 208 243 ]
103: [ 40 67 71 134 170 173 175 214 226 228 ]
104: [ 7 10 19 22 23 94 97 101 129 138 141 157 177 189 192 195 210 217 239 247 ]
105: [ 17 27 56 64 75 81 94 119 126 127 129 138 148 149 151 155 157 187 202 213 221 235 246 248 ]
106: [ 5 12 27 43 50 51 56 64 79 92 115 136 139 147 164 181 209 222 227 233 249 ]
107: [ 23 25 87 207 219 221 ]
108: [ 10 38 42 58 60 64 79 112 116 127 154 155 163 203 207 243 ]
109: [ 9 29 67 74 112 166 181 242 ]
110: [ 28 99 137 141 157 164 199 221 ]
111: [ 17 34 49 82 98 128 132 164 165 182 191 ]
112: [ 4 7 14 17 74 91 108 109 138 142 144 145 155 157 169 176 198 211 216 233 ]
113: [ 77 83 94 114 157 178 185 218 242 ]
114: [ 7 25 26 30 45 47 73 113 137 144 167 177 178 181 183 195 198 212 225 ]
115: [ 28 72 80 106 119 152 166 176 189 221 229 248 ]
116: [ 5 25 53 97 108 126 176 244 ]
117: [ 17 18 19 31 61 77 80 128 136 155 190 226 247 ]
118: [ 2 7 50 56 71 89 139 146 152 160 168 183 185 188 204 217 ]
119: [ 4 9 11 23 31 84 105 115 120 122 124 127 131 141 166 188 190 207 214 241 244 ]
120: [ 2 6 32 51 81 94 119 131 148 155 169 200 239 ]
121: [ 3 18 39 53 61 92 134 138 141 142 144 165 188 202 206 207 222 231 233 ]
122: [ 66 119 146 157 ]
123: [ 4 45 50 70 82 93 130 142 151 241 ]
124: [ 5 15 86 87 91 119 148 184 186 193 ]
125: [ 16 70 71 100 141 161 177 ]
126: [ 9 25 36 39 42 68 74 91 99 105 116 165 187 239 ]
127: [ 31 40 47 75 76 83 105 108 119 128 165 166 206 215 227 ]
128: [ 17 34 37 68 72 86 88 111 117 127 132 139 141 155 173 174 177 204 213 215 230 239 246 ]
129: [ 11 34 46 83 104 105 152 218 228 247 ]
130: [ 2 4 25 28 42 78 81 93 123 142 151 154 159 160 172 214 224 236 239 246 ]
131: [ 10 18 36 73 102 119 120 171 177 181 185 201 216 224 228 ]
132: [ 4 6 42 79 86 96 111 128 137 149 168 202 ]
133: [ 16 19 25 34 53 60 66 70 73 87 144 164 170 173 177 178 185 229 232 242 249 ]
134: [ 42 79 103 121 144 174 186 237 242 ]
135: [ 18 23 28 48 50 53 61 172 184 197 215 217 221 238 ]
136: [ 36 80 82 106 117 142 176 197 ]
137: [ 1 30 55 70 73 86 95 100 110 114 132 160 174 176 179 193 197 202 216 232 238 ]
138: [ 29 47 55 58 64 80 91 97 104 105 112 121 140 148 152 162 180 202 ]
139: [ 8 30 86 94 106 118 128 142 143 145 163 ]
140: [ 89 100 138 146 160 165 168 197 214 216 246 ]
141: [ 13 16 22 44 46 53 56 68 76 78 91 99 104 110 119 121 125 128 160 162 199 213 238 242 ]
142: [ 5 16 22 54 57 71 74 78 93 112 121 123 130 136 139 151 153 157 158 159 196 226 240 ]
143: [ 5 31 71 139 144 163 164 185 225 231 237 ]
144: [ 1 7 53 77 81 112 114 121 133 134 143 169 175 182 202 239 244 ]
145: [ 13 32 53 62 89 112 139 158 164 169 188 199 226 246 ]
146: [ 32 35 42 44 53 76 81 89 98 118 122 140 148 175 ]
147: [ 4 25 37 94 106 186 197 215 219 226 ]
148: [ 10 26 57 69 80 101 105 120 124 138 146 193 205 ]
149: [ 9 33 40 44 49 61 71 75 93 105 132 213 228 229 231 240 247 ]
150: [ 88 101 151 173 203 212 240 248 ]
151: [ 1 23 27 38 63 78 86 89 105 123 130 142 150 174 176 199 229 232 249 ]
152: [ 17 31 35 41 53 80 82 94 115 118 129 138 161 183 185 205 206 216 219 222 236 ]
153: [ 4 8 59 62 74 81 100 142 162 173 181 186 226 228 ]
154: [ 3 17 79 94 108 130 170 174 198 199 232 244 246 ]
155: [ 11 18 21 28 51 59 74 101 105 108 112 117 120 128 164 165 176 186 194 197 205 211 ]
156: [ 66 163 199 ]
157: [ 2 7 16 19 104 105 110 112 113 122 142 221 222 233 241 243 247 ]
158: [ 4 12 18 27 31 59 142 145 177 193 ]
159: [ 48 60 70 91 130 142 168 179 195 ]
160: [ 7 13 34 42 62 66 78 82 118 130 137 140 141 166 170 175 177 202 219 221 229 234 ]
161: [ 10 22 52 60 75 78 93 125 152 164 176 196 211 250 ]
162: [ 5 12 14 25 32 33 43 67 72 94 138 141 153 172 184 186 219 221 231 236 ]
163: [ 2 17 27 28 50 61 65 66 92 108 139 143 156 175 199 ]
164: [ 21 37 50 55 80 89 106 110 111 133 143 145 155 161 172 175 185 195 212 233 250 ]
165: [ 8 10 24 28 74 111 121 126 127 140 155 187 196 242 ]
166: [ 12 21 38 44 56 109 115 119 127 160 194 213 222 229 231 235 ]
167: [ 33 35 114 178 211 250 ]
168: [ 4 17 33 53 67 72 96 99 100 118 132 140 159 170 177 183 210 213 215 ]
169: [ 28 71 91 112 120 144 145 187 219 238 241 ]
170: [ 43 64 71 72 94 103 133 154 160 168 186 189 233 ]
171: [ 16 21 34 37 47 53 66 70 83 131 173 189 191 195 199 216 243 ]
172: [ 22 37 130 135 162 164 203 249 ]
173: [ 6 11 15 31 33 38 103 128 133 150 153 171 187 197 203 225 226 ]
174: [ 10 30 64 68 69 79 82 89 93 128 134 137 151 154 202 222 226 240 244 250 ]
175: [ 9 41 71 85 87 103 144 146 160 163 164 198 206 219 220 226 232 236 247 ]
176: [ 4 15 26 46 54 74 75 80 112 115 116 136 137 151 155 161 180 184 188 217 244 ]
177: [ 33 76 100 104 114 125 128 131 133 158 160 168 185 193 198 214 231 243 ]
178: [ 12 15 41 50 66 75 113 114 133 167 188 199 201 212 224 229 ]
179: [ 13 42 52 81 82 89 92 137 159 197 202 244 ]
180: [ 31 38 39 47 99 138 176 187 191 199 201 215 232 ]
181: [ 28 45 59 88 106 109 114 131 153 184 226 248 ]
182: [ 33 67 101 102 111 144 194 220 ]
183: [ 2 92 114 118 152 168 ]
184: [ 5 20 26 40 75 124 135 162 176 181 ]
185: [ 17 26 42 113 118 131 133 143 152 164 177 204 206 212 ]
186: [ 21 43 47 69 124 134 147 153 155 162 170 189 203 205 216 221 239 245 248 ]
187: [ 17 37 49 52 60 82 100 105 126 165 169 173 180 190 205 216 229 ]
188: [ 4 19 22 71 81 90 95 118 119 121 145 176 178 201 215 222 231 242 ]
189: [ 9 34 37 50 60 74 80 97 101 104 115 170 171 186 204 212 233 242 ]
190: [ 7 28 30 54 78 96 117 119 187 202 223 226 ]
191: [ 2 12 21 40 54 77 111 171 180 192 201 219 224 229 232 ]
192: [ 38 50 55 67 104 191 213 214 215 243 244 ]
193: [ 26 45 47 73 74 78 82 124 137 148 158 177 210 214 231 250 ]
194: [ 16 19 45 63 64 77 86 98 155 166 182 199 211 220 223 239 240 243 247 ]
195: [ 10 34 43 46 67 78 82 83 88 104 114 159 164 171 217 249 ]
196: [ 17 36 55 57 142 161 165 197 248 ]
197: [ 4 8 56 71 85 97 98 135 136 137 140 147 155 173 179 196 211 220 228 ]
198: [ 11 90 112 114 154 175 177 204 206 215 ]
199: [ 9 18 34 62 81 82 110 141 145 151 154 156 163 171 178 180 194 ]
200: [ 2 4 29 58 101 120 217 238 242 ]
201: [ 2 17 20 80 131 178 180 188 191 ]
202: [ 4 18 30 38 42 63 83 86 96 105 121 132 137 138 144 160 174 179 190 207 217 241 250 ]
203: [ 11 19 21 32 53 62 78 85 108 150 172 173 186 224 245 ]
204: [ 37 41 90 94 118 128 185 189 198 212 226 234 ]
205: [ 28 29 62 70 94 100 148 152 155 186 187 217 239 ]
206: [ 75 94 121 127 152 175 185 198 ]
207: [ 47 67 88 107 108 119 121 202 214 247 ]
208: [ 4 28 40 92 102 ]
209: [ 18 40 58 79 93 106 ]
210: [ 13 21 41 56 64 98 104 168 193 224 226 233 ]
211: [ 5 29 44 79 112 155 161 167 194 197 224 244 ]
212: [ 10 25 95 100 114 150 164 178 185 189 204 217 234 ]
213: [ 35 51 63 82 92 105 128 141 149 166 168 192 244 247 ]
214: [ 15 35 36 39 53 78 95 99 103 119 130 140 177 192 193 207 221 228 230 ]
215: [ 40 69 70 127 128 135 147 168 180 188 192 198 224 227 ]
216: [ 2 5 6 27 59 63 65 77 96 112 131 137 140 152 171 186 187 221 223 247 ]
217: [ 2 10 40 45 65 104 118 135 176 195 200 202 205 212 228 ]
218: [ 9 10 14 25 42 58 83 92 93 113 129 233 ]
219: [ 4 19 23 33 56 58 95 107 147 152 160 162 169 175 191 220 228 240 244 246 ]
220: [ 29 58 59 80 86 90 98 175 182 194 197 219 229 233 235 ]
221: [ 10 18 36 45 54 56 59 67 105 107 110 115 135 157 160 162 186 214 216 241 245 ]
222: [ 29 44 71 101 106 121 152 157 166 174 188 229 244 ]
223: [ 7 17 24 51 64 80 190 194 216 ]
224: [ 53 64 90 130 131 178 191 203 210 211 215 231 ]
225: [ 2 13 19 31 47 58 62 64 80 88 94 98 114 143 173 238 239 244 ]
226: [ 15 36 81 92 99 103 117 142 145 147 153 173 174 175 181 190 204 210 240 ]
227: [ 12 15 18 21 30 46 69 96 106 127 215 232 239 ]
228: [ 5 12 36 37 56 65 95 98 99 103 129 131 149 153 197 214 217 219 ]
229: [ 47 115 133 149 151 160 166 178 187 191 220 222 ]
230: [ 5 35 47 128 214 232 ]
231: [ 27 53 90 121 143 149 162 166 177 188 193 224 248 ]
232: [ 3 61 101 133 137 151 154 175 180 191 227 230 244 ]
233: [ 4 5 21 33 55 56 79 84 101 106 112 121 157 164 170 189 210 218 220 242 ]
234: [ 10 17 28 160 204 212 246 248 ]
235: [ 2 9 10 30 41 95 105 166 220 243 ]
236: [ 31 48 78 80 130 152 162 175 237 ]
237: [ 22 31 82 86 98 134 143 236 239 247 ]
238: [ 12 13 16 26 41 42 43 49 57 73 75 88 135 137 141 169 200 225 ]
239: [ 19 28 53 84 86 100 101 104 120 126 128 130 144 186 194 205 225 227 237 243 244 248 ]
240: [ 16 27 71 78 94 142 149 150 174 194 219 226 247 ]
241: [ 13 52 59 77 119 123 157 169 202 221 ]
242: [ 2 11 13 17 25 46 78 84 109 113 133 134 141 165 188 189 200 233 249 ]
243: [ 4 5 12 28 53 56 62 77 80 96 102 108 157 171 177 192 194 235 239 245 ]
244: [ 6 7 9 15 18 26 44 85 94 116 119 144 154 174 176 179 192 211 213 219 222 225 232 239 248 ]
245: [ 2 21 35 81 86 91 101 186 203 221 243 ]
246: [ 5 10 18 59 66 67 77 105 128 130 140 145 154 219 234 250 ]
247: [ 13 43 45 46 81 92 96 104 117 129 149 157 175 194 207 213 216 237 240 ]
248: [ 38 56 61 62 76 105 115 150 181 186 196 231 234 239 244 ]
249: [ 9 10 18 42 55 106 133 151 172 195 242 ]
250: [ 29 59 64 72 100 161 164 167 174 193 202 246 ]
