1: [ 7 14 41 52 72 83 106 108 109 119 132 164 165 197 220 237 241 248 ]
2: [ 66 72 75 82 88 102 145 164 170 176 183 189 196 224 232 233 243 ]
3: [ 40 55 82 93 105 145 149 155 166 169 172 174 194 201 215 ]
4: [ 30 46 86 88 102 128 132 139 140 149 194 196 198 204 227 231 232 235 242 ]
5: [ 20 40 75 81 134 137 161 188 211 219 ]
6: [ 8 20 22 25 26 40 52 64 171 175 180 184 214 222 234 ]
7: [ 1 57 72 83 130 134 148 155 221 237 250 ]
8: [ 6 18 66 72 80 84 88 153 191 ]
9: [ 26 44 47 56 67 79 83 104 155 166 174 193 198 201 210 215 225 244 250 ]
10: [ 20 27 57 58 74 75 82 84 97 102 104 122 123 126 145 156 159 165 172 ]
11: [ 40 52 65 72 114 130 135 152 203 220 226 242 243 ]
12: [ 52 53 104 108 118 144 150 155 162 181 ]
13: [ 37 52 53 59 61 84 86 92 96 121 122 132 138 152 201 227 229 235 ]
14: [ 1 24 52 65 134 153 179 224 ]
15: [ 19 21 45 57 85 86 90 101 103 108 135 143 148 159 182 190 212 226 ]
16: [ 18 19 22 23 38 45 46 48 49 92 112 139 176 185 216 224 225 248 ]
17: [ 20 41 42 59 80 90 110 145 200 202 207 220 ]
18: [ 8 16 49 124 129 137 159 170 175 226 237 ]
19: [ 15 16 31 51 63 80 100 101 118 126 133 168 204 207 240 245 ]
20: [ 5 6 10 17 42 57 64 113 122 178 197 211 221 223 ]
21: [ 15 43 59 62 103 125 131 135 172 195 201 232 234 ]
22: [ 6 16 42 47 54 87 91 115 125 128 137 140 143 172 173 201 207 210 222 236 241 ]
23: [ 16 43 100 115 145 156 181 195 ]
24: [ 14 27 29 59 64 70 71 76 79 95 97 112 122 125 132 136 155 169 172 173 181 234 ]
25: [ 6 49 73 75 76 104 106 136 171 175 199 217 229 230 238 243 ]
26: [ 6 9 28 36 60 90 109 116 123 135 139 142 148 159 169 178 182 184 220 ]
27: [ 10 24 76 78 97 150 151 153 184 204 219 240 ]
28: [ 26 39 55 56 63 68 83 89 100 125 131 146 158 195 222 243 ]
29: [ 24 47 57 76 80 81 82 90 91 93 95 109 111 120 145 155 160 178 183 200 232 250 ]
30: [ 4 55 61 63 67 83 101 106 108 121 128 144 161 189 194 213 215 217 245 ]
31: [ 19 53 56 58 102 106 124 134 138 179 198 ]
32: [ 55 71 82 104 139 151 202 219 250 ]
33: [ 34 35 43 81 91 112 130 149 180 181 187 199 ]
34: [ 33 58 112 120 122 167 ]
35: [ 33 39 78 93 105 112 118 126 130 138 139 160 167 193 209 211 212 240 247 ]
36: [ 26 37 43 56 79 126 129 186 187 204 217 241 245 ]
37: [ 13 36 71 99 146 153 173 187 201 205 220 223 229 248 ]
38: [ 16 86 113 121 124 127 137 171 191 210 236 246 ]
39: [ 28 35 101 165 193 219 ]
40: [ 3 5 6 11 55 66 74 89 98 112 123 207 ]
41: [ 1 17 43 48 63 71 75 81 96 115 121 134 139 158 217 222 232 236 242 ]
42: [ 17 20 22 56 96 100 128 153 160 162 172 173 188 194 204 245 ]
43: [ 21 23 33 36 41 49 64 111 129 133 158 172 175 211 246 ]
44: [ 9 52 62 71 107 108 167 175 181 188 197 198 199 228 234 ]
45: [ 15 16 63 72 85 86 100 111 122 128 137 142 158 168 170 180 211 227 235 ]
46: [ 4 16 54 72 78 104 126 127 139 147 168 178 206 227 245 246 ]
47: [ 9 22 29 90 94 98 102 115 129 147 148 155 156 182 195 234 ]
48: [ 16 41 50 89 91 103 119 122 186 195 202 224 232 249 ]
49: [ 16 18 25 43 66 86 119 164 209 237 ]
50: [ 48 65 153 156 238 245 ]
51: [ 19 59 110 126 149 166 183 188 189 194 219 ]
52: [ 1 6 11 12 13 14 44 79 85 109 121 129 132 149 167 168 170 174 186 208 234 241 ]
53: [ 12 13 31 87 99 107 126 136 158 168 205 215 250 ]
54: [ 22 46 72 107 132 141 153 168 178 184 205 208 219 221 225 246 ]
55: [ 3 28 30 32 40 57 68 70 72 77 90 93 116 132 151 158 162 168 171 181 182 192 204 217 223 241 242 ]
56: [ 9 28 31 36 42 62 76 102 122 154 173 212 221 226 ]
57: [ 7 10 15 20 29 55 64 66 76 106 168 225 ]
58: [ 10 31 34 75 104 105 119 120 126 127 148 156 169 176 192 207 218 224 229 231 235 244 245 247 ]
59: [ 13 17 21 24 51 63 70 80 84 101 114 115 119 158 171 201 203 214 222 237 242 ]
60: [ 26 67 120 142 145 146 183 187 241 ]
61: [ 13 30 72 94 162 187 195 208 233 242 ]
62: [ 21 44 56 66 107 110 119 133 182 207 210 ]
63: [ 19 28 30 41 45 59 68 91 113 159 182 189 222 235 246 247 ]
64: [ 6 20 24 43 57 65 82 88 134 145 159 176 190 198 226 ]
65: [ 11 14 50 64 75 85 89 92 105 124 134 136 144 171 198 207 234 ]
66: [ 2 8 40 49 57 62 81 82 110 112 120 126 139 143 176 179 195 217 230 ]
67: [ 9 30 60 75 76 90 119 129 131 142 144 149 173 208 224 232 242 249 ]
68: [ 28 55 63 92 106 115 126 144 157 176 178 218 223 231 241 245 246 ]
69: [ 164 165 172 195 225 231 233 ]
70: [ 24 55 59 74 87 89 166 178 190 193 195 197 202 243 ]
71: [ 24 32 37 41 44 205 212 222 ]
72: [ 1 2 7 8 11 45 46 54 55 61 75 91 92 107 129 139 141 165 185 205 246 ]
73: [ 25 99 100 101 ]
74: [ 10 40 70 81 94 112 124 126 195 219 ]
75: [ 2 5 10 25 41 58 65 67 72 119 144 151 153 169 178 179 183 184 186 191 195 196 216 220 231 232 244 245 250 ]
76: [ 24 25 27 29 56 57 67 79 80 100 113 114 131 164 192 195 202 203 211 223 241 243 250 ]
77: [ 55 111 115 140 180 204 222 ]
78: [ 27 35 46 80 89 101 113 135 166 174 181 185 210 ]
79: [ 9 24 36 52 76 81 115 147 151 156 159 170 174 194 233 245 248 ]
80: [ 8 17 19 29 59 76 78 86 90 123 145 149 167 179 204 232 245 247 ]
81: [ 5 29 33 41 66 74 79 97 121 136 149 151 158 164 169 172 221 242 ]
82: [ 2 3 10 29 32 64 66 86 104 117 120 133 146 206 218 228 ]
83: [ 1 7 9 28 30 84 86 98 104 122 143 146 148 151 233 236 ]
84: [ 8 10 13 59 83 127 128 131 134 153 164 217 224 ]
85: [ 15 45 52 65 98 113 121 167 210 219 221 ]
86: [ 4 13 15 38 45 49 80 82 83 89 121 122 132 165 177 206 213 228 229 231 248 ]
87: [ 22 53 70 127 153 165 172 244 246 ]
88: [ 2 4 8 64 131 162 173 178 185 189 215 216 223 231 244 ]
89: [ 28 40 48 65 70 78 86 104 133 139 144 164 167 218 231 234 250 ]
90: [ 15 17 26 29 47 55 67 80 97 104 108 110 113 128 132 134 135 137 138 156 167 175 177 194 229 232 ]
91: [ 22 29 33 48 63 72 102 140 165 174 182 199 201 212 214 232 250 ]
92: [ 13 16 65 68 72 98 100 106 109 117 175 215 234 ]
93: [ 3 29 35 55 107 131 178 179 185 234 245 250 ]
94: [ 47 61 74 108 125 135 168 189 209 247 ]
95: [ 24 29 131 149 171 201 245 ]
96: [ 13 41 42 115 140 159 169 195 211 235 240 ]
97: [ 10 24 27 81 90 110 135 161 187 189 192 203 216 224 ]
98: [ 40 47 83 85 92 128 180 185 214 ]
99: [ 37 53 73 104 115 155 172 179 181 200 ]
100: [ 19 23 28 42 45 73 76 92 122 130 131 136 143 153 198 209 227 ]
101: [ 15 19 30 39 59 73 78 109 119 129 183 189 199 202 225 229 233 ]
102: [ 2 4 10 31 47 56 91 122 132 146 156 158 165 178 180 194 213 217 228 232 245 ]
103: [ 15 21 48 104 105 106 128 151 168 204 229 250 ]
104: [ 9 10 12 25 32 46 58 82 83 89 90 99 103 110 131 138 161 163 176 203 220 225 232 ]
105: [ 3 35 58 65 103 118 133 162 183 202 223 235 ]
106: [ 1 25 30 31 57 68 92 103 121 123 133 145 171 178 187 191 193 205 220 222 232 234 246 ]
107: [ 44 53 54 62 72 93 126 147 149 155 196 197 235 ]
108: [ 1 12 15 30 44 90 94 111 113 125 132 146 150 151 153 156 162 167 182 201 202 216 218 223 233 234 236 241 ]
109: [ 1 26 29 52 92 101 133 139 145 219 220 223 ]
110: [ 17 51 62 66 90 97 104 138 167 210 ]
111: [ 29 43 45 77 108 155 161 169 180 227 235 ]
112: [ 16 24 33 34 35 40 66 74 130 140 143 161 209 ]
113: [ 20 38 63 76 78 85 90 108 146 148 150 163 173 219 221 240 246 ]
114: [ 11 59 76 137 214 219 221 248 ]
115: [ 22 23 41 47 59 68 77 79 96 99 118 174 188 221 ]
116: [ 26 55 133 150 151 153 170 199 213 235 ]
117: [ 82 92 125 187 189 213 234 ]
118: [ 12 19 35 105 115 127 133 172 187 224 227 241 243 ]
119: [ 1 48 49 58 59 62 67 75 101 132 171 173 204 214 228 234 ]
120: [ 29 34 58 60 66 82 124 139 151 153 161 169 180 181 193 201 213 221 224 225 233 ]
121: [ 13 30 38 41 52 81 85 86 106 123 144 152 197 200 208 219 228 242 ]
122: [ 10 13 20 24 34 45 48 56 83 86 100 102 131 135 137 189 202 215 227 241 ]
123: [ 10 26 40 80 106 121 124 185 188 198 210 235 242 246 ]
124: [ 18 31 38 65 74 120 123 127 133 170 173 178 216 217 236 242 ]
125: [ 21 22 24 28 94 108 117 134 154 160 163 178 180 181 193 198 202 231 240 ]
126: [ 10 19 35 36 46 51 53 58 66 68 74 107 132 134 157 169 183 207 238 246 ]
127: [ 38 46 58 84 87 118 124 135 144 191 193 211 219 240 ]
128: [ 4 22 30 42 45 84 90 98 103 140 234 ]
129: [ 18 36 43 47 52 67 72 101 179 190 214 224 240 243 250 ]
130: [ 7 11 33 35 100 112 203 221 228 ]
131: [ 21 28 67 76 84 88 93 95 100 104 122 135 147 156 194 199 205 221 227 ]
132: [ 1 4 13 24 52 54 55 86 90 102 108 119 126 185 195 212 227 236 ]
133: [ 19 43 62 82 89 105 106 109 116 118 124 134 136 158 163 182 194 195 201 220 234 238 244 ]
134: [ 5 7 14 31 41 64 65 84 90 125 126 133 138 145 178 181 182 184 208 233 243 244 ]
135: [ 11 15 21 26 78 90 94 97 122 127 131 172 181 185 200 205 223 235 241 245 ]
136: [ 24 25 53 65 81 100 133 178 215 235 237 241 ]
137: [ 5 18 22 38 45 90 114 122 151 210 223 224 225 233 238 ]
138: [ 13 31 35 90 104 110 134 147 149 166 173 187 189 190 ]
139: [ 4 16 26 32 35 41 46 66 72 89 109 120 146 151 180 182 195 203 244 250 ]
140: [ 4 22 77 91 96 112 128 145 149 180 196 223 233 247 ]
141: [ 54 72 161 178 181 195 227 232 ]
142: [ 26 45 60 67 203 212 ]
143: [ 15 22 66 83 100 112 145 176 181 192 195 206 219 237 ]
144: [ 12 30 65 67 68 75 89 121 127 180 ]
145: [ 2 3 10 17 23 29 60 64 80 106 109 134 140 143 148 170 175 187 194 ]
146: [ 28 37 60 82 83 102 108 113 139 163 178 204 205 211 221 225 246 ]
147: [ 46 47 79 107 131 138 157 158 183 227 ]
148: [ 7 15 26 47 58 83 113 145 150 159 162 168 169 170 176 183 187 188 189 193 200 226 229 ]
149: [ 3 4 33 51 52 67 80 81 95 107 138 140 160 163 189 209 216 233 243 ]
150: [ 12 27 108 113 116 148 163 167 174 209 217 ]
151: [ 27 32 55 75 79 81 83 103 108 116 120 137 139 154 156 167 201 204 208 220 226 ]
152: [ 11 13 121 187 198 217 237 ]
153: [ 8 14 27 37 42 50 54 75 84 87 100 108 116 120 182 183 185 202 240 ]
154: [ 56 125 151 179 182 191 202 ]
155: [ 3 7 9 12 24 29 47 99 107 111 156 159 191 235 249 250 ]
156: [ 10 23 47 50 58 79 90 102 108 131 151 155 166 169 211 219 ]
157: [ 68 126 147 159 191 196 220 ]
158: [ 28 41 43 45 53 55 59 81 102 133 147 179 184 188 222 233 ]
159: [ 10 15 18 26 63 64 79 96 148 155 157 219 223 243 244 249 ]
160: [ 29 35 42 125 149 171 183 216 239 ]
161: [ 5 30 97 104 111 112 120 141 179 198 201 216 223 224 230 248 249 ]
162: [ 12 42 55 61 88 105 108 148 182 198 210 223 227 246 ]
163: [ 104 113 125 133 146 149 150 164 165 169 178 193 211 241 ]
164: [ 1 2 49 69 76 81 84 89 163 174 178 187 188 194 ]
165: [ 1 10 39 69 72 86 87 91 102 163 238 ]
166: [ 3 9 51 70 78 138 156 198 245 ]
167: [ 34 35 44 52 80 85 89 90 108 110 150 151 173 182 216 245 250 ]
168: [ 19 45 46 52 53 54 55 57 94 103 148 207 239 247 ]
169: [ 3 24 26 58 75 81 96 111 120 126 148 156 163 200 205 206 209 222 239 ]
170: [ 2 18 45 52 79 116 124 145 148 193 201 220 222 244 ]
171: [ 6 25 38 55 59 65 95 106 119 160 178 189 228 ]
172: [ 3 10 21 22 24 42 43 69 81 87 99 118 135 178 188 201 210 215 244 ]
173: [ 22 24 37 42 56 67 88 113 119 124 138 167 188 193 223 233 235 242 ]
174: [ 3 9 52 78 79 91 115 150 164 186 206 216 223 232 241 245 ]
175: [ 6 18 25 43 44 90 92 145 223 228 245 ]
176: [ 2 16 58 64 66 68 104 143 148 237 243 ]
177: [ 86 90 232 233 234 ]
178: [ 20 26 29 46 54 68 70 75 88 93 102 106 124 125 134 136 141 146 163 164 171 172 197 201 202 207 218 227 229 237 ]
179: [ 14 31 66 75 80 93 99 129 154 158 161 193 201 220 230 232 233 240 ]
180: [ 6 33 45 77 98 102 111 120 125 139 140 144 201 202 205 ]
181: [ 12 23 24 33 44 55 78 99 120 125 134 135 141 143 191 205 216 218 224 246 247 249 ]
182: [ 15 26 47 55 62 63 91 108 133 134 139 153 154 162 167 187 196 207 211 215 222 223 235 243 ]
183: [ 2 29 51 60 75 101 105 126 147 148 153 160 193 212 ]
184: [ 6 26 27 54 75 134 158 235 ]
185: [ 16 72 78 88 93 98 123 132 135 153 198 242 246 ]
186: [ 36 48 52 75 174 187 211 239 ]
187: [ 33 36 37 60 61 97 106 117 118 138 145 148 152 164 182 186 193 195 219 236 238 250 ]
188: [ 5 42 44 51 115 123 148 158 164 172 173 204 215 248 ]
189: [ 2 30 51 63 88 94 97 101 117 122 138 148 149 171 225 226 233 ]
190: [ 15 64 70 129 138 244 ]
191: [ 8 38 75 106 127 154 155 157 181 213 250 ]
192: [ 55 58 76 97 143 198 206 ]
193: [ 9 35 39 70 106 120 125 127 148 163 170 173 179 183 187 194 227 239 ]
194: [ 3 4 30 42 51 79 90 102 131 133 145 164 193 216 240 ]
195: [ 21 23 28 47 48 61 66 69 70 74 75 76 96 132 133 139 141 143 187 205 221 225 233 241 ]
196: [ 2 4 75 107 140 157 182 207 250 ]
197: [ 1 20 44 70 107 121 178 221 222 227 ]
198: [ 4 9 31 44 64 65 100 123 125 152 161 162 166 185 192 210 216 219 224 237 ]
199: [ 25 33 44 91 101 116 131 200 205 237 ]
200: [ 17 29 99 121 135 148 169 199 221 ]
201: [ 3 9 13 21 22 37 59 91 95 108 120 133 151 161 170 172 178 179 180 202 222 228 ]
202: [ 17 32 48 70 76 101 105 108 122 125 153 154 178 180 201 203 237 ]
203: [ 11 59 76 97 104 130 139 142 202 211 229 232 245 ]
204: [ 4 19 27 36 42 55 77 80 103 119 146 151 188 ]
205: [ 37 53 54 71 72 106 131 135 146 169 180 181 195 199 ]
206: [ 46 82 86 143 169 174 192 231 237 ]
207: [ 17 19 22 40 58 62 65 126 168 178 182 196 218 228 ]
208: [ 52 54 61 67 121 134 151 219 222 237 242 ]
209: [ 35 49 94 100 112 149 150 169 210 222 236 243 ]
210: [ 9 22 38 62 78 85 110 123 137 162 172 198 209 215 217 232 233 245 246 ]
211: [ 5 20 35 43 45 76 96 127 146 156 163 182 186 203 215 220 246 ]
212: [ 15 35 56 71 91 132 142 183 ]
213: [ 30 86 102 116 117 120 191 218 221 228 229 ]
214: [ 6 59 91 98 114 119 129 215 231 239 243 ]
215: [ 3 9 30 53 88 92 122 136 172 182 188 210 211 214 218 223 228 238 ]
216: [ 16 75 88 97 108 124 149 160 161 167 174 181 194 198 226 249 ]
217: [ 25 30 36 41 55 66 84 102 124 150 152 210 221 226 ]
218: [ 58 68 82 89 108 178 181 207 213 215 243 ]
219: [ 5 27 32 39 51 54 74 85 109 113 114 121 127 143 156 159 187 198 208 226 233 241 242 ]
220: [ 1 11 17 26 37 75 104 106 109 133 151 157 170 179 211 231 237 ]
221: [ 7 20 54 56 81 85 113 114 115 120 130 131 146 195 197 200 213 217 222 231 241 ]
222: [ 6 22 28 41 59 63 71 77 106 158 169 170 182 197 201 208 209 221 245 ]
223: [ 20 37 55 68 76 88 105 108 109 135 137 140 159 161 162 173 174 175 182 215 230 232 ]
224: [ 2 14 16 48 58 67 84 97 118 120 129 137 161 181 198 227 ]
225: [ 9 16 54 57 69 101 104 120 137 146 189 195 242 ]
226: [ 11 15 18 56 64 148 151 189 216 217 219 250 ]
227: [ 4 13 45 46 100 111 118 122 131 132 141 147 162 178 193 197 224 229 232 249 ]
228: [ 44 82 86 102 119 121 130 171 175 201 207 213 215 234 239 ]
229: [ 13 25 37 58 86 90 101 103 148 178 203 213 227 232 233 ]
230: [ 25 66 161 179 223 240 ]
231: [ 4 58 68 69 75 86 88 89 125 206 214 220 221 232 236 ]
232: [ 2 4 21 29 41 48 67 75 80 90 91 102 104 106 141 174 177 179 203 210 223 227 229 231 248 ]
233: [ 2 61 69 79 83 101 108 120 134 137 140 149 158 173 177 179 189 195 210 219 229 249 ]
234: [ 6 21 24 44 47 52 65 89 92 93 106 108 117 119 128 133 177 228 ]
235: [ 4 13 45 58 63 96 105 107 111 116 123 135 136 155 173 182 184 246 ]
236: [ 22 38 41 83 108 124 132 187 209 231 ]
237: [ 1 7 18 49 59 136 143 152 176 178 198 199 202 206 208 220 ]
238: [ 25 50 126 133 137 165 187 215 247 ]
239: [ 160 168 169 186 193 214 228 242 ]
240: [ 19 27 35 96 113 125 127 129 153 179 194 230 ]
241: [ 1 22 36 52 55 60 68 76 108 118 122 135 136 163 174 195 219 221 246 ]
242: [ 4 11 41 55 59 61 67 81 121 123 124 173 185 208 219 225 239 245 ]
243: [ 2 11 25 28 70 76 118 129 134 149 159 176 182 209 214 218 ]
244: [ 9 58 75 87 88 133 134 139 159 170 172 190 249 ]
245: [ 19 30 36 42 46 50 58 68 75 79 80 93 95 102 135 166 167 174 175 203 210 222 242 246 ]
246: [ 38 43 46 54 63 68 72 87 106 113 123 126 146 162 181 185 210 211 235 241 245 ]
247: [ 35 58 63 80 94 140 168 181 238 ]
248: [ 1 16 37 79 86 114 161 188 232 ]
249: [ 48 67 155 159 161 181 216 227 233 244 ]
250: [ 7 9 29 32 53 75 76 89 91 93 103 129 139 155 167 187 191 196 226 ]
