1: [ 19 28 52 53 55 57 106 109 111 120 135 142 147 149 152 168 245 ]
2: [ 6 17 52 53 65 76 98 157 171 176 184 ]
3: [ 14 17 25 45 46 63 88 89 103 124 148 205 207 ]
4: [ 19 72 74 85 102 116 119 206 225 226 235 246 247 ]
5: [ 10 22 27 31 48 54 55 56 67 95 136 139 169 173 230 248 ]
6: [ 2 14 16 39 53 75 80 84 119 169 209 247 ]
7: [ 14 27 48 62 65 119 123 171 193 ]
8: [ 33 49 56 67 90 114 122 131 140 147 182 209 216 221 229 232 ]
9: [ 29 43 48 55 76 203 212 217 241 244 ]
10: [ 5 49 52 85 96 168 205 206 211 214 216 221 222 229 237 243 248 ]
11: [ 15 26 50 54 62 65 71 75 97 106 113 152 160 167 178 194 ]
12: [ 59 80 81 89 106 133 165 167 238 ]
13: [ 28 29 51 52 54 78 124 125 131 132 155 171 178 201 212 225 ]
14: [ 3 6 7 26 31 47 59 80 85 88 90 92 111 118 130 131 132 136 152 157 173 194 225 226 227 244 ]
15: [ 11 22 26 27 52 57 64 68 73 87 89 120 122 145 177 201 239 249 ]
16: [ 6 89 107 219 233 238 240 242 ]
17: [ 2 3 35 53 92 120 130 139 147 171 194 ]
18: [ 48 75 134 178 200 238 ]
19: [ 1 4 21 26 32 47 65 79 88 111 112 143 146 148 165 184 192 221 247 ]
20: [ 21 45 50 82 105 117 118 131 141 159 171 190 225 ]
21: [ 19 20 32 54 70 81 87 89 101 119 125 146 169 172 184 194 223 236 239 246 ]
22: [ 5 15 72 82 105 118 137 157 204 205 217 ]
23: [ 30 44 60 62 192 196 228 ]
24: [ 30 76 81 91 101 103 130 157 172 193 194 214 ]
25: [ 3 33 39 40 47 50 57 66 92 107 116 123 141 159 161 224 231 243 247 ]
26: [ 11 14 15 19 27 64 71 75 90 102 106 157 171 184 193 221 236 ]
27: [ 5 7 15 26 30 48 57 75 89 95 113 114 122 160 169 183 229 241 ]
28: [ 1 13 33 37 63 71 77 109 126 130 154 173 192 219 220 221 232 246 ]
29: [ 9 13 36 43 56 88 109 125 135 146 162 166 178 206 225 241 246 ]
30: [ 23 24 27 53 62 65 92 96 127 144 164 172 183 193 205 224 234 246 ]
31: [ 5 14 32 45 46 53 61 118 131 175 182 207 214 234 ]
32: [ 19 21 31 39 57 62 63 125 138 154 155 169 219 ]
33: [ 8 25 28 65 79 101 113 123 125 132 159 169 203 210 222 ]
34: [ 62 109 132 171 172 184 191 194 205 217 ]
35: [ 17 86 94 127 180 181 ]
36: [ 29 83 87 99 142 157 249 ]
37: [ 28 65 88 104 117 118 129 182 227 231 232 248 ]
38: [ 63 76 96 112 171 234 ]
39: [ 6 25 32 56 68 129 135 140 166 180 197 204 222 230 240 ]
40: [ 25 53 56 57 131 137 141 172 179 186 217 222 230 ]
41: [ 60 115 157 169 221 244 ]
42: [ 68 81 100 114 129 147 192 194 204 212 231 240 244 ]
43: [ 9 29 62 68 91 101 126 137 139 147 156 159 172 177 181 203 222 240 241 ]
44: [ 23 52 57 63 72 102 109 119 125 127 132 142 166 202 ]
45: [ 3 20 31 46 53 56 60 72 73 80 93 94 98 124 134 192 233 239 ]
46: [ 3 31 45 63 68 117 135 234 250 ]
47: [ 14 19 25 76 88 92 104 173 187 226 250 ]
48: [ 5 7 9 18 27 51 55 58 105 108 114 138 153 155 168 188 196 197 203 230 241 248 ]
49: [ 8 10 72 140 149 156 169 211 ]
50: [ 11 20 25 76 109 138 154 184 197 205 216 227 ]
51: [ 13 48 56 80 101 111 114 146 170 178 225 231 239 247 ]
52: [ 1 2 10 13 15 44 56 57 75 100 105 131 135 139 155 158 164 175 183 243 ]
53: [ 1 2 6 17 30 31 40 45 83 85 112 134 140 187 204 223 243 ]
54: [ 5 11 13 21 58 91 117 152 172 213 219 243 ]
55: [ 1 5 9 48 62 63 72 90 100 116 137 141 172 173 181 219 230 238 ]
56: [ 5 8 29 39 40 45 51 52 61 73 75 88 95 147 152 161 173 175 224 230 236 237 248 ]
57: [ 1 15 25 27 32 40 44 52 67 73 75 76 141 148 152 162 175 192 208 217 226 230 243 ]
58: [ 48 54 93 94 106 139 162 192 194 197 219 232 ]
59: [ 12 14 111 152 ]
60: [ 23 41 45 122 155 171 189 213 ]
61: [ 31 56 79 102 108 201 231 ]
62: [ 7 11 23 30 32 34 43 55 68 75 89 106 121 150 155 171 177 179 189 190 192 194 196 199 202 234 ]
63: [ 3 28 32 38 44 46 55 72 83 91 97 108 111 127 140 151 158 160 167 182 199 216 230 238 ]
64: [ 15 26 70 140 145 179 192 203 216 227 238 240 244 247 ]
65: [ 2 7 11 19 30 33 37 76 94 95 104 107 124 127 144 151 165 192 201 208 211 224 ]
66: [ 25 74 88 103 109 125 153 167 173 178 191 203 204 207 213 229 231 ]
67: [ 5 8 57 72 89 92 93 99 123 157 159 166 227 237 239 240 ]
68: [ 15 39 42 43 46 62 72 90 100 101 108 109 130 189 201 210 214 238 ]
69: [ 168 173 174 181 ]
70: [ 21 64 72 78 79 99 100 102 115 126 131 141 146 148 157 180 185 247 248 ]
71: [ 11 26 28 134 186 189 211 221 235 ]
72: [ 4 22 44 45 49 55 63 67 68 70 74 83 85 119 131 134 155 157 178 182 183 ]
73: [ 15 45 56 57 87 95 111 127 150 156 223 ]
74: [ 4 66 72 84 109 114 117 120 134 137 149 159 166 197 214 221 226 235 238 ]
75: [ 6 11 18 26 27 52 56 57 62 92 112 126 141 159 160 165 171 176 177 179 188 191 212 225 227 245 ]
76: [ 2 9 24 38 47 50 57 65 99 114 130 135 137 147 148 158 241 243 246 ]
77: [ 28 112 113 118 120 141 143 151 168 184 213 218 223 231 246 ]
78: [ 13 70 93 153 156 163 173 190 201 217 219 222 239 ]
79: [ 19 33 61 70 80 92 99 107 110 123 126 155 177 202 207 208 226 228 244 ]
80: [ 6 12 14 45 51 79 99 100 104 124 134 150 151 169 172 173 177 185 214 234 240 247 ]
81: [ 12 21 24 42 91 137 145 146 156 167 173 199 219 ]
82: [ 20 22 99 100 162 236 ]
83: [ 36 53 63 72 107 ]
84: [ 6 74 96 97 184 196 197 ]
85: [ 4 10 14 53 72 97 119 127 146 147 171 173 184 197 213 217 239 ]
86: [ 35 91 119 138 154 160 163 166 167 184 196 217 221 244 ]
87: [ 15 21 36 73 89 93 153 183 192 197 230 235 ]
88: [ 3 14 19 29 37 47 56 66 101 104 114 130 139 142 167 184 200 204 208 224 232 237 247 ]
89: [ 3 12 15 16 21 27 62 67 87 107 108 133 143 147 154 194 200 203 229 241 250 ]
90: [ 8 14 26 55 68 93 104 130 162 168 169 189 197 201 202 246 ]
91: [ 24 43 54 63 81 86 96 109 180 181 203 211 219 221 235 236 244 ]
92: [ 14 17 25 30 47 67 75 79 104 111 127 151 156 157 192 200 212 214 ]
93: [ 45 58 67 78 87 90 95 104 106 117 128 129 134 138 150 169 186 194 241 245 250 ]
94: [ 35 45 58 65 98 114 119 135 138 142 174 182 204 240 ]
95: [ 5 27 56 65 73 93 118 120 121 183 184 200 205 211 ]
96: [ 10 30 38 84 91 117 144 159 165 168 173 ]
97: [ 11 63 84 85 102 111 205 225 241 242 ]
98: [ 2 45 94 111 131 132 137 146 152 157 168 173 178 219 227 239 244 ]
99: [ 36 67 70 76 79 80 82 110 125 138 146 151 185 212 230 ]
100: [ 42 52 55 68 70 80 82 120 124 137 140 141 180 192 217 226 246 247 ]
101: [ 21 24 33 43 51 68 88 108 184 ]
102: [ 4 26 44 61 70 97 107 111 117 146 158 168 209 227 240 ]
103: [ 3 24 66 126 130 158 198 203 207 222 231 238 240 ]
104: [ 37 47 65 80 88 90 92 93 106 107 115 120 129 138 142 150 177 190 203 214 238 243 ]
105: [ 20 22 48 52 138 139 239 ]
106: [ 1 11 12 26 58 62 93 104 112 119 143 164 180 192 200 211 212 222 231 236 238 245 ]
107: [ 16 25 65 79 83 89 102 104 111 119 140 244 ]
108: [ 48 61 63 68 89 101 124 146 168 192 198 217 ]
109: [ 1 28 29 34 44 50 66 68 74 91 118 123 154 207 222 228 250 ]
110: [ 79 99 150 172 173 231 ]
111: [ 1 14 19 51 59 63 73 92 97 98 102 107 120 123 130 146 154 177 188 198 223 235 ]
112: [ 19 38 53 75 77 106 141 142 147 166 175 209 233 240 249 250 ]
113: [ 11 27 33 77 118 119 123 146 167 180 226 248 ]
114: [ 8 27 42 48 51 74 76 88 94 147 151 161 165 173 206 207 233 243 ]
115: [ 41 70 104 132 189 211 234 247 ]
116: [ 4 25 55 162 201 203 224 227 229 242 ]
117: [ 20 37 46 54 74 93 96 102 129 141 147 175 178 191 194 209 222 237 238 ]
118: [ 14 20 22 31 37 77 95 109 113 149 156 162 179 183 229 ]
119: [ 4 6 7 21 44 72 85 86 94 106 107 113 129 158 170 178 212 217 225 ]
120: [ 1 15 17 74 77 95 100 104 111 136 147 151 152 162 172 194 195 196 198 201 212 225 ]
121: [ 62 95 128 145 206 237 ]
122: [ 8 15 27 60 162 178 194 221 ]
123: [ 7 25 33 67 79 109 111 113 124 125 142 145 158 167 173 189 194 204 216 227 235 ]
124: [ 3 13 45 65 80 100 108 123 126 142 145 154 157 163 175 177 184 185 186 187 192 198 204 229 231 232 244 ]
125: [ 13 21 29 32 33 44 66 99 123 128 150 152 177 207 218 ]
126: [ 28 43 70 75 79 103 124 137 163 205 211 234 ]
127: [ 30 35 44 63 65 73 85 92 130 149 152 172 185 189 209 232 248 ]
128: [ 93 121 125 135 162 174 187 236 ]
129: [ 37 39 42 93 104 117 119 137 140 151 214 241 243 ]
130: [ 14 17 24 28 68 76 88 90 103 111 127 137 143 169 180 232 ]
131: [ 8 13 14 20 31 40 52 70 72 98 140 143 157 161 186 194 206 222 233 ]
132: [ 13 14 33 34 44 98 115 141 176 208 ]
133: [ 12 89 152 198 ]
134: [ 18 45 53 71 72 74 80 93 146 155 174 182 198 216 218 220 236 ]
135: [ 1 29 39 46 52 76 94 128 145 156 177 178 218 224 ]
136: [ 5 14 120 248 ]
137: [ 22 40 43 55 74 76 81 98 100 126 129 130 159 160 201 202 216 231 247 248 ]
138: [ 32 48 50 86 93 94 99 104 105 201 226 231 244 ]
139: [ 5 17 43 52 58 88 105 214 240 ]
140: [ 8 39 49 53 63 64 100 107 129 131 152 162 189 242 248 ]
141: [ 20 25 40 55 57 70 75 77 100 112 117 132 145 146 156 172 173 190 201 206 223 229 231 234 ]
142: [ 1 36 44 88 94 104 112 123 124 178 236 ]
143: [ 19 77 89 106 130 131 173 192 229 235 244 ]
144: [ 30 65 96 162 214 220 241 ]
145: [ 15 64 81 121 123 124 135 141 160 177 227 248 249 ]
146: [ 19 21 29 51 70 81 85 98 99 102 108 111 113 134 141 152 165 180 225 ]
147: [ 1 8 17 42 43 56 76 85 89 112 114 117 120 150 152 156 168 172 173 219 224 ]
148: [ 3 19 57 70 76 179 188 200 201 239 ]
149: [ 1 49 74 118 127 168 188 205 225 248 249 ]
150: [ 62 73 80 93 104 110 125 147 153 168 190 205 210 212 236 ]
151: [ 63 65 77 80 92 99 114 120 129 183 198 231 ]
152: [ 1 11 14 54 56 57 59 98 120 125 127 133 140 146 147 157 160 168 189 208 221 227 230 ]
153: [ 48 66 78 87 150 156 158 192 238 ]
154: [ 28 32 50 86 89 109 111 124 159 165 168 193 194 228 231 ]
155: [ 13 32 48 52 60 62 72 79 134 174 202 216 228 248 249 ]
156: [ 43 49 73 78 81 92 118 135 141 147 153 176 195 208 233 235 239 240 ]
157: [ 2 14 22 24 26 36 41 67 70 72 92 98 124 131 152 158 162 168 169 177 182 ]
158: [ 52 63 76 102 103 119 123 153 157 162 199 250 ]
159: [ 20 25 33 43 67 74 75 96 137 154 160 161 197 209 238 ]
160: [ 11 27 63 75 86 137 145 152 159 200 224 228 232 ]
161: [ 25 56 114 131 159 167 192 233 249 ]
162: [ 29 57 58 82 90 116 118 120 122 128 140 144 157 158 193 196 197 214 218 230 234 ]
163: [ 78 86 124 126 209 221 ]
164: [ 30 52 106 171 226 240 ]
165: [ 12 19 65 75 96 114 146 154 178 198 218 236 239 ]
166: [ 29 39 44 67 74 86 112 180 188 195 209 215 ]
167: [ 11 12 63 66 81 86 88 113 123 161 168 229 232 ]
168: [ 1 10 48 69 77 90 96 98 102 108 147 149 150 152 154 157 167 173 191 216 ]
169: [ 5 6 21 27 32 33 41 49 80 90 93 130 157 182 188 191 200 201 215 232 238 ]
170: [ 51 119 197 212 ]
171: [ 2 7 13 17 20 26 34 38 60 62 75 85 164 193 212 213 230 232 243 244 ]
172: [ 21 24 30 34 40 43 54 55 80 110 120 127 141 147 217 226 240 243 ]
173: [ 5 14 28 47 55 56 66 69 78 80 81 85 96 98 110 114 123 141 143 147 168 189 203 217 ]
174: [ 69 94 128 134 155 190 221 ]
175: [ 31 52 56 57 112 117 124 194 211 233 ]
176: [ 2 75 132 156 197 ]
177: [ 15 43 62 75 79 80 104 111 124 125 135 145 157 188 192 207 216 223 224 ]
178: [ 11 13 18 29 51 66 72 98 117 119 122 135 142 165 ]
179: [ 40 62 64 75 118 148 222 ]
180: [ 35 39 70 91 100 106 113 130 146 166 208 217 220 246 ]
181: [ 35 43 55 69 91 182 205 225 247 ]
182: [ 8 31 37 63 72 94 134 157 169 181 211 214 215 229 231 235 236 238 245 ]
183: [ 27 30 52 72 87 95 118 151 185 189 209 236 242 248 ]
184: [ 2 19 21 26 34 50 77 84 85 86 88 95 101 124 185 232 239 243 ]
185: [ 70 80 99 124 127 183 184 193 205 215 ]
186: [ 40 71 93 124 131 189 222 227 ]
187: [ 47 53 124 128 221 225 229 ]
188: [ 48 75 111 148 149 166 169 177 217 239 ]
189: [ 60 62 68 71 90 115 123 127 140 152 173 183 186 221 ]
190: [ 20 62 78 104 141 150 174 198 231 250 ]
191: [ 34 66 75 117 168 169 ]
192: [ 19 23 28 42 45 57 58 62 64 65 87 92 100 106 108 124 143 153 161 177 203 232 247 248 ]
193: [ 7 24 26 30 154 162 171 185 207 211 214 227 230 237 243 ]
194: [ 11 14 17 21 24 34 42 58 62 89 93 117 120 122 123 131 154 175 206 241 246 ]
195: [ 120 156 166 198 248 ]
196: [ 23 48 62 84 86 120 162 210 ]
197: [ 39 48 50 58 74 84 85 87 90 159 162 170 176 218 222 233 239 ]
198: [ 103 108 111 120 124 133 134 151 165 190 195 226 240 ]
199: [ 62 63 81 158 208 219 234 247 ]
200: [ 18 88 89 92 95 106 148 160 169 210 219 ]
201: [ 13 15 61 65 68 78 90 116 120 137 138 141 148 169 205 238 ]
202: [ 44 62 79 90 137 155 231 ]
203: [ 9 33 43 48 64 66 89 91 103 104 116 173 192 208 210 235 236 244 ]
204: [ 22 39 42 53 66 88 94 123 124 225 231 236 241 ]
205: [ 3 10 22 30 34 50 95 97 126 149 150 181 185 201 228 248 ]
206: [ 4 10 29 114 121 131 141 194 211 221 222 228 ]
207: [ 3 31 66 79 103 109 114 125 177 193 231 239 247 ]
208: [ 57 65 79 88 132 152 156 180 199 203 249 ]
209: [ 6 8 102 112 117 127 159 163 166 183 243 ]
210: [ 33 68 150 196 200 203 213 219 ]
211: [ 10 49 65 71 91 95 106 115 126 175 182 193 206 229 ]
212: [ 9 13 42 75 92 99 106 119 120 150 170 171 217 226 227 232 ]
213: [ 54 60 66 77 85 171 210 218 250 ]
214: [ 10 24 31 68 74 80 92 104 129 139 144 162 182 193 225 233 249 ]
215: [ 166 169 182 185 244 ]
216: [ 8 10 50 63 64 123 134 137 155 168 177 227 241 ]
217: [ 9 22 34 40 57 78 85 86 100 108 119 172 173 180 188 212 223 245 250 ]
218: [ 77 125 134 135 162 165 197 213 220 221 248 ]
219: [ 16 28 32 54 55 58 78 81 91 98 147 199 200 210 220 228 230 235 236 ]
220: [ 28 134 144 180 218 219 244 246 ]
221: [ 8 10 19 26 28 41 71 74 86 91 122 152 163 174 187 189 206 218 225 240 ]
222: [ 10 33 39 40 43 78 103 106 109 117 131 179 186 197 206 225 232 236 ]
223: [ 21 53 73 77 111 141 177 217 231 240 ]
224: [ 25 30 56 65 88 116 135 147 160 177 ]
225: [ 4 13 14 20 29 51 75 97 119 120 146 149 181 187 204 214 221 222 ]
226: [ 4 14 47 57 74 79 100 113 138 164 172 198 212 227 236 237 ]
227: [ 14 37 50 64 67 75 98 102 116 123 145 152 186 193 212 216 226 239 ]
228: [ 23 79 109 154 155 160 205 206 219 ]
229: [ 8 10 27 66 89 116 118 124 141 143 167 182 187 211 236 238 ]
230: [ 5 39 40 48 55 56 57 63 87 99 152 162 171 193 219 ]
231: [ 25 37 42 51 61 66 77 103 106 110 124 137 138 141 151 154 182 190 202 204 207 223 235 247 ]
232: [ 8 28 37 58 88 124 127 130 160 167 169 171 184 192 212 222 235 ]
233: [ 16 45 112 114 131 156 161 175 197 214 ]
234: [ 30 31 38 46 62 80 115 126 141 162 199 ]
235: [ 4 71 74 87 91 111 123 143 156 182 203 219 231 232 ]
236: [ 21 26 56 82 91 106 128 134 142 150 165 182 183 203 204 219 222 226 229 243 247 ]
237: [ 10 56 67 88 117 121 193 226 ]
238: [ 12 16 18 55 63 64 68 74 103 104 106 117 153 159 169 182 201 229 ]
239: [ 15 21 45 51 67 78 85 98 105 148 156 165 184 188 197 207 227 250 ]
240: [ 16 39 42 43 64 67 80 94 102 103 112 139 156 164 172 198 221 223 ]
241: [ 9 27 29 43 48 76 89 93 97 129 144 194 204 216 ]
242: [ 16 97 116 140 183 243 ]
243: [ 10 25 52 53 54 57 76 104 114 129 171 172 184 193 209 236 242 ]
244: [ 9 14 41 42 64 79 86 91 98 107 124 138 143 171 203 215 220 ]
245: [ 1 75 93 106 182 217 ]
246: [ 4 21 28 29 30 76 77 90 100 180 194 220 248 249 ]
247: [ 4 6 19 25 51 64 70 80 88 100 115 137 181 192 199 207 231 236 ]
248: [ 5 10 37 48 56 70 113 127 136 137 140 145 149 155 183 192 195 205 218 246 ]
249: [ 15 36 112 145 149 155 161 208 214 246 ]
250: [ 46 47 89 93 109 112 158 190 213 217 239 ]
