1: [ 10 28 112 144 146 169 183 189 203 225 ]
2: [ 10 35 72 102 103 113 123 126 134 144 178 200 216 217 221 230 231 ]
3: [ 24 46 60 118 120 123 174 182 183 208 232 ]
4: [ 112 115 130 131 135 144 148 155 195 ]
5: [ 12 24 33 37 38 63 68 93 118 146 164 169 187 217 ]
6: [ 19 25 72 75 106 126 141 171 177 216 228 ]
7: [ 26 33 56 81 83 114 118 119 133 153 179 201 224 228 ]
8: [ 11 18 21 68 83 89 137 141 143 151 195 221 223 224 235 242 ]
9: [ 22 33 79 98 106 158 ]
10: [ 1 2 20 57 85 98 112 119 120 123 146 202 208 212 214 217 227 241 ]
11: [ 8 76 115 126 141 198 211 242 ]
12: [ 5 24 85 135 150 155 161 172 174 203 206 216 ]
13: [ 37 48 51 61 103 107 114 119 131 135 137 143 160 177 181 198 219 ]
14: [ 20 32 41 50 76 83 90 95 101 146 158 159 165 188 201 218 240 242 246 ]
15: [ 22 49 52 61 76 93 96 97 104 129 152 179 213 216 222 227 245 ]
16: [ 41 44 51 57 60 75 83 100 147 163 166 ]
17: [ 24 27 41 51 54 55 62 87 91 117 128 141 142 148 154 164 203 206 235 ]
18: [ 8 35 50 56 72 76 93 106 115 192 202 208 212 249 ]
19: [ 6 37 50 98 109 139 159 169 226 227 ]
20: [ 10 14 27 59 66 82 87 88 100 104 108 129 153 183 186 190 230 235 246 ]
21: [ 8 31 42 80 83 86 97 118 127 133 142 159 160 161 163 182 207 211 215 221 235 ]
22: [ 9 15 42 47 54 69 108 123 132 156 159 174 178 193 201 203 204 205 210 247 ]
23: [ 54 106 110 157 168 174 182 192 198 223 230 238 ]
24: [ 3 5 12 17 27 36 41 48 57 60 65 84 94 117 127 214 224 229 232 ]
25: [ 6 32 33 63 75 77 83 90 100 158 169 202 212 218 225 226 235 238 ]
26: [ 7 36 43 73 80 81 86 94 112 126 130 131 143 145 164 172 174 180 209 213 ]
27: [ 17 20 24 57 78 91 95 102 112 121 139 144 154 168 221 247 ]
28: [ 1 44 62 66 79 85 126 139 149 160 165 181 191 210 215 223 226 ]
29: [ 41 52 58 86 94 101 114 122 123 148 151 153 182 202 220 ]
30: [ 84 87 123 142 198 ]
31: [ 21 123 127 148 197 234 238 ]
32: [ 14 25 63 83 95 115 195 220 237 241 248 ]
33: [ 5 7 9 25 41 78 134 141 148 163 179 238 248 ]
34: [ 83 95 103 114 116 121 122 143 166 178 194 217 235 242 ]
35: [ 2 18 44 54 71 83 100 103 117 211 ]
36: [ 24 26 68 108 119 144 154 163 173 203 212 221 226 231 ]
37: [ 5 13 19 38 51 52 55 62 67 93 108 160 184 185 193 204 214 221 222 227 249 ]
38: [ 5 37 45 69 92 134 138 143 177 206 214 219 220 243 246 ]
39: [ 62 67 87 119 142 144 172 196 ]
40: [ 42 56 85 94 123 171 201 243 ]
41: [ 14 16 17 24 29 33 53 60 70 75 115 121 129 164 165 209 210 219 221 230 231 ]
42: [ 21 22 40 66 70 87 136 166 169 172 194 196 199 220 239 242 248 250 ]
43: [ 26 72 82 88 108 134 137 140 143 145 149 156 161 173 194 206 224 247 ]
44: [ 16 28 35 50 51 52 83 104 105 112 122 141 146 150 158 182 194 244 ]
45: [ 38 49 214 225 232 ]
46: [ 3 48 52 113 152 157 162 230 ]
47: [ 22 48 97 101 148 177 208 235 246 ]
48: [ 13 24 46 47 110 115 158 185 196 197 223 231 247 ]
49: [ 15 45 67 72 91 103 117 138 145 161 167 201 220 ]
50: [ 14 18 19 44 58 81 95 126 139 144 147 157 178 210 220 230 231 246 ]
51: [ 13 16 17 37 44 52 104 127 141 181 182 190 194 231 ]
52: [ 15 29 37 44 46 51 131 135 156 157 169 174 182 198 207 209 247 ]
53: [ 41 88 91 128 141 143 182 190 192 236 244 ]
54: [ 17 22 23 35 71 88 118 131 137 174 189 192 195 217 222 240 244 ]
55: [ 17 37 58 68 84 102 107 136 173 193 225 242 243 ]
56: [ 7 18 40 67 84 89 100 102 107 117 118 166 208 230 235 238 242 245 249 ]
57: [ 10 16 24 27 85 103 129 135 143 156 162 171 193 210 212 216 220 224 231 237 243 ]
58: [ 29 50 55 80 90 137 188 193 203 ]
59: [ 20 66 72 83 95 142 150 177 180 183 187 199 208 214 ]
60: [ 3 16 24 41 81 84 88 93 109 112 115 116 148 154 156 179 191 195 204 207 214 ]
61: [ 13 15 143 201 216 236 ]
62: [ 17 28 37 39 107 148 178 194 205 206 220 234 ]
63: [ 5 25 32 85 96 100 116 134 139 152 173 182 197 208 212 246 ]
64: [ 69 94 112 126 130 132 174 191 195 199 208 215 235 240 248 ]
65: [ 24 108 130 150 193 201 222 244 ]
66: [ 20 28 42 59 83 89 117 135 164 167 214 229 242 ]
67: [ 37 39 49 56 75 134 142 143 153 154 158 172 174 198 209 239 ]
68: [ 5 8 36 55 75 76 89 100 108 123 155 167 201 216 243 245 250 ]
69: [ 22 38 64 82 94 125 145 173 177 188 191 203 205 221 ]
70: [ 41 42 137 153 174 178 212 217 ]
71: [ 35 54 101 107 117 134 146 228 ]
72: [ 2 6 18 43 49 59 76 108 115 122 123 129 134 142 144 155 168 195 198 220 250 ]
73: [ 26 112 163 172 174 194 208 226 228 246 ]
74: [ 133 140 157 162 191 195 198 203 232 242 ]
75: [ 6 16 25 41 67 68 80 87 103 133 137 141 149 155 170 177 183 190 196 202 209 213 ]
76: [ 11 14 15 18 68 72 77 96 98 120 122 128 140 149 155 158 180 186 202 241 ]
77: [ 25 76 103 107 145 147 164 189 216 240 ]
78: [ 27 33 79 231 238 243 ]
79: [ 9 28 78 84 100 115 134 137 143 165 173 188 199 202 217 ]
80: [ 21 26 58 75 91 103 132 160 161 177 188 200 206 221 231 233 ]
81: [ 7 26 50 60 84 89 115 116 140 161 186 190 203 215 242 ]
82: [ 20 43 69 88 108 137 139 177 201 225 250 ]
83: [ 7 8 14 16 21 25 32 34 35 44 59 66 89 93 101 127 140 190 204 212 213 220 221 226 ]
84: [ 24 30 55 56 60 79 81 100 101 121 122 131 133 138 140 146 158 169 184 197 202 219 223 234 236 240 ]
85: [ 10 12 28 40 57 63 114 120 126 133 134 138 140 171 173 189 225 239 ]
86: [ 21 26 29 104 118 131 142 148 154 156 174 183 232 250 ]
87: [ 17 20 30 39 42 75 91 98 124 145 188 247 ]
88: [ 20 43 53 54 60 82 94 100 101 119 129 136 151 169 171 182 211 219 220 ]
89: [ 8 56 66 68 81 83 101 108 130 137 139 144 152 203 205 233 242 248 250 ]
90: [ 14 25 58 101 106 124 132 142 148 162 186 206 239 ]
91: [ 17 27 49 53 80 87 106 119 126 146 163 185 198 204 210 212 241 242 ]
92: [ 38 136 148 191 213 ]
93: [ 5 15 18 37 60 83 122 131 138 213 214 220 232 241 ]
94: [ 24 26 29 40 64 69 88 103 112 119 127 189 194 195 242 ]
95: [ 14 27 32 34 50 59 117 129 131 134 145 159 160 171 172 178 212 225 248 ]
96: [ 15 63 76 103 154 155 156 183 190 210 224 225 232 244 248 ]
97: [ 15 21 47 114 141 147 161 179 182 216 ]
98: [ 9 10 19 76 87 100 132 157 158 162 211 212 220 239 244 ]
99: [ 118 129 173 176 208 ]
100: [ 16 20 25 35 56 63 68 79 84 88 98 103 109 119 135 145 163 172 174 ]
101: [ 14 29 47 71 83 84 88 89 90 108 119 124 126 141 154 169 171 173 183 199 203 224 229 234 248 250 ]
102: [ 2 27 55 56 128 129 134 154 169 185 230 236 ]
103: [ 2 13 34 35 49 57 75 77 80 94 96 100 106 109 112 120 131 144 165 184 188 216 228 238 ]
104: [ 15 20 44 51 86 108 114 121 132 139 141 149 154 160 164 177 182 191 200 205 216 ]
105: [ 44 149 155 197 206 224 234 ]
106: [ 6 9 18 23 90 91 103 128 135 138 155 157 170 225 ]
107: [ 13 55 56 62 71 77 116 154 220 247 ]
108: [ 20 22 36 37 43 65 68 72 82 89 101 104 129 145 156 163 164 175 182 187 190 202 ]
109: [ 19 60 100 103 120 164 183 189 202 221 ]
110: [ 23 48 161 179 ]
111: [ 135 140 143 196 ]
112: [ 1 4 10 26 27 44 60 64 73 94 103 123 145 171 174 188 196 210 212 233 238 ]
113: [ 2 46 123 144 183 187 196 199 202 211 222 225 230 ]
114: [ 7 13 29 34 85 97 104 117 128 130 133 178 201 202 215 219 ]
115: [ 4 11 18 32 41 48 60 72 79 81 124 127 132 134 151 156 177 190 194 195 198 210 211 ]
116: [ 34 60 63 81 107 123 153 174 178 182 211 ]
117: [ 17 24 35 49 56 66 71 95 114 118 122 123 127 132 149 153 219 227 242 ]
118: [ 3 5 7 21 54 56 86 99 117 126 139 147 179 189 191 192 198 220 229 239 246 ]
119: [ 7 10 13 36 39 88 91 94 100 101 128 148 153 169 171 172 242 250 ]
120: [ 3 10 76 85 103 109 151 155 165 172 177 183 216 240 ]
121: [ 27 34 41 84 104 132 134 147 156 160 179 181 190 192 197 202 226 228 ]
122: [ 29 34 44 72 76 84 93 117 171 172 214 223 226 231 236 ]
123: [ 2 3 10 22 29 30 31 40 68 72 112 113 116 117 141 143 234 238 ]
124: [ 87 90 101 115 144 152 ]
125: [ 69 139 161 232 ]
126: [ 2 6 11 26 28 50 64 85 91 101 118 136 137 140 156 191 204 238 ]
127: [ 21 24 31 51 83 94 115 117 134 148 155 157 159 172 184 194 200 201 215 ]
128: [ 17 53 76 102 106 114 119 132 134 151 161 179 193 195 207 224 226 232 243 ]
129: [ 15 20 41 57 72 88 95 99 102 108 178 ]
130: [ 4 26 64 65 89 114 136 139 147 155 163 172 179 198 216 ]
131: [ 4 13 26 52 54 84 86 93 95 103 139 165 192 197 199 210 241 ]
132: [ 22 64 80 90 98 104 115 117 121 128 143 158 168 175 186 199 207 210 226 231 232 243 ]
133: [ 7 21 74 75 84 85 114 158 182 191 201 206 229 ]
134: [ 2 33 38 43 63 67 71 72 79 85 95 102 115 121 127 128 147 150 174 200 211 230 239 247 ]
135: [ 4 12 13 52 57 66 100 106 111 141 163 166 170 199 211 213 232 245 ]
136: [ 42 55 88 92 126 130 154 169 173 193 208 214 232 236 245 ]
137: [ 8 13 43 54 58 70 75 79 82 89 126 141 149 178 181 197 223 226 231 236 240 ]
138: [ 38 49 84 85 93 106 144 147 235 ]
139: [ 19 27 28 50 63 82 89 104 118 125 130 131 156 171 201 209 210 213 239 244 ]
140: [ 43 74 76 81 83 84 85 111 126 159 206 209 213 223 227 243 245 ]
141: [ 6 8 11 17 33 44 51 53 75 97 101 104 123 135 137 148 161 163 165 211 216 ]
142: [ 17 21 30 39 59 67 72 86 90 149 158 160 169 210 214 ]
143: [ 8 13 26 34 38 43 53 57 61 67 79 111 123 132 144 146 230 236 238 240 ]
144: [ 1 2 4 27 36 39 50 72 89 103 113 124 138 143 146 148 149 156 166 193 197 201 225 245 249 ]
145: [ 26 43 49 69 77 87 95 100 108 112 149 160 181 183 186 194 196 198 207 224 237 247 ]
146: [ 1 5 10 14 44 71 84 91 143 144 174 177 192 198 208 219 235 243 ]
147: [ 16 50 77 97 118 121 130 134 138 156 168 173 177 193 225 227 244 249 ]
148: [ 4 17 29 31 33 47 60 62 86 90 92 119 127 141 144 194 201 ]
149: [ 28 43 75 76 104 105 117 137 142 144 145 151 174 178 190 192 196 199 226 230 243 ]
150: [ 12 44 59 65 134 158 164 167 172 203 211 217 237 239 247 ]
151: [ 8 29 88 115 120 128 149 188 208 215 235 ]
152: [ 15 46 63 89 124 154 248 ]
153: [ 7 20 29 67 70 116 117 119 157 178 191 223 236 ]
154: [ 17 27 36 60 67 86 96 101 102 104 107 136 152 155 158 168 182 204 210 226 229 ]
155: [ 4 12 68 72 75 76 96 105 106 120 127 130 154 162 179 182 218 221 224 227 228 ]
156: [ 22 43 52 57 60 86 96 108 115 121 126 139 144 147 179 193 198 227 243 ]
157: [ 23 46 50 52 74 98 106 127 153 160 196 222 246 ]
158: [ 9 14 25 44 48 67 76 84 98 132 133 142 150 154 186 188 198 222 225 226 ]
159: [ 14 19 21 22 95 127 140 160 164 178 192 216 220 ]
160: [ 13 21 28 37 80 95 104 121 142 145 157 159 187 198 216 238 ]
161: [ 12 21 43 49 80 81 97 110 125 128 141 164 166 188 ]
162: [ 46 57 74 90 98 155 166 179 203 229 231 234 ]
163: [ 16 21 33 36 73 91 100 108 130 135 141 171 179 212 218 225 ]
164: [ 5 17 26 41 66 77 104 108 109 150 159 161 172 201 203 ]
165: [ 14 28 41 79 103 120 131 141 206 214 ]
166: [ 16 34 42 56 135 144 161 162 169 218 221 239 242 ]
167: [ 49 66 68 150 182 189 202 212 247 ]
168: [ 23 27 72 132 147 154 195 202 ]
169: [ 1 5 19 25 42 52 84 88 101 102 119 136 142 166 215 216 217 242 ]
170: [ 75 106 135 196 ]
171: [ 6 40 57 85 88 95 101 112 119 122 139 163 174 176 225 226 227 ]
172: [ 12 26 39 42 67 73 95 100 119 120 122 127 130 150 164 183 189 197 201 ]
173: [ 36 43 55 63 69 79 85 99 101 136 147 185 197 203 205 211 225 232 246 ]
174: [ 3 12 22 23 26 52 54 64 67 70 73 86 100 112 116 134 146 149 171 200 206 214 238 247 ]
175: [ 108 132 213 231 ]
176: [ 99 171 ]
177: [ 6 13 38 47 59 69 75 80 82 104 115 120 146 147 178 181 186 188 215 218 232 243 ]
178: [ 2 22 34 50 62 70 95 114 116 129 137 149 153 159 177 183 189 233 235 ]
179: [ 7 15 33 60 97 110 118 121 128 130 155 156 162 163 181 187 194 203 241 ]
180: [ 26 59 76 204 242 247 248 250 ]
181: [ 13 28 51 121 137 145 177 179 201 225 231 238 ]
182: [ 3 21 23 29 44 51 52 53 63 88 97 104 108 116 133 154 155 167 ]
183: [ 1 3 20 59 75 86 96 101 109 113 120 145 172 178 199 200 209 211 221 233 234 240 ]
184: [ 37 84 103 127 211 ]
185: [ 37 48 91 102 173 202 226 ]
186: [ 20 76 81 90 132 145 158 177 247 ]
187: [ 5 59 108 113 160 179 195 198 241 243 247 ]
188: [ 14 58 69 79 80 87 103 112 151 158 161 177 196 197 212 224 242 ]
189: [ 1 54 77 85 94 109 118 167 172 178 204 207 238 247 ]
190: [ 20 51 53 75 81 83 96 108 115 121 149 196 244 ]
191: [ 28 60 64 69 74 92 104 118 126 133 153 196 204 212 ]
192: [ 18 23 53 54 118 121 131 146 149 159 224 231 ]
193: [ 22 37 55 57 58 65 128 136 144 147 156 ]
194: [ 34 42 43 44 51 62 73 94 115 127 145 148 179 222 223 226 228 235 238 ]
195: [ 4 8 32 54 60 64 72 74 94 115 128 168 187 196 224 238 244 ]
196: [ 39 42 48 75 111 112 113 145 149 157 170 188 190 191 195 198 235 243 247 250 ]
197: [ 31 48 63 84 105 121 131 137 144 172 173 188 212 225 ]
198: [ 11 13 23 30 52 67 72 74 91 115 118 130 145 146 156 158 160 187 196 220 224 ]
199: [ 42 59 64 79 101 113 131 132 135 149 183 203 207 233 234 235 243 248 249 ]
200: [ 2 80 104 127 134 174 183 228 ]
201: [ 7 14 22 40 49 61 65 68 82 114 127 133 139 144 148 164 172 181 240 ]
202: [ 10 18 25 29 75 76 79 84 108 109 113 114 121 167 168 185 237 244 249 ]
203: [ 1 12 17 22 36 58 69 74 81 89 101 150 162 164 173 179 199 221 231 248 ]
204: [ 22 37 60 83 91 126 154 180 189 191 241 ]
205: [ 22 62 69 89 104 173 ]
206: [ 12 17 38 43 62 80 90 105 133 140 165 174 219 224 246 ]
207: [ 21 52 60 128 132 145 189 199 ]
208: [ 3 10 18 47 56 59 63 64 73 99 136 146 151 213 220 ]
209: [ 26 41 52 67 75 139 140 183 225 ]
210: [ 22 28 41 50 57 91 96 112 115 131 132 139 142 154 235 ]
211: [ 11 21 35 88 98 113 115 116 134 135 141 150 173 183 184 221 234 239 244 ]
212: [ 10 18 25 36 57 63 70 83 91 95 98 112 163 167 188 191 197 220 226 239 ]
213: [ 15 26 75 83 92 93 135 139 140 175 208 214 226 229 231 ]
214: [ 10 24 37 38 45 59 60 66 93 122 136 142 165 174 213 224 ]
215: [ 21 28 64 81 114 127 151 169 177 ]
216: [ 2 6 12 15 57 61 68 77 97 103 104 120 130 141 159 160 169 217 221 247 ]
217: [ 2 5 10 34 54 70 79 150 169 216 223 245 ]
218: [ 14 25 155 163 166 177 238 ]
219: [ 13 38 41 84 88 114 117 146 206 224 238 242 ]
220: [ 29 32 38 42 49 50 57 62 72 83 88 93 98 107 118 159 198 208 212 229 ]
221: [ 2 8 21 27 36 37 41 69 80 83 109 155 166 183 203 211 216 224 227 235 244 ]
222: [ 15 37 54 65 113 157 158 194 ]
223: [ 8 23 28 48 84 122 137 140 153 194 217 226 248 ]
224: [ 7 8 24 43 57 96 101 105 128 145 155 188 192 195 198 206 214 219 221 231 247 ]
225: [ 1 25 45 55 82 85 95 96 106 113 144 147 158 163 171 173 181 197 209 229 ]
226: [ 19 25 28 36 73 83 121 122 128 132 137 149 154 158 171 185 194 212 213 223 237 240 247 ]
227: [ 10 15 19 37 117 140 147 155 156 171 221 234 ]
228: [ 6 7 71 73 103 121 155 194 200 ]
229: [ 24 66 101 118 133 154 162 213 220 225 ]
230: [ 2 20 23 41 46 50 56 102 113 134 143 149 248 ]
231: [ 2 36 41 48 50 51 57 78 80 122 132 137 162 175 181 192 203 213 224 244 ]
232: [ 3 24 45 74 86 93 96 125 128 132 135 136 173 177 243 ]
233: [ 80 89 112 178 183 199 236 ]
234: [ 31 62 84 101 105 123 162 183 199 211 227 ]
235: [ 8 17 20 21 25 34 47 56 64 138 146 151 178 194 196 199 210 221 242 ]
236: [ 53 61 84 102 122 136 137 143 153 233 238 240 248 ]
237: [ 32 57 145 150 202 226 243 ]
238: [ 23 25 31 33 56 78 103 112 123 126 143 160 174 181 189 194 195 218 219 236 240 246 249 ]
239: [ 42 67 85 90 98 118 134 139 150 166 211 212 241 ]
240: [ 14 54 64 77 84 120 137 143 183 201 226 236 238 247 ]
241: [ 10 32 76 91 93 131 179 187 204 239 ]
242: [ 8 11 14 34 42 55 56 66 74 81 89 91 94 117 119 166 169 180 188 219 235 ]
243: [ 38 40 55 57 68 78 128 132 140 146 149 156 177 187 196 199 232 237 ]
244: [ 44 53 54 65 96 98 139 147 190 195 202 211 221 231 ]
245: [ 15 56 68 135 136 140 144 217 ]
246: [ 14 20 38 47 50 63 73 118 157 173 206 238 ]
247: [ 22 27 43 48 52 87 107 134 145 150 167 174 180 186 187 189 196 216 224 226 240 ]
248: [ 32 33 42 64 89 95 96 101 152 180 199 203 223 230 236 ]
249: [ 18 37 56 144 147 199 202 238 250 ]
250: [ 42 68 72 82 86 89 101 119 180 196 249 ]
