1: [ 45 51 56 69 83 84 97 109 119 140 200 216 219 ]
2: [ 19 38 41 44 67 75 89 103 116 136 147 164 179 198 205 208 217 ]
3: [ 11 18 21 28 29 77 122 123 126 137 155 158 166 178 179 187 205 217 225 228 239 ]
4: [ 29 37 54 56 72 90 127 132 139 145 148 154 161 164 167 208 219 222 223 228 250 ]
5: [ 38 39 49 60 82 93 110 ]
6: [ 39 43 58 60 65 68 80 98 119 154 183 240 ]
7: [ 8 35 63 64 69 92 109 110 113 122 125 131 144 150 203 ]
8: [ 7 10 30 39 53 55 59 60 74 81 83 87 89 91 142 155 160 163 166 181 186 194 197 200 234 ]
9: [ 15 38 64 70 145 153 161 173 177 224 ]
10: [ 8 12 94 104 118 135 142 155 197 206 239 ]
11: [ 3 40 73 84 88 97 116 163 206 209 225 ]
12: [ 10 83 91 102 111 113 114 124 149 150 159 162 173 184 187 192 195 232 233 249 ]
13: [ 47 52 75 159 173 181 195 199 212 223 ]
14: [ 17 31 61 89 95 100 145 158 161 172 182 186 214 225 236 ]
15: [ 9 52 98 101 107 126 173 179 186 207 215 222 232 ]
16: [ 19 26 40 65 80 91 102 127 128 174 186 191 209 221 233 237 ]
17: [ 14 50 63 64 81 93 108 121 145 148 176 213 214 217 228 242 247 ]
18: [ 3 26 35 39 48 71 91 100 108 113 116 131 161 173 178 206 216 229 248 ]
19: [ 2 16 23 40 42 50 53 60 73 90 94 98 102 103 109 114 176 193 216 222 223 224 244 ]
20: [ 45 53 63 88 106 119 148 150 156 172 183 185 214 232 245 250 ]
21: [ 3 22 23 29 36 79 86 92 94 126 129 162 166 190 191 197 205 218 231 ]
22: [ 21 84 89 120 138 140 162 174 179 194 209 228 ]
23: [ 19 21 36 41 47 61 72 106 120 132 135 149 171 175 181 186 189 198 247 ]
24: [ 48 64 73 80 99 100 143 179 184 196 ]
25: [ 27 49 72 113 118 190 213 221 223 230 ]
26: [ 16 18 45 46 90 119 120 137 138 158 171 183 197 215 ]
27: [ 25 61 62 67 98 122 130 135 137 140 154 156 161 167 172 240 ]
28: [ 3 31 38 47 86 122 130 144 198 209 241 ]
29: [ 3 4 21 40 41 60 61 62 70 109 131 242 249 ]
30: [ 8 108 136 141 147 211 222 224 234 ]
31: [ 14 28 38 45 80 115 122 125 129 142 159 164 169 173 175 192 215 ]
32: [ 99 131 138 186 209 211 244 ]
33: [ 37 52 84 88 92 105 118 134 143 145 147 179 231 ]
34: [ 109 125 141 162 182 183 191 195 198 243 ]
35: [ 7 18 43 47 52 79 83 87 101 120 127 129 131 139 140 146 170 183 201 204 229 234 ]
36: [ 21 23 69 97 173 188 228 241 248 ]
37: [ 4 33 41 51 83 84 99 103 134 136 149 169 182 200 240 ]
38: [ 2 5 9 28 31 49 58 77 105 115 120 141 144 163 169 185 186 193 194 197 237 240 244 ]
39: [ 5 6 8 18 64 75 88 96 97 104 122 134 148 222 226 227 232 ]
40: [ 11 16 19 29 54 58 74 101 113 122 127 146 152 195 203 245 248 250 ]
41: [ 2 23 29 37 49 63 95 98 108 113 127 134 142 145 146 151 153 161 180 188 ]
42: [ 19 136 145 224 247 249 ]
43: [ 6 35 62 88 111 128 134 136 143 147 150 180 209 ]
44: [ 2 60 91 138 153 179 194 204 ]
45: [ 1 20 26 31 93 95 118 122 131 141 144 145 154 157 194 201 216 217 228 231 ]
46: [ 26 48 94 100 124 125 128 134 147 166 167 171 175 178 179 222 250 ]
47: [ 13 23 28 35 70 83 90 127 130 142 144 147 153 162 216 222 235 236 239 247 ]
48: [ 18 24 46 103 118 119 148 213 215 241 249 ]
49: [ 5 25 38 41 61 70 85 106 147 157 159 164 182 200 203 215 218 231 ]
50: [ 17 19 103 111 153 182 226 ]
51: [ 1 37 78 83 90 115 121 164 165 167 168 176 193 196 198 232 234 243 ]
52: [ 13 15 33 35 80 117 137 163 166 176 188 195 229 242 245 250 ]
53: [ 8 19 20 56 97 108 159 166 183 186 195 197 226 ]
54: [ 4 40 83 145 149 236 242 ]
55: [ 8 68 70 80 84 98 106 113 118 162 176 178 179 207 208 221 236 ]
56: [ 1 4 53 59 64 125 132 135 138 155 167 176 180 207 221 242 ]
57: [ 65 89 125 164 180 185 208 225 226 233 247 ]
58: [ 6 38 40 175 207 ]
59: [ 8 56 70 77 79 89 119 164 165 178 189 242 ]
60: [ 5 6 8 19 29 44 81 99 125 132 134 145 163 167 175 177 229 233 243 248 250 ]
61: [ 14 23 27 29 49 67 69 103 106 180 209 217 221 222 ]
62: [ 27 29 43 77 78 81 95 110 126 127 132 146 171 180 186 200 215 216 235 ]
63: [ 7 17 20 41 68 74 75 93 104 120 133 144 146 180 224 238 ]
64: [ 7 9 17 24 39 56 76 80 89 120 131 186 191 230 233 234 ]
65: [ 6 16 57 73 75 81 82 120 121 128 134 184 214 232 242 ]
66: [ 67 118 122 138 139 155 165 188 194 195 197 250 ]
67: [ 2 27 61 66 73 115 123 132 144 162 183 187 197 ]
68: [ 6 55 63 85 130 147 149 175 208 225 ]
69: [ 1 7 36 61 81 107 118 131 134 157 186 218 244 247 248 ]
70: [ 9 29 47 49 55 59 89 96 97 115 126 138 153 164 171 191 203 213 218 231 245 ]
71: [ 18 137 201 234 ]
72: [ 4 23 25 77 81 144 168 194 207 236 ]
73: [ 11 19 24 65 67 77 83 84 95 106 113 114 116 123 208 225 239 241 ]
74: [ 8 40 63 88 92 98 103 107 133 138 147 154 182 188 212 220 ]
75: [ 2 13 39 63 65 87 97 123 161 178 228 244 ]
76: [ 64 102 182 204 219 241 ]
77: [ 3 38 59 62 72 73 79 103 105 108 168 174 183 198 201 225 230 234 ]
78: [ 51 62 83 114 125 137 147 215 ]
79: [ 21 35 59 77 90 95 96 104 115 118 125 147 159 162 166 207 228 238 ]
80: [ 6 16 24 31 52 55 64 100 101 113 126 147 151 159 171 175 182 186 197 202 232 ]
81: [ 8 17 60 62 65 69 72 89 137 171 173 193 210 215 218 228 240 250 ]
82: [ 5 65 83 86 97 117 140 163 172 175 179 235 236 ]
83: [ 1 8 12 35 37 47 51 54 73 78 82 98 125 148 163 179 183 199 210 226 ]
84: [ 1 11 22 33 37 55 73 91 118 139 165 175 184 194 198 207 216 248 ]
85: [ 49 68 100 103 121 124 127 135 140 169 195 201 213 215 230 231 233 239 ]
86: [ 21 28 82 122 152 156 159 174 195 204 241 ]
87: [ 8 35 75 97 102 134 137 138 198 199 207 208 213 224 232 236 ]
88: [ 11 20 33 39 43 74 140 159 166 178 212 222 245 ]
89: [ 2 8 14 22 57 59 64 70 81 114 166 168 179 184 193 195 198 204 239 ]
90: [ 4 19 26 47 51 79 99 116 120 123 126 135 138 147 159 177 180 186 213 215 229 235 236 ]
91: [ 8 12 16 18 44 84 94 160 172 173 183 188 192 193 210 215 221 224 250 ]
92: [ 7 21 33 74 98 99 127 131 159 184 199 225 ]
93: [ 5 17 45 63 95 119 143 180 182 194 200 207 243 245 ]
94: [ 10 19 21 46 91 114 137 162 179 183 206 211 ]
95: [ 14 41 45 62 73 79 93 98 101 116 129 135 151 190 224 246 248 ]
96: [ 39 70 79 113 114 159 198 ]
97: [ 1 11 36 39 53 70 75 82 87 111 114 137 143 152 153 165 195 214 ]
98: [ 6 15 19 27 41 55 74 83 92 95 103 108 137 157 168 169 170 198 203 ]
99: [ 24 32 37 60 90 92 126 132 142 164 202 207 227 232 233 250 ]
100: [ 14 18 24 46 80 85 114 128 143 153 189 216 241 ]
101: [ 15 35 40 80 95 165 182 203 213 233 247 ]
102: [ 12 16 19 76 87 107 124 194 204 240 ]
103: [ 2 19 37 48 50 61 74 77 85 98 109 124 127 131 142 168 169 206 222 231 ]
104: [ 10 39 63 79 111 120 156 168 242 ]
105: [ 33 38 77 131 140 159 185 204 208 219 223 243 ]
106: [ 20 23 49 55 61 73 114 115 122 138 188 210 231 239 ]
107: [ 15 69 74 102 108 162 185 186 207 232 236 243 245 ]
108: [ 17 18 30 41 53 77 98 107 185 191 197 209 250 ]
109: [ 1 7 19 29 34 103 124 132 138 143 161 199 204 211 215 217 224 238 ]
110: [ 5 7 62 120 121 125 136 139 166 167 168 174 199 234 247 ]
111: [ 12 43 50 97 104 120 125 126 142 153 162 175 187 188 191 197 200 202 218 229 247 ]
112: [ 170 215 233 247 ]
113: [ 7 12 18 25 40 41 55 73 80 96 144 148 152 167 172 174 178 186 201 216 221 230 237 248 249 ]
114: [ 12 19 73 78 89 94 96 97 100 106 133 147 156 163 178 205 214 223 225 239 ]
115: [ 31 38 51 67 70 79 106 146 157 175 192 195 211 219 228 233 249 ]
116: [ 2 11 18 73 90 95 132 145 155 178 194 197 198 214 216 223 247 ]
117: [ 52 82 127 150 154 180 213 225 230 250 ]
118: [ 10 25 33 45 48 55 66 69 79 84 119 138 142 161 179 186 191 208 221 226 248 ]
119: [ 1 6 20 26 48 59 93 118 129 148 196 207 218 230 241 ]
120: [ 22 23 26 35 38 63 64 65 90 104 110 111 121 127 136 137 145 156 160 176 178 226 231 246 248 ]
121: [ 17 51 65 85 110 120 126 133 139 141 156 157 161 175 178 207 225 234 242 ]
122: [ 3 7 27 28 31 39 40 45 66 86 106 123 131 158 186 217 226 229 242 ]
123: [ 3 67 73 75 90 122 152 159 179 221 242 ]
124: [ 12 46 85 102 103 109 158 165 178 186 200 207 214 233 234 241 ]
125: [ 7 31 34 46 56 57 60 78 79 83 110 111 139 140 154 160 172 178 190 193 206 232 239 ]
126: [ 3 15 21 62 70 80 90 99 111 121 132 136 145 146 153 154 159 182 199 209 213 225 232 233 ]
127: [ 4 16 35 40 41 47 62 85 92 103 117 120 159 164 167 173 178 186 188 190 194 224 ]
128: [ 16 43 46 65 100 135 143 144 145 157 232 ]
129: [ 21 31 35 95 119 143 217 228 ]
130: [ 27 28 47 68 162 178 223 224 237 ]
131: [ 7 18 29 32 35 45 64 69 92 103 105 122 136 176 208 214 231 236 238 239 242 ]
132: [ 4 23 56 60 62 67 99 109 116 126 161 199 250 ]
133: [ 63 74 114 121 135 140 151 157 173 177 182 197 226 233 248 ]
134: [ 33 37 39 41 43 46 60 65 69 87 163 170 175 176 185 188 194 239 ]
135: [ 10 23 27 56 85 90 95 128 133 143 202 216 227 237 ]
136: [ 2 30 37 42 43 110 120 126 131 172 186 198 241 248 ]
137: [ 3 26 27 52 71 78 81 87 94 97 98 120 139 151 167 188 194 209 ]
138: [ 22 26 32 44 56 66 70 74 87 90 106 109 118 150 157 167 182 198 213 229 242 247 ]
139: [ 4 35 66 84 110 121 125 137 153 155 170 179 197 223 226 236 ]
140: [ 1 22 27 35 82 85 88 105 125 133 156 215 ]
141: [ 30 34 38 45 121 148 164 175 181 244 250 ]
142: [ 8 10 31 41 47 99 103 111 118 147 150 188 243 ]
143: [ 24 33 43 93 97 100 109 128 129 135 159 166 167 177 183 191 194 199 231 243 ]
144: [ 7 28 38 45 47 63 67 72 113 128 159 160 165 212 ]
145: [ 4 9 14 17 33 41 42 45 54 60 116 120 126 128 149 152 172 194 203 205 211 228 247 ]
146: [ 35 40 41 62 63 115 126 168 177 207 209 217 243 ]
147: [ 2 30 33 43 46 47 49 68 74 78 79 80 90 114 142 156 176 180 205 232 240 241 ]
148: [ 4 17 20 39 48 83 113 119 141 150 151 172 223 250 ]
149: [ 12 23 37 54 68 145 181 213 218 222 ]
150: [ 7 12 20 43 117 138 142 148 162 178 185 186 203 206 208 242 ]
151: [ 41 80 95 133 137 148 212 226 234 ]
152: [ 40 86 97 113 123 145 199 217 221 241 ]
153: [ 9 41 44 47 50 70 97 100 111 126 139 156 173 174 176 185 207 213 221 222 234 246 249 ]
154: [ 4 6 27 45 74 117 125 126 155 159 175 183 190 230 ]
155: [ 3 8 10 56 66 116 139 154 173 175 177 178 200 215 218 236 250 ]
156: [ 20 27 86 104 114 120 121 140 147 153 169 179 192 218 ]
157: [ 45 49 69 98 115 121 128 133 138 166 172 176 201 210 216 220 223 248 ]
158: [ 3 14 26 122 124 164 175 188 192 203 233 ]
159: [ 12 13 31 49 53 79 80 86 88 90 92 96 105 123 126 127 143 144 154 162 167 189 191 213 215 228 ]
160: [ 8 91 120 125 144 172 173 196 199 200 222 245 ]
161: [ 4 9 14 18 27 41 75 109 118 121 132 189 198 232 ]
162: [ 12 21 22 34 47 55 67 79 94 107 111 130 150 159 188 211 218 226 231 247 ]
163: [ 8 11 38 52 60 82 83 114 134 186 188 200 249 ]
164: [ 2 4 31 49 51 57 59 70 99 127 141 158 178 194 197 228 248 ]
165: [ 51 59 66 84 97 101 124 144 167 175 213 228 229 247 249 ]
166: [ 3 8 21 46 52 53 79 88 89 110 143 157 168 175 214 221 222 ]
167: [ 4 27 46 51 56 60 110 113 127 137 138 143 159 165 176 184 212 ]
168: [ 51 72 77 89 98 103 104 110 146 166 197 221 ]
169: [ 31 37 38 85 98 103 156 185 191 195 224 ]
170: [ 35 98 112 134 139 178 181 192 196 197 204 225 ]
171: [ 23 26 46 62 70 80 81 182 196 199 204 211 213 233 239 ]
172: [ 14 20 27 82 91 113 125 136 145 148 157 160 178 180 186 189 195 197 211 222 223 ]
173: [ 9 12 13 15 18 31 36 81 91 127 133 153 155 160 204 235 246 ]
174: [ 16 22 77 86 110 113 153 188 209 215 222 224 231 242 ]
175: [ 23 31 46 58 60 68 80 82 84 111 115 121 134 141 154 155 158 165 166 189 192 208 228 230 247 ]
176: [ 17 19 51 52 55 56 120 131 134 147 153 157 167 ]
177: [ 9 60 90 133 143 146 155 179 198 206 208 219 224 241 ]
178: [ 3 18 46 55 59 75 88 113 114 116 120 121 124 125 127 130 150 155 164 170 172 185 186 204 210 216 239 ]
179: [ 2 3 15 22 24 33 44 46 55 82 83 89 94 118 123 139 156 177 181 200 202 211 219 223 228 233 ]
180: [ 41 43 56 57 61 62 63 90 93 117 147 172 194 195 200 218 239 ]
181: [ 8 13 23 141 149 170 179 207 211 221 234 243 ]
182: [ 14 34 37 49 50 74 76 80 93 101 126 133 138 171 189 191 223 ]
183: [ 6 20 26 34 35 53 67 77 83 91 94 143 154 187 188 196 237 247 ]
184: [ 12 24 65 84 89 92 167 214 225 ]
185: [ 20 38 57 105 107 108 134 150 153 169 178 200 231 244 ]
186: [ 8 14 15 16 23 32 38 53 62 64 69 80 90 107 113 118 122 124 127 136 150 163 172 178 215 239 240 246 247 ]
187: [ 3 12 67 111 183 204 219 228 ]
188: [ 36 41 52 66 74 91 106 111 127 134 137 142 158 162 163 174 183 198 217 221 237 238 ]
189: [ 23 59 100 159 161 172 175 182 203 205 209 ]
190: [ 21 25 95 125 127 154 197 234 ]
191: [ 16 21 34 64 70 108 111 118 143 159 169 182 207 214 243 ]
192: [ 12 31 91 115 156 158 170 175 235 ]
193: [ 19 38 51 81 89 91 125 212 216 229 230 ]
194: [ 8 22 38 44 45 66 72 84 93 102 116 127 134 137 143 145 164 180 195 221 241 245 ]
195: [ 12 13 34 40 52 53 66 85 86 89 97 115 169 172 180 194 209 232 249 250 ]
196: [ 24 51 119 160 170 171 183 199 230 ]
197: [ 8 10 21 26 38 53 66 67 80 108 111 116 133 139 164 168 170 172 190 207 240 242 250 ]
198: [ 2 23 28 34 51 77 84 87 89 96 98 116 136 138 161 177 188 217 ]
199: [ 13 83 87 92 109 110 126 132 143 152 160 171 196 223 229 236 243 ]
200: [ 1 8 37 49 62 93 111 124 155 160 163 179 180 185 216 217 230 232 250 ]
201: [ 35 45 71 77 85 113 157 230 247 248 ]
202: [ 80 99 111 135 179 204 217 227 ]
203: [ 7 40 49 70 98 101 145 150 158 189 211 213 218 224 235 246 250 ]
204: [ 35 44 76 86 89 102 105 109 170 171 173 178 187 202 221 223 234 ]
205: [ 2 3 21 114 145 147 189 ]
206: [ 10 11 18 94 103 125 150 177 ]
207: [ 15 55 56 58 72 79 84 87 93 99 107 119 121 124 146 153 181 191 197 241 247 ]
208: [ 2 4 55 57 68 73 87 105 118 131 150 175 177 ]
209: [ 11 16 22 28 32 43 61 108 126 137 146 174 189 195 215 ]
210: [ 81 83 91 106 157 178 212 218 228 233 ]
211: [ 30 32 94 109 115 145 162 171 172 179 181 203 231 232 ]
212: [ 13 74 88 144 151 167 193 210 214 220 233 236 241 249 ]
213: [ 17 25 48 70 85 87 90 101 117 126 138 149 153 159 165 171 203 221 229 242 ]
214: [ 14 17 20 65 97 114 116 124 131 166 184 191 212 241 247 ]
215: [ 15 26 31 48 49 62 78 81 85 90 91 109 112 140 155 159 174 186 209 240 ]
216: [ 1 18 19 45 47 62 84 100 113 116 135 157 178 193 200 219 231 ]
217: [ 2 3 17 45 61 109 122 129 146 152 188 198 200 202 223 228 232 233 ]
218: [ 21 49 69 70 81 111 119 149 155 156 162 180 203 210 236 241 ]
219: [ 1 4 76 105 115 177 179 187 216 220 222 233 236 ]
220: [ 74 157 212 219 ]
221: [ 16 25 55 56 61 91 113 118 123 152 153 166 168 181 188 194 204 213 228 232 249 250 ]
222: [ 4 15 19 30 39 46 47 61 88 103 149 153 160 166 172 174 219 225 229 ]
223: [ 4 13 19 25 105 114 116 130 139 148 157 172 179 182 199 204 217 224 237 244 248 ]
224: [ 9 19 30 42 63 87 91 95 109 127 130 169 174 177 203 223 225 232 247 ]
225: [ 3 11 14 57 68 73 77 92 114 117 121 126 170 184 222 224 ]
226: [ 39 50 53 57 83 118 120 122 133 139 151 162 231 241 243 ]
227: [ 39 99 135 202 ]
228: [ 3 4 17 22 36 45 75 79 81 115 129 145 159 164 165 175 179 187 210 217 221 231 249 ]
229: [ 18 35 52 60 90 111 122 138 165 193 199 213 222 230 ]
230: [ 25 64 77 85 113 117 119 154 175 193 196 200 201 229 234 248 ]
231: [ 21 33 45 49 70 85 103 106 120 131 143 162 174 185 211 216 226 228 244 ]
232: [ 12 15 20 39 51 65 80 87 99 107 125 126 128 147 161 195 200 211 217 221 224 240 241 ]
233: [ 12 16 57 60 64 85 99 101 112 115 124 126 133 158 171 179 210 212 217 219 236 ]
234: [ 8 30 35 51 64 71 77 110 121 124 151 153 181 190 204 230 ]
235: [ 47 62 82 90 173 192 203 ]
236: [ 14 47 54 55 72 82 87 90 107 131 139 155 199 212 218 219 233 ]
237: [ 16 38 113 130 135 183 188 223 ]
238: [ 63 79 109 131 188 ]
239: [ 3 10 47 73 85 89 106 114 125 131 134 171 178 180 186 242 ]
240: [ 6 27 37 38 81 102 147 186 197 215 232 250 ]
241: [ 28 36 48 73 76 86 100 119 124 136 147 152 177 194 207 212 214 218 226 232 ]
242: [ 17 29 52 54 56 59 65 104 121 122 123 131 138 150 174 197 213 239 244 ]
243: [ 34 51 60 93 105 107 142 143 146 181 191 199 226 ]
244: [ 19 32 38 69 75 141 185 223 231 242 ]
245: [ 20 40 52 70 88 93 107 160 194 ]
246: [ 95 120 153 173 186 203 ]
247: [ 17 23 42 47 57 69 101 110 111 112 116 138 145 162 165 175 183 186 201 207 214 224 ]
248: [ 18 36 40 60 69 84 95 113 118 120 133 136 157 164 201 223 230 ]
249: [ 12 29 42 48 113 115 153 163 165 195 212 221 228 ]
250: [ 4 20 40 46 52 60 66 81 91 99 108 117 132 141 148 155 195 197 200 203 221 240 ]
