1: [ 24 100 104 116 131 134 138 165 179 182 183 184 207 218 235 237 247 248 ]
2: [ 20 50 58 66 82 100 145 155 166 184 187 209 211 213 250 ]
3: [ 15 17 27 30 40 54 68 76 80 121 145 152 160 163 176 182 193 200 214 217 219 220 222 233 ]
4: [ 19 85 159 186 202 210 ]
5: [ 8 49 50 53 55 58 59 64 71 72 78 89 118 132 151 165 174 187 200 204 208 212 218 219 ]
6: [ 11 75 108 159 226 237 ]
7: [ 31 39 55 80 120 158 173 197 204 224 ]
8: [ 5 46 54 62 66 83 106 119 120 126 135 166 174 185 195 214 216 219 229 233 244 ]
9: [ 48 71 72 108 115 178 210 238 ]
10: [ 99 114 121 135 147 176 182 202 210 ]
11: [ 6 29 43 52 82 84 105 109 130 143 150 175 220 228 ]
12: [ 30 38 50 56 58 89 94 95 128 214 237 ]
13: [ 47 50 67 72 83 96 97 102 152 159 176 206 217 222 ]
14: [ 59 67 72 74 91 114 116 126 166 171 182 201 233 236 241 243 ]
15: [ 3 33 52 57 62 71 79 97 114 127 153 186 199 204 250 ]
16: [ 46 57 64 66 77 107 211 232 ]
17: [ 3 21 30 63 73 76 81 95 102 123 132 154 155 170 179 196 232 236 244 ]
18: [ 55 96 98 101 123 143 170 180 189 195 206 220 227 243 244 ]
19: [ 4 34 41 48 50 66 91 117 130 143 188 192 ]
20: [ 2 39 42 44 50 56 68 77 82 91 151 155 174 215 220 225 227 229 231 242 244 ]
21: [ 17 23 33 38 91 127 161 196 221 249 ]
22: [ 30 37 75 82 88 128 135 165 177 187 ]
23: [ 21 30 35 71 74 107 120 153 172 187 198 212 ]
24: [ 1 29 36 49 62 64 69 93 99 109 129 210 235 243 ]
25: [ 43 54 78 91 101 104 118 133 215 223 227 230 243 247 ]
26: [ 40 50 55 56 63 104 109 127 129 141 153 156 166 192 207 213 235 237 ]
27: [ 3 29 52 63 65 71 84 105 117 128 176 177 199 214 220 225 244 ]
28: [ 46 57 88 109 127 151 154 171 172 199 209 215 220 224 240 247 ]
29: [ 11 24 27 31 43 84 95 128 191 ]
30: [ 3 12 17 22 23 32 59 60 84 88 103 108 114 132 141 144 157 158 161 174 176 185 208 219 220 231 240 ]
31: [ 7 29 38 42 78 81 93 102 114 121 130 160 169 179 190 197 202 204 206 237 243 ]
32: [ 30 36 80 97 121 138 155 160 175 181 205 216 225 228 235 248 ]
33: [ 15 21 52 59 70 80 81 102 112 161 186 218 226 230 ]
34: [ 19 41 50 57 83 149 151 174 212 222 228 ]
35: [ 23 49 64 67 72 80 82 90 105 149 165 181 201 228 231 ]
36: [ 24 32 42 49 51 68 74 82 106 108 125 152 155 194 202 206 234 237 ]
37: [ 22 42 152 212 ]
38: [ 12 21 31 43 44 51 57 69 75 93 127 132 143 167 168 180 181 197 213 215 218 ]
39: [ 7 20 42 63 69 71 82 84 100 117 121 149 159 171 180 192 240 ]
40: [ 3 26 56 67 70 87 125 127 142 145 162 169 215 ]
41: [ 19 34 57 65 91 121 125 161 187 203 219 221 233 237 244 ]
42: [ 20 31 36 37 39 49 57 61 74 78 98 123 209 228 237 ]
43: [ 11 25 29 38 64 70 76 79 89 109 147 151 191 208 212 214 215 219 ]
44: [ 20 38 58 94 135 179 216 228 236 237 241 ]
45: [ 52 55 138 154 ]
46: [ 8 16 28 47 62 81 94 115 126 130 135 149 160 161 191 198 217 222 224 226 248 ]
47: [ 13 46 57 63 70 71 79 135 140 148 209 225 ]
48: [ 9 19 82 121 163 183 199 ]
49: [ 5 24 35 36 42 57 82 127 141 155 165 168 176 187 191 195 208 238 243 ]
50: [ 2 5 12 13 19 20 26 34 58 89 93 99 115 116 127 186 187 233 237 242 ]
51: [ 36 38 61 91 108 141 148 156 177 219 ]
52: [ 11 15 27 33 45 55 69 75 83 100 105 116 166 177 204 213 219 238 ]
53: [ 5 59 75 104 155 210 237 247 250 ]
54: [ 3 8 25 62 66 74 125 172 194 214 218 ]
55: [ 5 7 18 26 45 52 61 63 84 125 130 134 157 182 222 224 237 ]
56: [ 12 20 26 40 103 116 155 178 186 193 241 ]
57: [ 15 16 28 34 38 41 42 47 49 65 84 121 125 137 141 153 160 164 191 205 219 224 226 238 246 ]
58: [ 2 5 12 44 50 65 79 102 135 138 157 158 176 181 188 228 237 239 242 ]
59: [ 5 14 30 33 53 91 97 98 127 145 160 163 ]
60: [ 30 63 77 83 103 125 141 146 163 166 176 182 194 ]
61: [ 42 51 55 73 113 164 169 173 206 224 ]
62: [ 8 15 24 46 54 82 96 107 116 126 146 149 150 153 157 159 181 211 227 233 ]
63: [ 17 26 27 39 47 55 60 65 72 127 130 159 182 188 211 224 235 247 ]
64: [ 5 16 24 35 43 68 77 111 116 130 134 163 170 173 192 193 202 205 207 210 216 229 237 ]
65: [ 27 41 57 58 63 73 93 97 99 100 105 114 128 134 142 154 160 181 198 205 210 219 ]
66: [ 2 8 16 19 54 68 72 91 100 103 134 151 157 160 163 183 193 214 244 ]
67: [ 13 14 35 40 118 129 130 136 144 166 167 221 243 ]
68: [ 3 20 36 64 66 74 76 91 104 116 121 128 138 155 162 168 181 193 198 206 231 241 ]
69: [ 24 38 39 52 80 139 187 190 206 208 215 ]
70: [ 33 40 43 47 76 105 154 208 ]
71: [ 5 9 15 23 27 39 47 72 91 100 174 212 214 218 221 244 ]
72: [ 5 9 13 14 35 63 66 71 76 79 88 93 107 108 116 118 126 134 143 168 185 196 210 224 247 ]
73: [ 17 61 65 129 198 216 ]
74: [ 14 23 36 42 54 68 84 92 98 113 130 178 189 214 232 236 ]
75: [ 6 22 38 52 53 82 96 107 127 131 139 157 159 199 226 ]
76: [ 3 17 43 68 70 72 78 79 80 113 123 148 151 190 210 238 247 250 ]
77: [ 16 20 60 64 82 152 154 158 210 ]
78: [ 5 25 31 42 76 88 90 110 142 144 163 172 175 222 229 233 237 ]
79: [ 15 43 47 58 72 76 80 81 95 96 105 117 118 145 153 164 215 238 239 ]
80: [ 3 7 32 33 35 69 76 79 103 108 159 178 214 219 231 236 240 244 ]
81: [ 17 31 33 46 79 99 101 105 142 143 156 166 186 187 191 195 247 ]
82: [ 2 11 20 22 35 36 39 48 49 62 75 77 99 107 110 111 140 143 156 174 189 ]
83: [ 8 13 34 52 60 93 121 132 153 161 166 186 195 197 204 221 232 ]
84: [ 11 27 29 30 39 55 57 74 101 141 170 172 177 208 250 ]
85: [ 4 149 162 166 168 186 190 219 ]
86: [ 94 111 117 119 139 142 159 179 183 185 186 210 214 ]
87: [ 40 102 152 155 157 160 183 194 200 ]
88: [ 22 28 30 72 78 212 226 229 245 ]
89: [ 5 12 43 50 125 154 174 194 195 196 211 219 239 ]
90: [ 35 78 165 190 202 217 222 239 243 ]
91: [ 14 19 20 21 25 41 51 59 66 68 71 127 199 213 217 222 226 ]
92: [ 74 97 98 155 163 191 217 218 246 ]
93: [ 24 31 38 50 65 72 83 129 146 151 154 186 195 229 ]
94: [ 12 44 46 86 96 107 110 127 140 161 163 166 167 168 198 199 206 218 222 230 ]
95: [ 12 17 29 79 96 111 145 191 235 246 ]
96: [ 13 18 62 75 79 94 95 98 100 109 114 115 138 150 188 214 231 239 ]
97: [ 13 15 32 59 65 92 114 136 144 157 158 171 182 196 199 217 238 244 246 ]
98: [ 18 42 59 74 92 96 145 146 172 225 232 235 238 ]
99: [ 10 24 50 65 81 82 102 111 114 120 155 158 177 182 185 187 190 211 215 216 228 235 246 ]
100: [ 1 2 39 52 65 66 71 96 108 116 132 145 154 158 160 175 188 226 239 ]
101: [ 18 25 81 84 118 125 143 172 193 201 221 234 ]
102: [ 13 17 31 33 58 87 99 115 126 129 137 146 176 177 186 199 214 ]
103: [ 30 56 60 66 80 113 129 149 156 203 206 214 219 221 241 ]
104: [ 1 25 26 53 68 141 164 181 186 207 235 ]
105: [ 11 27 35 52 65 70 79 81 139 196 208 210 217 222 243 248 ]
106: [ 8 36 145 156 219 235 ]
107: [ 16 23 62 72 75 82 94 116 145 183 189 248 ]
108: [ 6 9 30 36 51 72 80 100 110 116 118 141 171 205 210 213 222 228 244 ]
109: [ 11 24 26 28 43 96 122 127 135 156 163 175 199 201 215 ]
110: [ 78 82 94 108 111 118 134 146 160 169 180 197 199 207 228 ]
111: [ 64 82 86 95 99 110 114 149 187 188 201 223 230 ]
112: [ 33 125 138 167 177 183 202 ]
113: [ 61 74 76 103 116 183 229 239 ]
114: [ 10 14 15 30 31 65 96 97 99 111 159 160 196 200 201 ]
115: [ 9 46 50 96 102 121 141 146 199 235 ]
116: [ 1 14 50 52 56 62 64 68 72 100 107 108 113 126 147 162 188 221 223 225 231 ]
117: [ 19 27 39 79 86 121 131 178 186 198 207 208 213 218 ]
118: [ 5 25 67 72 79 101 108 110 147 179 186 198 214 248 ]
119: [ 8 86 141 153 186 190 231 ]
120: [ 7 8 23 99 127 129 139 143 155 180 212 217 243 ]
121: [ 3 10 31 32 39 41 48 57 68 83 115 117 131 136 145 159 176 180 244 250 ]
122: [ 109 161 188 199 ]
123: [ 17 18 42 76 149 160 174 192 204 226 233 245 ]
124: [ 196 250 ]
125: [ 36 40 41 54 55 57 60 89 101 112 138 153 197 210 244 247 ]
126: [ 8 14 46 62 72 102 116 169 179 218 ]
127: [ 15 21 26 28 38 40 49 50 59 63 75 91 94 109 120 132 133 135 151 166 174 191 203 221 226 239 ]
128: [ 12 22 27 29 65 68 133 143 145 155 164 165 171 177 198 209 225 234 ]
129: [ 24 26 67 73 93 102 103 120 161 220 ]
130: [ 11 19 31 46 55 63 64 67 74 137 151 158 171 183 189 196 217 230 243 244 247 ]
131: [ 1 75 117 121 170 176 180 ]
132: [ 5 17 30 38 83 100 127 133 151 168 ]
133: [ 25 127 128 132 192 196 217 ]
134: [ 1 55 64 65 66 72 110 140 143 145 147 160 166 171 175 187 190 206 217 ]
135: [ 8 10 22 44 46 47 58 109 127 185 187 190 191 218 ]
136: [ 67 97 121 147 168 182 228 229 ]
137: [ 57 102 130 176 221 223 229 232 ]
138: [ 1 32 45 58 68 96 112 125 144 163 ]
139: [ 69 75 86 105 120 141 148 163 172 185 221 242 ]
140: [ 47 82 94 134 141 174 239 244 ]
141: [ 26 30 49 51 57 60 84 104 108 115 119 139 140 142 157 162 164 216 221 238 ]
142: [ 40 65 78 81 86 141 195 211 216 226 ]
143: [ 11 18 19 38 72 81 82 101 120 128 134 147 151 163 181 215 217 221 222 ]
144: [ 30 67 78 97 138 169 202 210 211 221 226 245 ]
145: [ 2 3 40 59 79 95 98 100 106 107 121 128 134 157 193 200 206 213 ]
146: [ 60 62 93 98 102 110 115 161 179 193 205 207 209 226 238 ]
147: [ 10 43 116 118 134 136 143 154 163 164 180 198 208 210 212 219 ]
148: [ 47 51 76 139 166 167 188 214 235 248 ]
149: [ 34 35 39 46 62 85 103 111 123 208 237 239 ]
150: [ 11 62 96 155 159 163 164 168 186 223 242 ]
151: [ 5 20 28 34 43 66 76 93 127 130 132 143 185 218 226 230 241 ]
152: [ 3 13 36 37 77 87 183 192 195 196 250 ]
153: [ 15 23 26 57 62 79 83 119 125 156 171 186 199 202 237 239 ]
154: [ 17 28 45 65 70 77 89 93 100 147 160 173 194 212 219 228 229 234 ]
155: [ 2 17 20 32 36 49 53 56 68 87 92 99 120 128 150 171 179 182 194 195 200 242 ]
156: [ 26 51 81 82 103 106 109 153 158 206 ]
157: [ 30 55 58 62 66 75 87 97 141 145 217 ]
158: [ 7 30 58 77 97 99 100 130 156 170 178 181 206 224 243 244 ]
159: [ 4 6 13 39 62 63 75 80 86 114 121 150 160 173 178 238 250 ]
160: [ 3 31 32 46 57 59 65 66 87 100 110 114 123 134 154 159 169 178 186 194 203 ]
161: [ 21 30 33 41 46 83 94 122 129 146 163 185 202 217 ]
162: [ 40 68 85 116 141 188 215 226 ]
163: [ 3 48 59 60 64 66 78 92 94 109 138 139 143 147 150 161 185 186 192 210 237 247 249 ]
164: [ 57 61 79 104 128 141 147 150 165 177 202 214 223 239 244 ]
165: [ 1 5 22 35 49 90 128 164 176 231 246 ]
166: [ 2 8 14 26 52 60 67 81 83 85 94 127 134 148 202 203 211 220 224 225 ]
167: [ 38 67 94 112 148 235 ]
168: [ 38 49 68 72 85 94 132 136 150 214 215 233 ]
169: [ 31 40 61 110 126 144 160 176 183 206 221 228 234 ]
170: [ 17 18 64 84 131 158 187 198 ]
171: [ 14 28 39 97 108 128 130 134 153 155 180 190 194 212 ]
172: [ 23 28 54 78 84 98 101 139 183 194 ]
173: [ 7 61 64 154 159 195 196 229 235 237 ]
174: [ 5 8 20 30 34 71 82 89 123 127 140 188 202 206 213 215 233 237 241 ]
175: [ 11 32 78 100 109 134 177 208 217 241 244 250 ]
176: [ 3 10 13 27 30 49 58 60 102 121 131 137 165 169 196 233 ]
177: [ 22 27 51 52 84 99 102 112 128 164 175 220 241 ]
178: [ 9 56 74 80 117 158 159 160 199 213 239 250 ]
179: [ 1 17 31 44 86 118 126 146 155 188 194 200 218 220 244 ]
180: [ 18 38 39 110 120 121 131 147 171 193 197 199 201 212 224 233 ]
181: [ 32 35 38 58 62 65 68 104 143 158 186 197 198 202 222 223 ]
182: [ 1 3 10 14 55 60 63 97 99 136 155 205 ]
183: [ 1 48 66 86 87 107 112 113 130 152 169 172 199 203 207 210 221 235 238 ]
184: [ 1 2 186 190 191 197 215 219 220 225 232 235 ]
185: [ 8 30 72 86 99 135 139 151 161 163 194 212 219 224 245 ]
186: [ 4 15 33 50 56 81 83 85 86 93 102 104 117 118 119 150 153 160 163 181 184 206 217 224 ]
187: [ 2 5 22 23 41 49 50 69 81 99 111 134 135 170 191 215 218 230 235 236 ]
188: [ 19 58 63 96 100 111 116 122 148 162 174 179 197 208 ]
189: [ 18 74 82 107 130 206 219 225 226 ]
190: [ 31 69 76 85 90 99 119 134 135 171 184 194 223 ]
191: [ 29 43 46 49 57 81 92 95 127 135 184 187 212 213 243 244 ]
192: [ 19 26 39 64 123 133 152 163 196 201 210 236 ]
193: [ 3 56 64 66 68 101 145 146 180 198 221 250 ]
194: [ 36 54 60 87 89 154 155 160 171 172 179 185 190 244 245 ]
195: [ 8 18 49 81 83 89 93 142 152 155 173 ]
196: [ 17 21 72 89 97 105 114 124 130 133 152 173 176 192 208 228 231 ]
197: [ 7 31 38 83 110 125 180 181 184 188 198 218 222 224 236 ]
198: [ 23 46 65 68 73 94 117 118 128 147 170 181 193 197 223 232 242 ]
199: [ 15 27 28 48 75 91 94 97 102 109 110 115 122 153 178 180 183 216 231 237 250 ]
200: [ 3 5 87 114 145 155 179 205 220 ]
201: [ 14 35 101 109 111 114 180 192 213 217 219 ]
202: [ 4 10 31 36 64 90 112 144 153 161 164 166 174 181 220 241 250 ]
203: [ 41 103 127 160 166 183 238 247 ]
204: [ 5 7 15 31 52 83 123 206 224 234 ]
205: [ 32 57 64 65 108 146 182 200 ]
206: [ 13 18 31 36 61 68 69 94 103 134 145 156 158 169 174 186 189 204 215 ]
207: [ 1 26 64 104 110 117 146 183 218 221 241 246 ]
208: [ 5 30 43 49 69 70 84 105 117 147 149 175 188 196 218 222 224 225 226 231 243 250 ]
209: [ 2 28 42 47 128 146 ]
210: [ 4 9 10 24 53 64 65 72 76 77 86 105 108 125 144 147 163 183 192 218 240 ]
211: [ 2 16 62 63 89 99 142 144 166 237 ]
212: [ 5 23 34 37 43 71 88 120 147 154 171 180 185 191 218 241 ]
213: [ 2 26 38 52 91 108 117 145 174 178 191 201 ]
214: [ 3 8 12 27 43 54 66 71 74 80 86 96 102 103 118 148 164 168 217 220 229 230 232 ]
215: [ 20 25 28 38 40 43 69 79 99 109 143 162 168 174 184 187 206 234 241 249 ]
216: [ 8 32 44 64 73 99 141 142 199 ]
217: [ 3 13 46 90 91 92 97 105 120 130 133 134 143 157 161 175 186 201 214 ]
218: [ 1 5 33 38 54 71 92 94 117 126 135 151 179 187 197 207 208 210 212 224 ]
219: [ 3 5 8 30 41 43 51 52 57 65 80 85 89 103 106 147 154 184 185 189 201 221 248 ]
220: [ 3 11 18 20 27 28 30 129 166 177 179 184 200 202 214 242 246 ]
221: [ 21 41 67 71 83 101 103 116 127 137 139 141 143 144 169 183 193 207 219 235 ]
222: [ 3 13 34 46 55 78 90 91 94 105 108 143 181 197 208 235 243 ]
223: [ 25 111 116 137 150 164 181 190 198 ]
224: [ 7 28 46 55 57 61 63 72 158 166 180 185 186 197 204 208 218 ]
225: [ 20 27 32 47 98 116 128 166 184 189 208 243 248 ]
226: [ 6 33 46 57 75 88 91 100 123 127 142 144 146 151 162 189 208 234 ]
227: [ 18 20 25 62 ]
228: [ 11 32 34 35 42 44 58 99 108 110 136 154 169 196 237 ]
229: [ 8 20 64 78 88 93 113 136 137 154 173 214 233 245 ]
230: [ 25 33 94 111 130 151 187 214 237 ]
231: [ 20 30 35 68 80 96 116 119 165 196 199 208 237 242 ]
232: [ 16 17 74 83 98 137 184 198 214 235 238 239 241 ]
233: [ 3 8 14 41 50 62 78 123 168 174 176 180 229 249 250 ]
234: [ 36 101 128 154 169 204 215 226 236 244 ]
235: [ 1 24 26 32 63 95 98 99 104 106 115 148 167 173 183 184 187 221 222 232 ]
236: [ 14 17 44 74 80 187 192 197 234 237 ]
237: [ 1 6 12 26 31 36 41 42 44 50 53 55 58 64 78 149 153 163 173 174 199 211 228 230 231 236 ]
238: [ 9 49 52 57 76 79 97 98 141 146 159 183 203 232 ]
239: [ 58 79 89 90 96 100 113 127 140 149 153 164 178 232 248 ]
240: [ 28 30 39 80 210 ]
241: [ 14 44 56 68 103 151 174 175 177 202 207 212 215 232 242 ]
242: [ 20 50 58 139 150 155 198 220 231 241 249 ]
243: [ 14 18 24 25 31 49 67 90 105 120 130 158 191 208 222 225 245 ]
244: [ 8 17 18 20 27 41 66 71 80 97 108 121 125 130 140 158 164 175 179 191 194 234 ]
245: [ 88 123 144 185 194 229 243 ]
246: [ 57 92 95 97 99 165 207 220 250 ]
247: [ 1 25 28 53 63 72 76 81 125 130 163 203 ]
248: [ 1 32 46 105 107 118 148 219 225 239 ]
249: [ 21 163 215 233 242 ]
250: [ 2 15 53 76 84 121 124 152 159 175 178 193 199 202 208 233 246 ]
