1: [ 6 17 34 92 114 116 117 164 173 178 202 231 ]
2: [ 23 89 104 124 128 144 148 179 183 198 207 208 214 231 240 ]
3: [ 5 20 40 63 79 100 101 128 131 132 136 147 152 157 160 210 222 240 ]
4: [ 5 7 14 16 56 91 127 174 219 ]
5: [ 3 4 12 19 20 25 33 36 42 57 70 71 81 82 85 92 114 129 130 137 152 192 200 209 234 246 ]
6: [ 1 15 28 31 43 49 124 125 141 149 173 183 191 203 209 215 229 ]
7: [ 4 24 93 116 133 137 159 230 250 ]
8: [ 17 34 37 93 194 225 229 ]
9: [ 35 42 64 75 113 155 183 193 200 225 ]
10: [ 14 37 38 58 61 74 78 93 94 111 120 127 132 150 161 182 195 215 216 231 243 ]
11: [ 27 30 45 61 81 87 134 146 196 202 ]
12: [ 5 22 31 49 95 106 134 136 157 174 183 203 ]
13: [ 16 31 52 67 75 80 93 117 129 138 140 151 171 180 184 187 188 200 217 218 231 ]
14: [ 4 10 25 33 44 48 55 68 95 156 164 171 181 189 208 233 ]
15: [ 6 28 32 43 47 66 72 82 90 106 128 129 131 140 164 186 197 213 217 219 229 ]
16: [ 4 13 22 30 35 37 39 68 70 71 101 118 143 148 164 176 180 208 221 235 245 ]
17: [ 1 8 29 32 40 41 86 87 105 122 187 ]
18: [ 23 99 108 180 ]
19: [ 5 26 32 76 112 137 145 170 171 184 213 239 ]
20: [ 3 5 23 26 43 48 56 70 74 86 97 108 114 128 129 162 177 180 181 187 200 209 212 213 217 222 229 232 ]
21: [ 27 40 86 105 106 144 155 169 212 224 234 ]
22: [ 12 16 28 29 54 59 87 95 98 111 163 165 171 173 181 226 240 242 249 ]
23: [ 2 18 20 30 41 51 62 68 87 99 136 177 193 199 200 210 233 235 241 ]
24: [ 7 27 32 44 55 60 82 108 125 145 146 191 193 196 208 216 225 238 242 246 ]
25: [ 5 14 63 68 75 83 126 127 139 169 213 221 224 ]
26: [ 19 20 28 32 60 90 114 184 200 242 ]
27: [ 11 21 24 28 46 47 52 85 89 124 127 133 172 187 189 194 197 214 219 220 ]
28: [ 6 15 22 26 27 30 35 42 43 62 75 80 85 89 92 113 123 133 136 146 162 178 201 225 229 ]
29: [ 17 22 32 44 49 67 93 101 114 115 121 170 174 188 191 193 202 ]
30: [ 11 16 23 28 44 52 116 144 151 160 163 180 217 236 239 ]
31: [ 6 12 13 42 47 91 93 110 116 125 128 139 167 183 190 192 197 223 228 240 ]
32: [ 15 17 19 24 26 29 35 54 68 76 96 113 118 130 147 154 207 228 231 249 ]
33: [ 5 14 43 95 103 111 133 137 171 201 227 242 249 ]
34: [ 1 8 64 65 68 102 108 110 130 133 148 166 174 186 211 219 238 243 ]
35: [ 9 16 28 32 37 77 83 92 94 107 128 137 140 141 151 157 167 169 186 237 240 ]
36: [ 5 47 71 83 105 136 174 182 200 201 203 ]
37: [ 8 10 16 35 69 72 112 128 136 139 142 158 183 199 213 241 248 ]
38: [ 10 71 100 116 123 155 159 160 182 219 230 ]
39: [ 16 70 111 197 203 ]
40: [ 3 17 21 51 99 121 147 155 174 184 188 201 212 232 ]
41: [ 17 23 49 63 75 84 90 110 142 149 162 173 179 193 194 210 216 ]
42: [ 5 9 28 31 52 55 58 59 63 94 106 123 142 150 173 174 185 210 222 226 241 ]
43: [ 6 15 20 28 33 61 77 95 99 123 124 147 173 174 203 ]
44: [ 14 24 29 30 47 69 93 101 102 107 113 126 135 139 151 156 173 177 200 201 224 237 ]
45: [ 11 77 113 161 207 ]
46: [ 27 54 63 67 74 81 82 91 102 116 117 149 172 175 192 209 218 220 236 ]
47: [ 15 27 31 36 44 60 91 107 146 151 166 198 203 210 218 225 244 ]
48: [ 14 20 75 80 82 91 92 106 131 146 165 174 182 186 191 211 215 218 221 228 230 240 ]
49: [ 6 12 29 41 63 110 131 137 149 165 182 214 215 217 219 221 223 224 239 ]
50: [ 117 118 142 171 181 215 219 232 ]
51: [ 23 40 56 73 91 97 101 106 142 155 176 177 179 188 223 231 237 244 246 ]
52: [ 13 27 30 42 76 77 81 92 143 150 159 170 188 193 197 208 229 250 ]
53: [ 77 87 114 135 136 149 153 190 194 211 215 234 ]
54: [ 22 32 46 73 83 88 91 106 117 129 133 134 137 141 181 231 237 239 247 ]
55: [ 14 24 42 78 98 114 131 140 171 183 201 ]
56: [ 4 20 51 122 138 160 190 194 196 201 ]
57: [ 5 69 111 115 146 158 167 203 207 222 225 240 ]
58: [ 10 42 62 73 128 131 159 169 202 239 ]
59: [ 22 42 65 92 122 150 162 188 193 221 ]
60: [ 24 26 47 80 101 102 110 137 140 216 229 245 ]
61: [ 10 11 43 66 68 85 92 113 134 150 159 166 182 190 191 220 ]
62: [ 23 28 58 64 82 84 93 130 131 141 161 183 186 190 204 221 ]
63: [ 3 25 41 42 46 49 74 89 93 118 120 127 138 147 170 175 182 187 194 203 207 221 239 241 242 ]
64: [ 9 34 62 78 114 133 136 151 171 198 ]
65: [ 34 59 98 133 227 240 248 ]
66: [ 15 61 101 109 121 124 137 139 178 186 195 196 221 234 242 250 ]
67: [ 13 29 46 105 110 112 123 128 131 161 197 199 216 224 239 ]
68: [ 14 16 23 25 32 34 61 74 83 86 91 93 95 101 104 124 134 167 172 199 200 201 208 211 226 234 ]
69: [ 37 44 57 74 75 80 127 128 131 200 244 ]
70: [ 5 16 20 39 101 128 133 147 149 156 158 159 173 176 181 206 232 247 ]
71: [ 5 16 36 38 89 96 117 126 142 150 152 154 203 213 215 217 248 249 ]
72: [ 15 37 78 95 102 133 134 143 206 210 214 227 228 ]
73: [ 51 54 58 116 198 204 226 243 ]
74: [ 10 20 46 63 68 69 82 102 129 167 171 248 ]
75: [ 9 13 25 28 41 48 69 79 84 100 104 114 119 148 168 181 209 246 ]
76: [ 19 32 52 89 90 107 113 133 171 229 ]
77: [ 35 43 45 52 53 83 89 94 101 131 144 182 187 208 210 218 231 232 239 246 ]
78: [ 10 55 64 72 79 95 107 127 139 145 231 ]
79: [ 3 75 78 113 120 134 142 155 219 220 ]
80: [ 13 28 48 60 69 94 110 137 147 161 177 194 203 224 227 ]
81: [ 5 11 46 52 89 102 118 121 131 173 179 190 203 214 223 ]
82: [ 5 15 24 46 48 62 74 86 87 88 91 106 137 153 158 160 166 168 169 180 200 203 230 233 248 ]
83: [ 25 35 36 54 68 77 90 98 113 120 124 134 161 162 163 173 195 202 205 229 ]
84: [ 41 62 75 86 99 114 154 158 166 167 187 197 231 232 247 ]
85: [ 5 27 28 61 117 152 178 190 198 201 202 215 222 231 ]
86: [ 17 20 21 68 82 84 106 108 148 149 154 176 182 208 210 211 216 217 218 225 238 ]
87: [ 11 17 22 23 53 82 95 146 147 171 183 186 191 205 221 247 ]
88: [ 54 82 93 118 122 123 133 148 155 157 214 215 229 ]
89: [ 2 27 28 63 71 76 77 81 98 131 142 144 146 166 189 201 204 208 212 221 241 242 ]
90: [ 15 26 41 76 83 108 120 140 206 223 241 242 ]
91: [ 4 31 46 47 48 51 54 68 82 104 122 134 146 171 176 183 204 229 ]
92: [ 1 5 28 35 48 52 59 61 95 166 173 178 197 220 231 245 ]
93: [ 7 8 10 13 29 31 44 62 63 68 88 101 129 147 154 172 204 226 ]
94: [ 10 35 42 77 80 101 136 155 230 240 246 ]
95: [ 12 14 22 33 43 68 72 78 87 92 115 136 143 149 151 157 176 184 187 203 208 210 217 229 ]
96: [ 32 71 118 152 187 202 214 ]
97: [ 20 51 104 197 203 219 ]
98: [ 22 55 65 83 89 140 142 153 156 161 166 176 177 184 189 210 231 ]
99: [ 18 23 40 43 84 123 150 151 178 204 ]
100: [ 3 38 75 104 157 238 ]
101: [ 3 16 29 44 51 60 66 68 70 77 93 94 108 143 151 163 173 178 196 202 205 206 221 ]
102: [ 34 44 46 60 72 74 81 146 150 152 156 159 173 174 181 207 228 238 247 ]
103: [ 33 106 146 187 190 210 218 219 234 ]
104: [ 2 68 75 91 97 100 106 123 125 133 137 150 210 221 ]
105: [ 17 21 36 67 188 216 219 240 243 ]
106: [ 12 15 21 42 48 51 54 82 86 103 104 120 126 133 135 148 165 166 201 208 216 239 ]
107: [ 35 44 47 76 78 146 159 163 197 205 212 213 229 242 250 ]
108: [ 18 20 24 34 86 90 101 125 152 157 158 216 242 244 ]
109: [ 66 116 140 152 162 176 218 224 ]
110: [ 31 34 41 49 60 67 80 116 137 138 143 149 164 181 182 201 204 240 249 ]
111: [ 10 22 33 39 57 124 149 154 174 184 187 228 234 245 ]
112: [ 19 37 67 136 144 146 156 158 163 176 178 203 205 214 217 224 229 ]
113: [ 9 28 32 44 45 61 76 79 83 118 119 135 142 143 157 160 169 215 228 ]
114: [ 1 5 20 26 29 53 55 64 75 84 118 121 123 132 142 145 168 177 194 242 243 247 ]
115: [ 29 57 95 184 207 ]
116: [ 1 7 30 31 38 46 73 109 110 129 164 197 202 208 226 232 242 ]
117: [ 1 13 46 50 54 71 85 118 190 217 230 ]
118: [ 16 32 50 63 81 88 96 113 114 117 121 138 146 153 173 197 213 234 239 ]
119: [ 75 113 194 197 200 201 202 224 242 247 ]
120: [ 10 63 79 83 90 106 140 149 162 168 227 235 249 ]
121: [ 29 40 66 81 114 118 128 135 137 140 141 156 163 164 179 180 204 221 232 ]
122: [ 17 56 59 88 91 143 160 162 181 195 198 231 232 ]
123: [ 28 38 42 43 67 88 99 104 114 127 151 156 167 171 174 176 192 243 250 ]
124: [ 2 6 27 43 66 68 83 111 137 160 166 172 174 191 192 226 ]
125: [ 6 24 31 104 108 153 159 178 191 223 231 241 249 ]
126: [ 25 44 71 106 128 201 246 ]
127: [ 4 10 25 27 63 69 78 123 129 134 139 153 184 207 219 226 231 250 ]
128: [ 2 3 15 20 31 35 37 58 67 69 70 121 126 129 134 144 149 153 155 179 201 211 244 ]
129: [ 5 13 15 20 54 74 93 116 127 128 132 147 151 153 186 194 206 221 224 231 ]
130: [ 5 32 34 62 136 173 182 187 201 228 239 241 ]
131: [ 3 15 48 49 55 58 62 67 69 77 81 89 132 144 163 179 188 219 221 225 236 238 ]
132: [ 3 10 114 129 131 150 160 170 ]
133: [ 7 27 28 33 34 54 64 65 70 72 76 88 104 106 140 155 162 167 194 207 239 245 ]
134: [ 11 12 54 61 68 72 79 83 91 127 128 143 144 146 159 165 198 ]
135: [ 44 53 106 113 121 182 202 213 220 226 229 239 241 242 ]
136: [ 3 12 23 28 36 37 53 64 94 95 112 130 137 155 171 172 190 219 234 245 ]
137: [ 5 7 19 33 35 49 54 60 66 80 82 104 110 121 124 136 141 149 172 175 181 200 204 207 219 231 243 ]
138: [ 13 56 63 110 118 163 ]
139: [ 25 31 37 44 66 78 127 174 180 186 225 233 244 246 ]
140: [ 13 15 35 55 60 90 98 109 120 121 133 157 195 202 240 246 249 ]
141: [ 6 35 54 62 121 137 146 180 213 ]
142: [ 37 41 42 50 51 71 79 89 98 113 114 144 150 152 161 180 182 184 185 198 225 234 235 ]
143: [ 16 52 72 95 101 110 113 122 134 151 153 177 184 197 200 ]
144: [ 2 21 30 77 89 112 128 131 134 142 155 174 181 209 214 215 223 234 239 243 244 ]
145: [ 19 24 78 114 155 163 176 178 182 208 214 217 223 230 233 ]
146: [ 11 24 28 47 48 57 87 89 91 102 103 107 112 118 134 141 151 172 184 196 199 ]
147: [ 3 32 40 43 63 70 80 87 93 129 238 ]
148: [ 2 16 34 75 86 88 106 209 217 ]
149: [ 6 41 46 49 53 70 86 95 110 111 120 128 137 159 186 188 203 233 236 238 239 ]
150: [ 10 42 52 59 61 71 99 102 104 132 142 153 155 157 169 210 214 231 ]
151: [ 13 30 35 44 47 64 95 99 101 123 129 143 146 188 199 223 240 250 ]
152: [ 3 5 71 85 96 102 108 109 142 164 171 176 185 187 197 216 233 ]
153: [ 53 82 98 118 125 127 128 129 143 150 239 242 ]
154: [ 32 71 84 86 93 111 160 178 179 210 223 225 ]
155: [ 9 21 38 40 51 79 88 94 128 133 136 144 145 150 189 231 236 240 241 ]
156: [ 14 44 70 98 102 112 121 123 187 230 ]
157: [ 3 12 35 88 95 100 108 113 140 150 188 198 226 229 ]
158: [ 37 57 70 82 84 108 112 159 202 217 220 224 231 ]
159: [ 7 38 52 58 61 70 102 107 125 134 149 158 184 193 224 240 ]
160: [ 3 30 38 56 82 113 122 124 132 154 206 214 216 239 246 ]
161: [ 10 45 62 67 80 83 98 142 174 203 204 214 241 ]
162: [ 20 28 41 59 83 109 120 122 133 163 173 196 218 219 250 ]
163: [ 22 30 83 101 107 112 121 131 138 145 162 167 172 183 201 208 223 226 ]
164: [ 1 14 15 16 110 116 121 152 181 191 198 208 214 217 231 241 244 ]
165: [ 22 48 49 106 134 ]
166: [ 34 47 61 82 84 89 92 98 106 124 167 173 195 203 208 236 247 ]
167: [ 31 35 57 68 74 84 123 133 163 166 198 212 236 ]
168: [ 75 82 114 120 201 206 207 213 214 218 242 ]
169: [ 21 25 35 58 82 113 150 218 225 238 ]
170: [ 19 29 52 63 132 187 210 215 ]
171: [ 13 14 19 22 33 50 55 64 74 76 87 91 123 136 152 217 224 ]
172: [ 27 46 68 93 124 136 137 146 163 177 178 195 203 ]
173: [ 1 6 22 41 42 43 44 70 81 83 92 101 102 118 130 162 166 185 227 247 250 ]
174: [ 4 12 29 34 36 40 42 43 48 102 111 123 124 139 144 161 183 185 217 222 ]
175: [ 46 63 137 186 188 217 221 229 ]
176: [ 16 51 70 86 91 95 98 109 112 123 145 152 191 239 ]
177: [ 20 23 44 51 80 98 114 143 172 193 ]
178: [ 1 28 66 85 92 99 101 112 125 145 154 172 183 193 213 215 221 222 237 239 240 ]
179: [ 2 41 51 81 121 128 131 154 197 232 238 239 240 ]
180: [ 13 16 18 20 30 82 121 139 141 142 181 210 229 231 232 ]
181: [ 14 20 22 50 54 70 75 102 110 122 137 144 164 180 193 201 218 229 240 243 ]
182: [ 10 36 38 48 49 61 63 77 86 110 130 135 142 145 198 206 240 246 ]
183: [ 2 6 9 12 31 37 55 62 87 91 163 174 178 201 239 242 249 ]
184: [ 13 19 26 40 95 98 111 115 127 142 143 146 159 188 210 213 215 231 237 243 ]
185: [ 42 142 152 173 174 213 240 247 ]
186: [ 15 34 35 48 62 66 87 129 139 149 175 213 223 238 ]
187: [ 13 17 20 27 63 77 84 95 96 103 111 130 152 156 170 194 202 215 ]
188: [ 13 29 40 51 52 59 105 131 149 151 157 175 184 194 208 224 227 ]
189: [ 14 27 89 98 155 204 205 232 236 250 ]
190: [ 31 53 56 61 62 81 85 103 117 136 202 237 249 ]
191: [ 6 24 29 48 61 87 124 125 164 176 192 196 201 244 ]
192: [ 5 31 46 123 124 191 221 ]
193: [ 9 23 24 29 41 52 59 159 177 178 181 211 216 241 250 ]
194: [ 8 27 41 53 56 63 80 114 119 129 133 187 188 199 218 222 224 227 235 250 ]
195: [ 10 66 83 122 140 166 172 231 238 ]
196: [ 11 24 56 66 101 146 162 191 ]
197: [ 15 27 31 39 52 67 84 92 97 107 116 118 119 143 152 179 207 223 ]
198: [ 2 47 64 73 85 122 134 142 157 164 167 182 200 203 204 230 232 249 ]
199: [ 23 37 67 68 146 151 194 212 244 250 ]
200: [ 5 9 13 20 23 26 36 44 68 69 82 119 137 143 198 203 212 213 232 ]
201: [ 28 33 36 40 44 55 56 68 85 89 106 110 119 126 128 130 163 168 181 183 191 210 217 239 243 ]
202: [ 1 11 29 58 83 85 96 101 116 119 135 140 158 187 190 244 ]
203: [ 6 12 36 39 43 47 57 63 71 80 81 82 95 97 112 149 161 166 172 198 200 220 238 ]
204: [ 62 73 89 91 93 99 110 121 137 161 189 198 230 241 250 ]
205: [ 83 87 101 107 112 189 221 ]
206: [ 70 72 90 101 129 160 168 182 218 222 229 231 ]
207: [ 2 32 45 57 63 102 115 127 133 137 168 197 217 224 241 ]
208: [ 2 14 16 24 52 68 77 86 89 95 106 116 145 163 164 166 188 224 240 243 ]
209: [ 5 6 20 46 75 144 148 ]
210: [ 3 23 41 42 47 72 77 86 95 98 103 104 150 154 170 180 184 201 221 229 236 240 ]
211: [ 34 48 53 68 86 128 193 221 ]
212: [ 20 21 40 89 107 167 199 200 221 229 ]
213: [ 15 19 20 25 37 71 107 118 135 141 168 178 184 185 186 200 218 243 ]
214: [ 2 27 49 72 81 88 96 112 144 145 150 160 161 164 168 220 232 238 243 ]
215: [ 6 10 48 49 50 53 71 85 88 113 144 170 178 184 187 223 226 244 ]
216: [ 10 24 41 60 67 86 105 106 108 152 160 193 231 238 ]
217: [ 13 15 20 30 49 71 86 95 112 117 145 148 158 164 171 174 175 201 207 225 227 242 243 250 ]
218: [ 13 46 47 48 77 86 103 109 162 168 169 181 194 206 213 ]
219: [ 4 15 27 34 38 49 50 79 97 103 105 127 131 136 137 162 241 ]
220: [ 27 46 61 79 92 135 158 203 214 232 237 238 245 248 ]
221: [ 16 25 48 49 59 62 63 66 87 89 101 104 121 129 131 175 178 192 205 210 211 212 250 ]
222: [ 3 20 42 57 85 174 178 194 206 243 ]
223: [ 31 49 51 81 90 125 144 145 151 154 163 186 197 215 ]
224: [ 21 25 44 49 67 80 109 112 119 129 158 159 171 188 194 207 208 ]
225: [ 8 9 24 28 47 57 86 131 139 142 154 169 217 229 240 242 243 ]
226: [ 22 42 68 73 93 116 124 127 135 157 163 215 231 235 239 240 241 ]
227: [ 33 65 72 80 120 173 188 194 217 231 ]
228: [ 31 32 48 72 102 111 113 130 238 241 244 ]
229: [ 6 8 15 20 28 52 60 76 83 88 91 95 107 112 135 157 175 180 181 206 210 212 225 232 ]
230: [ 7 38 48 82 94 117 145 156 198 204 ]
231: [ 1 2 10 13 32 51 54 77 78 84 85 92 98 122 125 127 129 137 150 155 158 164 180 184 195 206 216 226 227 246 ]
232: [ 20 40 50 70 77 84 116 121 122 179 180 189 198 200 214 220 229 238 ]
233: [ 14 23 82 139 145 149 152 242 ]
234: [ 5 21 53 66 68 103 111 118 136 142 144 236 245 ]
235: [ 16 23 120 142 194 226 ]
236: [ 30 46 131 149 155 166 167 189 210 234 242 ]
237: [ 35 44 51 54 178 184 190 220 ]
238: [ 24 34 86 100 102 131 147 149 169 179 186 195 203 214 216 220 228 232 ]
239: [ 19 30 49 54 58 63 67 77 106 118 130 133 135 144 149 153 160 176 178 179 183 201 226 ]
240: [ 2 3 22 31 35 48 57 65 94 105 110 140 151 155 159 178 179 181 182 185 208 210 225 226 248 ]
241: [ 23 37 42 63 89 90 125 130 135 155 161 164 193 204 207 219 226 228 242 243 245 ]
242: [ 22 24 26 33 63 66 89 90 107 108 114 116 119 135 153 168 183 217 225 233 236 241 245 ]
243: [ 10 34 73 105 114 123 137 144 181 184 201 208 213 214 217 222 225 241 ]
244: [ 47 51 69 108 128 139 144 164 191 199 202 215 228 ]
245: [ 16 60 92 111 133 136 220 234 241 242 247 ]
246: [ 5 24 51 75 77 94 126 139 140 160 182 231 ]
247: [ 54 70 84 87 102 114 119 166 173 185 245 ]
248: [ 37 65 71 74 82 220 240 ]
249: [ 22 32 33 71 110 120 125 140 183 190 198 ]
250: [ 7 52 66 107 123 127 151 162 173 189 193 194 199 204 217 221 ]
