1: [ 12 38 47 56 90 125 129 148 159 179 197 200 205 211 ]
2: [ 7 15 33 44 97 116 152 163 181 192 194 197 227 ]
3: [ 5 11 23 26 72 102 150 154 159 191 223 226 232 244 ]
4: [ 9 17 54 85 87 99 106 124 125 160 182 197 205 208 ]
5: [ 3 6 35 38 47 53 70 82 86 100 105 140 152 156 179 198 204 209 228 240 245 247 ]
6: [ 5 18 26 37 39 55 76 81 87 104 108 110 113 137 145 169 170 192 197 209 229 230 245 250 ]
7: [ 2 8 26 49 50 70 80 94 95 139 140 147 169 176 182 194 202 209 217 238 ]
8: [ 7 56 61 94 115 116 144 178 188 221 224 ]
9: [ 4 25 36 43 59 62 105 108 119 136 172 185 192 200 205 206 229 239 243 ]
10: [ 12 15 30 50 102 141 151 178 187 198 210 219 230 236 ]
11: [ 3 12 18 35 50 56 81 110 126 141 148 190 196 205 216 224 226 ]
12: [ 1 10 11 21 24 44 55 70 72 104 118 134 136 163 175 191 197 216 221 229 231 241 246 ]
13: [ 31 36 60 88 89 90 99 115 187 203 208 224 231 ]
14: [ 55 56 82 92 93 100 102 118 132 181 198 199 202 205 214 226 227 229 232 234 ]
15: [ 2 10 19 28 47 48 57 58 82 96 104 133 141 148 158 185 199 208 213 225 233 244 249 ]
16: [ 34 37 55 90 119 168 193 218 222 243 ]
17: [ 4 30 60 67 74 110 133 139 164 168 208 233 239 240 242 ]
18: [ 6 11 19 29 30 44 62 71 106 120 123 153 161 179 198 204 207 209 213 220 225 ]
19: [ 15 18 38 40 53 75 85 89 93 98 102 118 142 146 152 156 168 186 202 210 236 241 249 ]
20: [ 32 36 37 61 70 142 181 182 189 234 236 250 ]
21: [ 12 27 38 133 162 171 172 239 ]
22: [ 52 73 82 127 136 139 142 143 210 231 ]
23: [ 3 139 140 145 150 162 164 167 ]
24: [ 12 44 49 60 118 126 141 193 197 213 228 236 247 ]
25: [ 9 27 55 58 65 68 88 95 96 111 125 148 151 167 168 177 180 185 187 207 218 228 ]
26: [ 3 6 7 27 28 50 80 91 95 110 125 133 136 146 184 196 204 243 ]
27: [ 21 25 26 52 84 115 117 145 146 170 175 205 237 245 ]
28: [ 15 26 40 49 55 61 67 80 85 100 102 108 113 158 178 187 200 226 ]
29: [ 18 34 36 68 69 71 104 112 131 142 149 154 156 179 196 198 211 219 229 233 238 241 245 ]
30: [ 10 17 18 47 50 56 60 63 69 92 96 115 117 152 160 197 206 226 228 229 ]
31: [ 13 50 78 89 96 100 125 127 144 147 168 189 190 197 206 218 235 ]
32: [ 20 39 45 48 51 58 71 81 131 147 167 168 176 202 207 214 229 231 245 ]
33: [ 2 40 41 64 66 67 81 105 132 157 171 191 193 197 200 220 239 240 245 ]
34: [ 16 29 97 120 121 122 133 142 149 155 166 171 178 199 202 209 228 243 ]
35: [ 5 11 70 131 133 141 142 152 153 156 184 192 197 217 221 225 233 241 242 250 ]
36: [ 9 13 20 29 58 73 80 86 108 125 129 130 131 150 158 169 171 195 225 243 ]
37: [ 6 16 20 54 65 68 83 102 124 150 183 223 237 245 ]
38: [ 1 5 19 21 42 55 60 63 95 106 126 135 148 149 191 199 213 224 ]
39: [ 6 32 62 75 99 105 118 135 141 168 201 205 210 ]
40: [ 19 28 33 44 104 136 139 164 184 216 226 ]
41: [ 33 93 162 181 ]
42: [ 38 57 82 123 124 193 216 219 220 230 239 ]
43: [ 9 55 126 137 144 154 155 202 ]
44: [ 2 12 18 24 40 47 55 69 97 109 133 156 193 206 229 246 250 ]
45: [ 32 132 148 156 158 170 205 218 235 240 ]
46: [ 53 57 70 75 86 91 92 128 144 149 167 174 179 182 185 200 217 249 ]
47: [ 1 5 15 30 44 48 54 72 96 97 108 141 204 230 247 ]
48: [ 15 32 47 59 80 119 123 143 150 167 202 213 216 231 247 ]
49: [ 7 24 28 60 69 78 81 128 172 203 209 ]
50: [ 7 10 11 26 30 31 65 68 75 76 124 125 127 162 172 181 190 200 220 222 224 ]
51: [ 32 80 100 113 119 125 172 215 236 237 250 ]
52: [ 22 27 120 124 197 229 237 ]
53: [ 5 19 46 67 93 114 160 175 185 187 188 200 203 234 250 ]
54: [ 4 37 47 71 77 81 87 89 98 129 131 139 145 173 174 177 179 180 206 208 209 216 ]
55: [ 6 12 14 16 25 28 38 43 44 56 64 87 90 123 138 140 166 188 202 ]
56: [ 1 8 11 14 30 55 67 74 124 132 137 139 150 154 185 206 213 235 240 242 ]
57: [ 15 42 46 82 124 149 172 177 207 212 218 228 229 240 242 ]
58: [ 15 25 32 36 73 92 106 113 118 145 146 172 206 208 224 ]
59: [ 9 48 62 66 72 80 95 110 122 132 143 146 194 196 237 243 ]
60: [ 13 17 24 30 38 49 72 76 78 85 89 106 134 152 156 161 166 173 205 210 212 222 228 243 ]
61: [ 8 20 28 85 102 108 145 183 194 214 234 243 245 ]
62: [ 9 18 39 59 115 119 144 179 191 208 248 ]
63: [ 30 38 72 81 89 114 127 129 142 156 182 196 197 204 224 230 237 238 240 ]
64: [ 33 55 68 107 117 130 143 148 150 152 178 183 197 228 ]
65: [ 25 37 50 81 89 95 139 146 214 221 227 240 249 ]
66: [ 33 59 70 83 99 108 152 168 195 218 239 243 ]
67: [ 17 28 33 53 56 81 146 158 172 188 200 212 215 218 222 243 247 ]
68: [ 25 29 37 50 64 117 118 160 166 183 184 197 205 209 ]
69: [ 29 30 44 49 71 86 103 119 120 125 151 160 167 198 209 218 237 247 ]
70: [ 5 7 12 20 35 46 66 71 74 101 113 143 187 229 ]
71: [ 18 29 32 54 69 70 80 81 89 92 104 110 134 137 162 171 179 201 208 218 240 242 243 ]
72: [ 3 12 47 59 60 63 116 130 132 136 160 179 198 200 205 223 237 242 248 ]
73: [ 22 36 58 93 104 105 110 120 142 144 166 175 184 196 225 242 244 ]
74: [ 17 56 70 78 88 89 91 105 106 108 114 208 216 236 244 249 ]
75: [ 19 39 46 50 81 95 99 107 111 126 157 160 198 200 213 221 237 244 248 249 ]
76: [ 6 50 60 93 116 137 169 183 212 213 249 ]
77: [ 54 95 115 123 140 143 145 151 162 167 183 209 213 ]
78: [ 31 49 60 74 87 108 111 123 187 219 245 ]
79: [ 87 107 140 148 195 208 235 245 ]
80: [ 7 26 28 36 48 51 59 71 81 148 151 162 175 243 ]
81: [ 6 11 32 33 49 54 63 65 67 71 75 80 95 120 121 145 178 240 ]
82: [ 5 14 15 22 42 57 116 122 164 189 ]
83: [ 37 66 85 136 180 197 199 204 215 231 ]
84: [ 27 151 182 213 214 ]
85: [ 4 19 28 60 61 83 86 93 110 116 123 127 133 154 178 186 194 245 ]
86: [ 5 36 46 69 85 114 121 148 151 191 219 231 243 244 ]
87: [ 4 6 54 55 78 79 99 113 118 154 156 159 171 173 182 202 214 227 236 244 ]
88: [ 13 25 74 89 120 139 185 ]
89: [ 13 19 31 54 60 63 65 71 74 88 120 142 187 195 221 229 230 232 ]
90: [ 1 13 16 55 109 118 125 155 162 229 233 235 ]
91: [ 26 46 74 98 117 137 139 143 158 166 202 236 ]
92: [ 14 30 46 58 71 127 157 169 170 181 196 215 250 ]
93: [ 14 19 41 53 73 76 85 118 119 124 144 172 183 194 196 197 234 246 ]
94: [ 7 8 154 174 202 239 240 ]
95: [ 7 25 26 38 59 65 75 77 81 100 164 165 171 178 193 195 ]
96: [ 15 25 30 31 47 104 138 143 149 162 168 191 233 246 ]
97: [ 2 34 44 47 133 162 172 198 199 204 208 209 227 240 249 ]
98: [ 19 54 91 117 167 240 ]
99: [ 4 13 39 66 75 87 120 138 155 160 178 181 245 247 249 ]
100: [ 5 14 28 31 51 95 126 140 145 221 250 ]
101: [ 70 112 140 162 171 177 213 242 ]
102: [ 3 10 14 19 28 37 61 132 163 181 185 202 216 247 250 ]
103: [ 69 155 225 ]
104: [ 6 12 15 29 40 71 73 96 118 184 209 214 217 231 ]
105: [ 5 9 33 39 73 74 134 157 167 177 214 221 ]
106: [ 4 18 38 58 60 74 108 124 182 200 216 ]
107: [ 64 75 79 127 136 181 185 209 215 224 227 250 ]
108: [ 6 9 28 36 47 61 66 74 78 106 109 118 134 165 192 196 216 227 231 239 249 ]
109: [ 44 90 108 113 128 140 150 193 228 231 250 ]
110: [ 6 11 17 26 59 71 73 85 121 123 158 161 168 172 202 210 242 ]
111: [ 25 75 78 124 127 152 171 186 203 205 219 228 ]
112: [ 29 101 123 130 139 175 181 187 191 202 206 216 ]
113: [ 6 28 51 58 70 87 109 118 149 201 236 ]
114: [ 53 63 74 86 145 148 188 202 213 236 ]
115: [ 8 13 27 30 62 77 137 138 142 205 214 228 ]
116: [ 2 8 72 76 82 85 121 152 168 175 176 185 189 206 249 ]
117: [ 27 30 64 68 91 98 132 141 142 172 179 193 207 242 243 ]
118: [ 12 14 19 24 39 58 68 87 90 93 104 108 113 137 148 155 163 192 203 210 236 240 ]
119: [ 9 16 48 51 62 69 93 141 154 208 213 218 222 230 237 ]
120: [ 18 34 52 69 73 81 88 89 99 145 158 178 183 185 218 ]
121: [ 34 81 86 110 116 132 145 177 178 182 196 199 215 ]
122: [ 34 59 82 177 179 215 234 236 242 ]
123: [ 18 42 48 55 77 78 85 110 112 136 142 143 157 172 209 ]
124: [ 4 37 42 50 52 56 57 93 106 111 131 149 153 155 168 193 208 232 ]
125: [ 1 4 25 26 31 36 50 51 69 90 146 148 166 168 171 181 183 196 201 203 204 210 212 226 245 ]
126: [ 11 24 38 43 75 100 130 145 175 191 216 227 235 239 246 250 ]
127: [ 22 31 50 63 85 92 107 111 130 149 175 183 194 199 220 239 247 248 ]
128: [ 46 49 109 129 145 165 175 182 208 215 227 230 ]
129: [ 1 36 54 63 128 192 205 216 219 235 ]
130: [ 36 64 72 112 126 127 136 140 161 173 181 193 196 199 ]
131: [ 29 32 35 36 54 124 148 197 216 219 220 221 231 ]
132: [ 14 33 45 56 59 72 102 117 121 143 146 148 ]
133: [ 15 17 21 26 34 35 44 85 97 139 144 164 188 198 216 219 221 227 231 236 ]
134: [ 12 60 71 105 108 ]
135: [ 38 39 141 204 220 ]
136: [ 9 12 22 26 40 72 83 107 123 130 160 168 184 193 210 214 241 ]
137: [ 6 43 56 71 76 91 115 118 158 183 209 240 ]
138: [ 55 96 99 115 149 158 202 225 ]
139: [ 7 17 22 23 40 54 56 65 88 91 112 133 150 151 156 165 172 181 213 216 241 243 ]
140: [ 5 7 23 55 77 79 100 101 109 130 205 214 221 228 229 233 235 ]
141: [ 10 11 15 24 35 39 47 117 119 135 150 162 165 167 169 172 174 176 189 196 198 222 240 243 ]
142: [ 19 20 22 29 34 35 63 73 89 115 117 123 159 172 188 190 191 210 222 231 234 ]
143: [ 22 48 59 64 70 77 91 96 123 132 146 181 192 198 207 227 229 234 247 ]
144: [ 8 31 43 46 62 73 93 133 156 164 171 178 213 221 239 243 247 ]
145: [ 6 23 27 54 58 61 77 81 100 114 120 121 126 128 184 188 198 222 226 ]
146: [ 19 26 27 58 59 65 67 125 132 143 147 167 185 187 194 210 222 230 233 243 ]
147: [ 7 31 32 146 156 179 185 188 213 ]
148: [ 1 11 15 25 38 45 64 79 80 86 114 118 125 131 132 155 158 161 184 187 199 201 216 222 242 ]
149: [ 29 34 38 46 57 96 113 124 127 138 153 166 168 175 177 179 195 232 248 ]
150: [ 3 23 36 37 48 56 64 109 139 141 164 226 232 233 236 246 ]
151: [ 10 25 69 77 80 84 86 139 163 174 187 194 206 214 215 221 ]
152: [ 2 5 19 30 35 60 64 66 111 116 161 171 181 189 211 214 215 240 247 ]
153: [ 18 35 124 149 155 171 173 178 183 243 ]
154: [ 3 29 43 56 85 87 94 119 170 173 175 181 193 200 202 209 225 244 ]
155: [ 34 43 90 99 103 118 124 148 153 165 181 184 186 219 235 ]
156: [ 5 19 29 35 44 45 60 63 87 139 144 147 163 165 182 196 215 227 231 246 250 ]
157: [ 33 75 92 105 123 162 167 171 178 181 219 222 232 ]
158: [ 15 28 36 45 67 91 110 120 137 138 148 168 176 179 181 197 216 219 220 225 237 242 244 245 ]
159: [ 1 3 87 142 232 ]
160: [ 4 30 53 68 69 72 75 99 136 229 238 242 250 ]
161: [ 18 60 110 130 148 152 163 177 198 204 239 ]
162: [ 21 23 41 50 71 77 80 90 96 97 101 141 157 166 186 208 213 231 239 246 ]
163: [ 2 12 102 118 151 156 161 167 169 188 189 203 209 250 ]
164: [ 17 23 40 82 95 133 144 150 166 170 171 213 225 234 ]
165: [ 95 108 128 139 141 155 156 170 177 199 205 245 ]
166: [ 34 55 60 68 73 91 125 149 162 164 214 231 245 ]
167: [ 23 25 32 46 48 69 77 98 105 141 146 157 163 174 193 204 243 ]
168: [ 16 17 19 25 31 32 39 66 96 110 116 124 125 136 149 158 182 189 194 215 223 239 247 ]
169: [ 6 7 36 76 92 141 163 172 198 201 205 219 229 242 ]
170: [ 6 27 45 92 154 164 165 179 182 224 ]
171: [ 21 33 34 36 71 87 95 101 111 125 144 152 153 157 164 196 207 244 ]
172: [ 9 21 49 50 51 57 58 67 93 97 110 117 123 139 141 142 169 194 213 230 ]
173: [ 54 60 87 130 153 154 176 178 230 240 242 249 ]
174: [ 46 54 94 141 151 167 183 194 216 ]
175: [ 12 27 53 73 80 112 116 126 127 128 149 154 176 195 246 ]
176: [ 7 32 116 141 158 173 175 184 189 205 244 247 ]
177: [ 25 54 57 101 105 121 122 149 161 165 184 193 221 222 233 ]
178: [ 8 10 28 34 64 81 85 95 99 120 121 144 153 157 173 195 223 235 236 241 ]
179: [ 1 5 18 29 46 54 62 71 72 117 122 147 149 158 170 193 208 217 ]
180: [ 25 54 83 191 193 194 ]
181: [ 2 14 20 41 50 92 99 102 107 112 125 130 139 143 152 154 155 157 158 221 236 237 ]
182: [ 4 7 20 46 63 84 87 106 121 128 156 168 170 ]
183: [ 37 61 64 68 76 77 93 120 125 127 137 153 174 196 205 218 244 ]
184: [ 26 35 40 68 73 104 136 145 148 155 176 177 194 208 213 216 225 230 241 246 247 249 ]
185: [ 9 15 25 46 53 56 88 102 107 116 120 146 147 191 198 239 247 ]
186: [ 19 85 111 155 162 187 213 247 ]
187: [ 10 13 25 28 53 70 78 89 112 146 148 151 186 201 209 ]
188: [ 8 53 55 67 114 133 142 145 147 163 206 214 219 222 228 247 ]
189: [ 20 31 82 116 141 152 163 168 176 192 200 204 242 ]
190: [ 11 31 50 142 197 213 237 ]
191: [ 3 12 33 38 62 86 96 112 126 142 180 185 192 200 228 230 236 ]
192: [ 2 6 9 35 108 118 129 143 189 191 207 218 229 ]
193: [ 16 24 33 42 44 95 109 117 124 130 136 154 167 177 179 180 196 199 202 206 207 209 214 232 237 239 240 244 ]
194: [ 2 7 59 61 85 93 127 146 151 168 172 174 180 184 195 202 204 229 234 ]
195: [ 36 66 79 89 95 149 175 178 194 200 202 234 247 ]
196: [ 11 26 29 59 63 73 92 93 108 121 125 130 141 156 171 183 193 222 238 246 ]
197: [ 1 2 4 6 12 24 30 31 33 35 52 63 64 68 83 93 131 158 190 206 247 ]
198: [ 5 10 14 18 29 69 72 75 97 133 141 143 145 161 169 185 199 200 221 228 237 ]
199: [ 14 15 34 38 83 97 121 127 130 148 165 193 198 203 233 236 244 246 249 ]
200: [ 1 9 28 33 46 50 53 67 72 75 106 154 189 191 195 198 215 221 230 241 243 244 ]
201: [ 39 71 113 125 148 169 187 206 216 221 231 ]
202: [ 7 14 19 32 34 43 48 55 87 91 94 102 110 112 114 138 154 193 194 195 210 214 223 235 ]
203: [ 13 49 53 111 118 125 163 199 229 234 ]
204: [ 5 18 26 47 63 83 97 125 135 161 167 189 194 224 233 239 246 ]
205: [ 1 4 9 11 14 27 39 45 60 68 72 111 115 129 140 165 169 176 183 225 227 240 ]
206: [ 9 30 31 44 54 56 58 112 116 151 188 193 197 201 212 219 ]
207: [ 18 25 32 57 117 143 171 192 193 212 220 247 ]
208: [ 4 13 15 17 54 58 62 71 74 79 97 119 124 128 162 179 184 225 227 ]
209: [ 5 6 7 18 34 49 54 68 69 77 97 104 107 123 137 154 163 187 193 213 245 247 ]
210: [ 10 19 22 39 60 110 118 125 136 142 146 202 230 ]
211: [ 1 29 152 229 230 240 243 249 ]
212: [ 57 60 67 76 125 206 207 222 231 233 245 ]
213: [ 15 18 24 38 48 56 75 76 77 84 101 114 119 139 144 147 162 164 172 184 186 190 209 224 236 239 ]
214: [ 14 32 61 65 84 87 104 105 115 136 140 151 152 166 188 193 202 219 233 237 245 ]
215: [ 51 67 83 92 107 121 122 128 151 152 156 168 200 ]
216: [ 11 12 40 42 48 54 74 102 106 108 112 126 129 131 133 139 148 158 174 184 201 231 ]
217: [ 7 35 46 104 179 231 243 ]
218: [ 16 25 31 45 57 66 67 69 71 119 120 183 192 222 224 234 ]
219: [ 10 29 42 78 86 111 129 131 133 155 157 158 169 188 206 214 234 247 ]
220: [ 18 33 42 50 127 131 135 158 207 ]
221: [ 8 12 35 65 75 89 100 105 131 133 140 144 151 177 181 198 200 201 230 247 ]
222: [ 16 50 60 67 119 141 142 145 146 148 157 177 188 196 212 218 231 ]
223: [ 3 37 72 168 178 202 233 ]
224: [ 8 11 13 38 50 58 63 107 170 204 213 218 ]
225: [ 15 18 35 36 73 103 138 154 158 164 184 205 208 ]
226: [ 3 11 14 28 30 40 125 145 150 ]
227: [ 2 14 65 87 97 107 108 126 128 133 143 156 205 208 ]
228: [ 5 24 25 30 34 57 60 64 109 111 115 140 188 191 198 239 240 ]
229: [ 6 9 12 14 29 30 32 44 52 57 70 89 90 140 143 160 169 192 194 203 211 233 241 250 ]
230: [ 6 10 42 47 63 89 119 128 146 172 173 184 191 200 210 211 221 235 ]
231: [ 12 13 22 32 48 83 86 104 108 109 131 133 142 156 162 166 201 212 216 217 222 237 ]
232: [ 3 14 89 124 149 150 157 159 193 ]
233: [ 15 17 29 35 90 96 140 146 150 177 199 204 212 214 223 229 239 ]
234: [ 14 20 53 61 93 122 142 143 164 194 195 203 218 219 ]
235: [ 31 45 56 79 90 126 129 140 155 178 202 230 237 243 245 ]
236: [ 10 19 20 24 51 74 87 91 113 114 118 122 133 150 178 181 191 199 213 248 ]
237: [ 27 37 51 52 59 63 69 72 75 119 158 181 190 193 198 214 231 235 242 ]
238: [ 7 29 63 160 196 ]
239: [ 9 17 21 33 42 66 94 108 126 127 144 161 162 168 185 193 204 213 228 233 ]
240: [ 5 17 33 45 56 57 63 65 71 81 94 97 98 118 137 141 152 173 193 205 211 228 246 ]
241: [ 12 19 29 35 136 139 178 184 200 229 245 ]
242: [ 17 35 56 57 71 72 73 101 110 117 122 148 158 160 169 173 189 237 245 246 ]
243: [ 9 16 26 34 36 59 60 61 66 67 71 80 86 117 139 141 144 146 153 167 200 211 217 235 ]
244: [ 3 15 73 74 75 86 87 154 158 171 176 183 193 199 200 249 ]
245: [ 5 6 27 29 32 33 37 61 78 79 85 99 125 158 165 166 209 212 214 235 241 242 ]
246: [ 12 44 93 96 126 150 156 162 175 184 196 199 204 240 242 247 ]
247: [ 5 24 47 48 67 69 99 102 127 143 144 152 168 176 184 185 186 188 195 197 207 209 219 221 246 ]
248: [ 62 72 75 127 149 236 249 ]
249: [ 15 19 46 65 74 75 76 97 99 108 116 173 184 199 211 244 248 ]
250: [ 6 20 35 44 51 53 92 100 102 107 109 126 156 160 163 229 ]
