1: [ 49 51 59 66 77 85 87 98 106 139 153 180 192 204 222 224 ]
2: [ 37 72 79 100 112 152 162 163 171 198 206 210 ]
3: [ 19 37 48 61 120 123 125 145 149 152 ]
4: [ 42 59 63 80 110 116 147 148 153 160 168 182 218 224 245 250 ]
5: [ 6 18 21 35 36 38 52 61 62 126 149 150 154 157 158 197 202 249 ]
6: [ 5 13 20 21 49 67 92 97 105 129 135 213 220 242 ]
7: [ 9 12 31 55 67 83 94 98 134 139 234 249 ]
8: [ 30 37 48 69 70 79 83 84 86 89 105 114 128 145 154 190 197 216 226 230 235 237 250 ]
9: [ 7 28 34 55 68 96 99 110 112 136 139 152 161 167 184 203 208 223 226 240 243 ]
10: [ 16 32 50 56 57 67 77 86 93 118 124 127 143 147 168 169 199 203 208 216 221 233 ]
11: [ 40 110 218 228 244 ]
12: [ 7 25 29 39 41 68 81 82 87 105 106 131 164 165 181 195 218 228 245 247 ]
13: [ 6 38 47 55 56 69 97 121 132 140 153 217 228 ]
14: [ 21 44 54 56 62 76 116 127 169 191 198 249 250 ]
15: [ 29 47 48 61 97 98 152 161 225 236 ]
16: [ 10 60 129 138 157 ]
17: [ 23 36 41 56 61 66 105 133 153 164 179 186 188 200 ]
18: [ 5 19 30 50 67 71 79 82 101 110 113 123 127 134 161 163 174 198 201 208 213 223 ]
19: [ 3 18 47 64 93 106 118 121 126 152 153 178 181 190 204 233 235 248 250 ]
20: [ 6 32 47 68 69 105 136 146 157 192 211 214 243 250 ]
21: [ 5 6 14 27 38 64 83 121 126 150 152 162 181 182 238 243 244 ]
22: [ 37 99 153 154 218 233 238 244 ]
23: [ 17 49 77 128 136 169 175 197 215 244 250 ]
24: [ 88 106 116 142 161 196 198 245 ]
25: [ 12 36 38 54 68 85 100 102 103 115 140 145 171 180 210 224 235 ]
26: [ 45 53 60 61 67 77 110 111 114 118 129 136 148 149 154 165 179 205 228 230 238 ]
27: [ 21 33 36 49 89 105 117 123 143 161 173 177 178 203 207 220 ]
28: [ 9 35 53 67 77 90 112 128 171 181 194 218 ]
29: [ 12 15 82 83 164 188 204 222 230 243 249 ]
30: [ 8 18 34 63 93 106 113 117 123 128 163 169 209 225 238 239 243 ]
31: [ 7 35 43 51 61 68 76 83 90 94 111 122 123 142 155 242 ]
32: [ 10 20 35 38 48 56 61 65 78 123 126 128 135 140 167 211 ]
33: [ 27 73 91 98 105 106 122 149 173 206 216 241 ]
34: [ 9 30 55 62 66 83 135 143 147 179 226 232 ]
35: [ 5 28 31 32 37 49 68 76 78 113 122 137 138 143 148 171 176 185 194 199 214 230 237 ]
36: [ 5 17 25 27 41 50 56 59 88 103 114 116 121 126 146 159 163 172 177 184 192 230 234 236 ]
37: [ 2 3 8 22 35 105 196 231 245 ]
38: [ 5 13 21 25 32 41 76 100 101 102 106 151 155 167 169 189 202 206 207 223 ]
39: [ 12 48 79 88 104 110 154 156 207 239 ]
40: [ 11 47 48 67 77 99 149 182 188 208 210 213 ]
41: [ 12 17 36 38 52 58 59 67 82 103 106 111 142 153 168 171 178 216 223 248 ]
42: [ 4 55 68 98 149 159 167 172 208 220 233 ]
43: [ 31 54 63 101 119 132 173 181 191 209 216 245 249 ]
44: [ 14 151 178 181 209 236 ]
45: [ 26 47 66 84 104 106 172 186 216 244 245 ]
46: [ 49 72 101 104 110 116 123 146 198 214 215 240 ]
47: [ 13 15 19 20 40 45 50 66 71 73 86 87 88 100 104 142 153 162 195 218 230 240 241 242 248 ]
48: [ 3 8 15 32 39 40 54 82 94 96 105 122 127 138 166 192 197 214 227 ]
49: [ 1 6 23 27 35 46 56 64 69 81 112 132 165 188 192 200 211 215 218 242 243 ]
50: [ 10 18 36 47 75 77 101 106 117 129 130 158 210 224 233 ]
51: [ 1 31 57 87 106 126 137 147 148 151 186 218 222 239 ]
52: [ 5 41 77 85 97 102 112 151 168 212 224 ]
53: [ 26 28 57 59 70 113 197 214 224 250 ]
54: [ 14 25 43 48 59 115 212 217 228 230 238 ]
55: [ 7 9 13 34 42 56 82 93 106 123 130 148 158 206 208 220 221 235 ]
56: [ 10 13 14 17 32 36 49 55 65 67 85 107 109 118 132 157 158 179 194 196 199 221 241 ]
57: [ 10 51 53 89 140 158 167 177 198 208 216 ]
58: [ 41 102 112 137 138 196 197 236 239 ]
59: [ 1 4 36 41 53 54 74 96 100 110 115 162 193 204 206 241 ]
60: [ 16 26 67 87 129 151 160 175 188 210 231 ]
61: [ 3 5 15 17 26 31 32 84 89 92 123 129 156 159 187 190 203 238 240 243 249 ]
62: [ 5 14 34 75 88 102 126 141 146 166 182 186 191 201 211 238 247 250 ]
63: [ 4 30 43 83 94 101 119 137 139 154 161 235 ]
64: [ 19 21 49 115 151 153 160 163 166 197 199 216 ]
65: [ 32 56 88 102 108 140 166 206 214 225 ]
66: [ 1 17 34 45 47 72 80 83 98 102 161 162 171 191 228 231 241 ]
67: [ 6 7 10 18 26 28 40 41 56 60 72 87 108 122 137 139 180 221 230 232 ]
68: [ 9 12 20 25 31 35 42 79 88 101 103 108 110 118 131 163 165 208 218 219 235 240 ]
69: [ 8 13 20 49 72 103 105 134 144 175 195 248 ]
70: [ 8 53 73 112 123 207 224 245 ]
71: [ 18 47 82 99 147 148 159 175 180 210 227 ]
72: [ 2 46 66 67 69 77 91 105 110 142 171 199 224 228 236 245 ]
73: [ 33 47 70 78 89 91 97 99 115 151 161 170 180 190 225 241 242 245 ]
74: [ 59 78 118 146 156 166 169 175 178 183 188 213 228 250 ]
75: [ 50 62 148 159 161 183 212 230 ]
76: [ 14 31 35 38 90 99 106 169 184 187 207 211 243 ]
77: [ 1 10 23 26 28 40 50 52 72 129 148 151 167 248 ]
78: [ 32 35 73 74 105 120 129 132 157 163 169 176 179 197 218 236 ]
79: [ 2 8 18 39 68 97 113 114 133 140 155 208 214 217 219 235 240 ]
80: [ 4 66 84 98 132 138 183 210 ]
81: [ 12 49 139 142 223 224 ]
82: [ 12 18 29 41 48 55 71 89 127 139 157 244 250 ]
83: [ 7 8 21 29 31 34 63 66 91 100 118 132 153 155 161 165 183 186 195 214 215 221 240 ]
84: [ 8 45 61 80 150 180 212 218 237 ]
85: [ 1 25 52 56 102 129 149 162 222 ]
86: [ 8 10 47 94 98 103 104 105 106 127 130 136 166 183 208 216 232 240 ]
87: [ 1 12 47 51 60 67 109 116 126 129 134 140 158 162 185 210 221 249 ]
88: [ 24 36 39 47 62 65 68 90 95 98 107 117 135 140 147 189 213 218 234 241 248 ]
89: [ 8 27 57 61 73 82 97 121 123 140 152 195 206 218 220 234 ]
90: [ 28 31 76 88 131 172 176 185 193 198 219 235 243 250 ]
91: [ 33 72 73 83 126 138 139 145 152 154 233 240 243 ]
92: [ 6 61 93 120 155 188 214 248 ]
93: [ 10 19 30 55 92 119 126 131 194 237 ]
94: [ 7 31 48 63 86 110 117 133 166 192 196 218 232 245 ]
95: [ 88 103 116 128 154 207 ]
96: [ 9 48 59 97 135 155 162 180 213 214 ]
97: [ 6 13 15 52 73 79 89 96 113 114 129 137 140 142 143 178 181 202 ]
98: [ 1 7 15 33 42 66 80 86 88 110 129 130 143 151 153 163 196 197 226 239 ]
99: [ 9 22 40 71 73 76 230 234 ]
100: [ 2 25 38 47 59 83 105 133 134 167 243 ]
101: [ 18 38 43 46 50 63 68 116 138 143 189 214 ]
102: [ 25 38 52 58 62 65 66 85 103 128 135 142 162 165 166 173 179 196 210 214 245 ]
103: [ 25 36 41 68 69 86 95 102 110 113 138 146 222 236 ]
104: [ 39 45 46 47 86 105 121 126 142 161 196 207 208 ]
105: [ 6 8 12 17 20 27 33 37 48 69 72 78 86 100 104 138 142 147 158 170 176 178 180 197 221 231 237 239 ]
106: [ 1 12 19 24 30 33 38 41 45 50 51 55 76 86 110 149 150 163 170 216 226 248 ]
107: [ 56 88 113 136 152 207 232 ]
108: [ 65 67 68 112 158 162 186 226 228 ]
109: [ 56 87 114 125 210 ]
110: [ 4 9 11 18 26 39 46 59 68 72 94 98 103 106 118 120 138 150 153 170 184 215 230 234 237 ]
111: [ 26 31 41 113 119 133 134 218 226 228 238 ]
112: [ 2 9 28 49 52 58 70 108 117 143 144 186 189 196 214 236 ]
113: [ 18 30 35 53 79 97 103 107 111 122 134 140 157 177 193 209 226 238 240 ]
114: [ 8 26 36 79 97 109 142 146 157 220 234 245 ]
115: [ 25 54 59 64 73 119 144 169 170 245 ]
116: [ 4 14 24 36 46 87 95 101 138 142 147 161 169 194 195 201 202 208 213 223 ]
117: [ 27 30 50 88 94 112 210 215 227 ]
118: [ 10 19 26 56 68 74 83 110 140 180 198 210 230 234 237 240 ]
119: [ 43 63 93 111 115 142 143 188 235 249 ]
120: [ 3 78 92 110 146 150 151 179 182 187 194 196 199 218 223 242 ]
121: [ 13 19 21 36 89 104 147 186 207 209 214 233 ]
122: [ 31 33 35 48 67 113 160 192 204 208 215 222 ]
123: [ 3 18 27 30 31 32 46 55 61 70 89 143 145 157 158 165 177 181 187 217 229 245 250 ]
124: [ 10 162 180 182 197 210 211 230 238 241 245 ]
125: [ 3 109 156 185 189 198 237 238 ]
126: [ 5 19 21 32 36 51 62 87 91 93 104 129 135 157 165 167 170 195 206 213 232 235 ]
127: [ 10 14 18 48 82 86 143 145 147 152 153 156 160 194 198 211 243 ]
128: [ 8 23 28 30 32 95 102 133 139 151 156 197 213 ]
129: [ 6 16 26 50 60 61 77 78 85 87 97 98 126 146 179 207 221 231 ]
130: [ 50 55 86 98 132 135 141 142 144 147 160 165 171 174 186 229 233 235 241 ]
131: [ 12 68 90 93 136 139 166 172 173 178 181 190 192 195 209 216 227 239 246 ]
132: [ 13 43 49 56 78 80 83 130 152 169 186 194 204 213 215 229 232 242 244 249 ]
133: [ 17 79 94 100 111 128 136 153 156 163 166 181 209 227 245 247 ]
134: [ 7 18 69 87 100 111 113 135 140 157 160 162 164 174 184 203 213 216 250 ]
135: [ 6 32 34 88 96 102 126 130 134 153 161 170 178 185 191 202 208 ]
136: [ 9 20 23 26 86 107 131 133 142 208 228 232 ]
137: [ 35 51 58 63 67 97 140 190 192 193 219 227 230 231 240 242 ]
138: [ 16 35 48 58 80 91 101 103 105 110 116 153 161 181 191 208 223 236 238 ]
139: [ 1 7 9 63 67 81 82 91 128 131 147 161 180 191 195 208 212 233 ]
140: [ 13 25 32 57 65 79 87 88 89 97 113 118 134 137 144 147 169 171 207 209 214 ]
141: [ 62 130 171 200 239 ]
142: [ 24 31 41 47 72 81 97 102 104 105 114 116 119 130 136 174 187 232 242 245 ]
143: [ 10 27 34 35 97 98 101 112 119 123 127 157 181 221 ]
144: [ 69 112 115 130 140 176 229 ]
145: [ 3 8 25 91 123 127 ]
146: [ 20 36 46 62 74 103 114 120 129 147 167 187 197 212 223 225 228 232 240 244 ]
147: [ 4 10 34 51 71 88 105 116 121 127 130 139 140 146 158 167 186 189 200 221 224 241 244 246 247 ]
148: [ 4 26 35 51 55 71 75 77 169 250 ]
149: [ 3 5 26 33 40 42 85 106 156 170 197 214 239 ]
150: [ 5 21 84 106 110 120 186 223 ]
151: [ 38 44 51 52 60 64 73 77 98 120 128 172 181 231 240 246 249 ]
152: [ 2 3 9 15 19 21 89 91 107 127 132 154 192 202 203 223 240 ]
153: [ 1 4 13 17 19 22 41 47 64 83 98 110 127 133 135 138 164 176 182 195 223 237 246 ]
154: [ 5 8 22 26 39 63 91 95 152 156 166 195 235 ]
155: [ 31 38 79 83 92 96 ]
156: [ 39 61 74 125 127 128 133 149 154 198 207 208 221 ]
157: [ 5 16 20 56 78 82 113 114 123 126 134 143 160 164 165 199 200 212 222 224 236 ]
158: [ 5 50 55 56 57 87 105 108 123 147 181 207 221 242 ]
159: [ 36 42 61 71 75 166 191 205 227 238 245 ]
160: [ 4 60 64 122 127 130 134 157 187 198 236 237 ]
161: [ 9 15 18 24 27 63 66 73 75 83 104 116 135 138 139 172 205 217 244 ]
162: [ 2 21 47 59 66 85 87 96 102 108 124 134 213 248 249 ]
163: [ 2 18 30 36 64 68 78 98 106 133 181 192 193 200 206 209 213 223 233 236 240 ]
164: [ 12 17 29 134 153 157 241 ]
165: [ 12 26 49 68 83 102 123 126 130 157 180 212 213 ]
166: [ 48 62 64 65 74 86 94 102 131 133 154 159 169 171 193 198 207 239 248 ]
167: [ 9 32 38 42 57 77 100 126 146 147 172 176 208 219 242 243 245 ]
168: [ 4 10 41 52 203 214 223 ]
169: [ 10 14 23 30 38 74 76 78 115 116 132 140 148 166 176 188 196 205 210 213 220 245 ]
170: [ 73 105 106 110 115 126 135 149 187 196 199 202 209 223 240 243 ]
171: [ 2 25 28 35 41 66 72 130 140 141 166 177 178 214 219 240 244 ]
172: [ 36 42 45 90 131 151 161 167 203 225 229 ]
173: [ 27 33 43 102 131 199 228 229 246 ]
174: [ 18 130 134 142 ]
175: [ 23 60 69 71 74 184 194 226 230 250 ]
176: [ 35 78 90 105 144 153 167 169 188 242 ]
177: [ 27 36 57 113 123 171 206 ]
178: [ 19 27 41 44 74 97 105 131 135 171 234 ]
179: [ 17 26 34 56 78 102 120 129 196 218 ]
180: [ 1 25 67 71 73 84 96 105 118 124 139 165 200 208 209 222 228 234 ]
181: [ 12 19 21 28 43 44 97 123 131 133 138 143 151 158 163 200 205 221 223 ]
182: [ 4 21 40 62 120 124 153 199 208 230 232 236 238 245 248 ]
183: [ 74 75 80 83 86 196 204 248 ]
184: [ 9 36 76 110 134 175 200 202 242 248 249 ]
185: [ 35 87 90 125 135 192 217 223 ]
186: [ 17 45 51 62 83 108 112 121 130 132 147 150 196 213 248 ]
187: [ 61 76 120 123 142 146 160 170 192 208 214 ]
188: [ 17 29 40 49 60 74 92 119 169 176 205 213 230 236 242 248 ]
189: [ 38 88 101 112 125 147 207 212 223 228 238 248 ]
190: [ 8 19 61 73 131 137 227 250 ]
191: [ 14 43 62 66 135 138 139 159 194 199 210 235 ]
192: [ 1 20 36 48 49 94 122 131 137 152 163 185 187 194 198 203 210 225 233 ]
193: [ 59 90 113 137 163 166 210 227 ]
194: [ 28 35 56 93 116 120 127 132 175 191 192 197 212 219 ]
195: [ 12 47 69 83 89 116 126 131 139 153 154 235 ]
196: [ 24 37 56 58 94 98 102 104 112 120 169 170 179 183 186 245 ]
197: [ 5 8 23 48 53 58 64 78 98 105 124 128 146 149 194 207 220 222 233 ]
198: [ 2 14 18 24 46 57 90 118 125 127 156 160 166 192 208 220 246 ]
199: [ 10 35 56 64 72 120 157 170 173 182 191 214 221 232 243 ]
200: [ 17 49 141 147 157 163 180 181 184 212 ]
201: [ 18 62 116 222 234 ]
202: [ 5 38 97 116 135 152 170 184 211 233 ]
203: [ 9 10 27 61 134 152 168 172 192 212 ]
204: [ 1 19 29 59 122 132 183 225 ]
205: [ 26 159 161 169 181 188 217 ]
206: [ 2 33 38 55 59 65 89 126 163 177 207 233 234 ]
207: [ 27 38 39 70 76 95 104 107 121 129 140 156 158 166 189 197 206 208 214 216 217 224 ]
208: [ 9 10 18 40 42 55 57 68 79 86 104 116 122 135 136 138 139 156 167 180 182 187 198 207 222 234 246 ]
209: [ 30 43 44 113 121 131 133 140 163 170 180 211 232 ]
210: [ 2 25 40 50 60 71 80 87 102 109 117 118 124 169 191 192 193 217 248 ]
211: [ 20 32 49 62 76 124 127 202 209 214 ]
212: [ 52 54 75 84 139 146 157 165 189 194 200 203 239 242 ]
213: [ 6 18 40 74 88 96 116 126 128 132 134 162 163 165 169 186 188 ]
214: [ 20 35 46 48 53 65 79 83 92 96 101 102 112 121 140 149 168 171 187 199 207 211 224 232 ]
215: [ 23 46 49 83 110 117 122 132 249 ]
216: [ 8 10 33 41 43 45 57 64 86 106 131 134 207 221 243 ]
217: [ 13 54 79 123 161 185 205 207 210 218 221 223 229 231 233 245 ]
218: [ 4 11 12 22 28 47 49 51 68 78 84 88 89 94 111 120 179 217 220 223 225 232 235 240 ]
219: [ 68 79 90 137 167 171 194 230 ]
220: [ 6 27 42 55 89 114 169 197 198 218 223 ]
221: [ 10 55 56 67 83 87 105 129 143 147 156 158 181 199 216 217 ]
222: [ 1 29 51 85 103 122 157 180 197 201 208 ]
223: [ 9 18 38 41 81 116 120 138 146 150 152 153 163 168 170 181 185 189 217 218 220 230 235 ]
224: [ 1 4 25 50 52 53 70 72 81 147 157 207 214 228 238 ]
225: [ 15 30 65 73 146 172 192 204 218 246 ]
226: [ 8 9 34 98 106 108 111 113 175 ]
227: [ 48 71 117 131 133 137 159 190 193 ]
228: [ 11 12 13 26 54 66 72 74 108 111 136 146 173 180 189 224 230 236 242 ]
229: [ 123 130 132 144 172 173 217 248 ]
230: [ 8 26 29 35 36 47 54 67 75 99 110 118 124 137 175 182 188 219 223 228 234 ]
231: [ 37 60 66 105 129 137 151 217 ]
232: [ 34 67 86 94 107 126 132 136 142 146 182 199 209 214 218 234 241 246 ]
233: [ 10 19 22 42 50 91 121 130 139 163 192 197 202 206 217 ]
234: [ 7 36 88 89 99 110 114 118 178 180 201 206 208 230 232 244 ]
235: [ 8 19 25 55 63 68 79 90 119 126 130 154 191 195 218 223 238 239 ]
236: [ 15 36 44 58 72 78 103 112 138 157 160 163 182 188 228 240 ]
237: [ 8 35 84 93 105 110 118 125 153 160 ]
238: [ 21 22 26 30 54 61 62 111 113 124 125 138 159 182 189 224 235 243 250 ]
239: [ 30 39 51 58 98 105 131 141 149 166 212 235 ]
240: [ 9 46 47 61 68 79 83 86 91 113 118 137 146 151 152 163 170 171 218 236 245 246 ]
241: [ 33 47 56 59 66 73 88 124 130 147 164 232 ]
242: [ 6 31 47 49 73 120 132 137 142 158 167 176 184 188 212 228 ]
243: [ 9 20 21 29 30 49 61 76 90 91 100 127 167 170 199 216 238 ]
244: [ 11 21 22 23 45 82 132 146 147 161 171 234 ]
245: [ 4 12 24 37 43 45 70 72 73 94 102 114 115 123 124 133 142 159 167 169 182 196 217 240 ]
246: [ 131 147 151 153 173 198 208 225 232 240 ]
247: [ 12 62 133 147 ]
248: [ 19 41 47 69 77 88 92 106 162 166 182 183 184 186 188 189 210 229 ]
249: [ 5 7 14 29 43 61 87 119 132 151 162 184 215 ]
250: [ 4 8 14 19 20 23 53 62 74 82 90 123 134 148 175 190 238 ]
