1: [ 15 16 19 22 59 72 84 96 124 125 127 137 142 144 146 157 164 177 190 216 232 234 235 236 240 245 ]
2: [ 59 69 116 119 148 199 230 231 ]
3: [ 30 31 32 38 63 97 100 129 130 168 184 186 200 211 227 235 238 ]
4: [ 39 44 67 78 79 81 106 120 121 141 190 ]
5: [ 24 27 31 41 44 48 49 70 73 76 97 126 133 142 170 186 187 193 225 241 249 ]
6: [ 12 32 46 59 60 71 77 109 111 114 122 126 135 178 220 231 233 243 ]
7: [ 18 31 43 76 80 98 125 151 180 184 187 191 214 218 235 ]
8: [ 45 54 82 90 93 107 116 121 136 157 164 165 167 170 228 ]
9: [ 21 29 36 48 57 79 87 118 120 124 164 180 191 237 242 ]
10: [ 75 145 231 ]
11: [ 20 21 43 78 120 126 128 145 149 162 183 185 187 197 217 ]
12: [ 6 19 28 36 54 55 80 83 110 117 123 129 148 152 159 194 246 ]
13: [ 24 25 37 41 50 52 60 64 78 86 100 104 112 115 124 153 164 177 180 185 ]
14: [ 82 96 102 120 134 146 148 189 200 210 225 232 243 ]
15: [ 1 27 39 40 46 84 140 143 178 215 ]
16: [ 1 37 46 48 49 55 57 94 121 131 154 170 173 196 215 ]
17: [ 25 35 44 58 62 70 105 113 116 123 127 136 157 163 190 201 213 223 227 ]
18: [ 7 30 65 82 83 86 96 116 136 138 170 183 213 215 216 226 ]
19: [ 1 12 20 40 53 75 81 93 95 103 113 128 147 177 189 212 232 250 ]
20: [ 11 19 39 64 90 93 102 118 122 124 139 158 163 167 169 186 203 205 208 209 210 ]
21: [ 9 11 105 135 136 159 191 194 214 238 ]
22: [ 1 44 62 84 151 205 224 242 ]
23: [ 27 28 75 90 116 121 131 149 152 161 166 178 186 217 221 230 241 243 244 ]
24: [ 5 13 45 60 66 87 96 124 134 146 155 196 211 226 ]
25: [ 13 17 27 29 30 117 129 185 216 218 236 ]
26: [ 33 76 78 81 99 113 115 164 166 207 ]
27: [ 5 15 23 25 64 80 81 86 92 129 152 165 237 241 246 250 ]
28: [ 12 23 29 56 75 87 100 106 111 130 138 155 166 174 204 216 220 242 244 246 ]
29: [ 9 25 28 80 81 94 101 137 148 168 191 200 240 ]
30: [ 3 18 25 33 68 72 91 112 114 119 122 150 151 162 186 187 213 ]
31: [ 3 5 7 37 39 55 99 115 230 232 239 ]
32: [ 3 6 39 45 50 84 92 94 100 116 126 127 133 141 172 188 192 193 195 210 215 216 224 246 ]
33: [ 26 30 49 59 71 112 116 123 125 126 127 129 130 135 152 154 159 168 176 180 192 209 227 239 244 ]
34: [ 47 65 87 117 149 204 205 232 ]
35: [ 17 44 95 102 108 109 140 152 167 170 172 173 187 ]
36: [ 9 12 59 66 103 105 138 147 180 190 ]
37: [ 13 16 31 48 83 85 86 91 96 107 136 162 166 171 195 207 215 220 236 239 249 ]
38: [ 3 45 62 77 88 144 174 177 214 223 246 ]
39: [ 4 15 20 31 32 54 62 91 103 114 119 136 145 188 210 244 247 249 ]
40: [ 15 19 59 74 95 110 124 191 194 206 210 218 219 232 239 ]
41: [ 5 13 44 48 64 66 72 80 88 103 110 112 114 115 135 138 139 146 147 157 163 187 196 247 ]
42: [ 79 87 109 147 149 152 171 234 235 248 ]
43: [ 7 11 47 56 57 124 129 188 203 ]
44: [ 4 5 17 22 35 41 72 95 100 104 110 116 117 136 142 182 215 228 241 ]
45: [ 8 24 32 38 47 62 63 67 100 112 127 149 157 176 187 194 196 202 220 236 238 243 ]
46: [ 6 15 16 84 85 92 115 128 131 139 145 157 159 160 170 177 186 195 206 244 248 ]
47: [ 34 43 45 48 91 100 113 118 130 136 139 153 166 167 179 183 185 212 231 237 ]
48: [ 5 9 16 37 41 47 50 110 122 145 190 ]
49: [ 5 16 33 54 63 70 88 99 131 149 157 184 188 196 215 217 228 230 ]
50: [ 13 32 48 73 101 109 152 185 228 235 ]
51: [ 67 69 119 128 134 137 184 207 222 230 238 240 ]
52: [ 13 76 82 133 144 247 ]
53: [ 19 81 97 105 106 130 135 148 158 185 195 206 209 211 226 229 236 246 247 ]
54: [ 8 12 39 49 55 56 61 81 91 106 116 118 139 145 175 196 209 223 ]
55: [ 12 16 31 54 65 73 75 78 96 101 103 118 144 163 167 177 230 242 ]
56: [ 28 43 54 203 ]
57: [ 9 16 43 61 62 71 77 93 99 110 162 167 192 209 210 217 237 249 250 ]
58: [ 17 87 171 184 223 ]
59: [ 1 2 6 33 36 40 65 70 106 111 112 126 134 144 155 163 203 232 234 239 247 250 ]
60: [ 6 13 24 61 63 68 71 129 140 164 165 170 171 184 186 190 210 221 227 231 232 246 ]
61: [ 54 57 60 125 196 214 ]
62: [ 17 22 38 39 45 57 88 89 125 129 134 147 156 163 171 196 213 221 249 ]
63: [ 3 45 49 60 67 80 86 90 93 142 181 182 184 193 209 227 230 239 244 ]
64: [ 13 20 27 41 71 77 101 105 127 132 134 166 176 197 217 241 ]
65: [ 18 34 55 59 80 98 101 140 142 178 204 230 244 ]
66: [ 24 36 41 108 121 147 151 173 176 181 186 187 188 202 213 225 247 ]
67: [ 4 45 51 63 76 92 101 117 119 168 174 175 197 233 241 249 250 ]
68: [ 30 60 107 147 148 152 153 168 169 176 183 ]
69: [ 2 51 93 100 107 108 170 179 214 245 249 ]
70: [ 5 17 49 59 81 83 92 98 110 133 135 157 167 182 193 217 221 225 235 239 246 249 ]
71: [ 6 33 57 60 64 89 121 144 156 180 181 190 192 199 201 214 229 ]
72: [ 1 30 41 44 75 91 118 120 126 140 164 178 192 214 223 224 231 232 234 ]
73: [ 5 50 55 119 151 166 186 193 241 ]
74: [ 40 107 122 144 149 200 206 247 ]
75: [ 10 19 23 28 55 72 95 102 103 112 129 146 159 194 213 218 228 238 247 ]
76: [ 5 7 26 52 67 82 89 96 103 137 162 179 182 191 200 207 215 218 221 222 ]
77: [ 6 38 57 64 88 150 168 181 230 236 246 ]
78: [ 4 11 13 26 55 98 108 109 141 143 166 180 223 225 ]
79: [ 4 9 42 89 94 107 111 113 115 118 123 127 132 140 147 148 155 166 182 185 190 191 194 ]
80: [ 7 12 27 29 41 63 65 87 89 90 112 132 137 146 199 208 231 249 ]
81: [ 4 19 26 27 29 53 54 70 96 98 110 112 113 129 154 163 164 173 184 192 215 216 230 ]
82: [ 8 14 18 52 76 88 104 119 139 154 163 169 170 192 241 ]
83: [ 12 18 37 70 98 114 128 144 167 183 201 207 211 212 213 224 239 248 ]
84: [ 1 15 22 32 46 85 110 120 130 137 183 209 232 ]
85: [ 37 46 84 87 113 116 130 149 170 179 244 ]
86: [ 13 18 27 37 63 92 100 108 113 115 121 139 165 171 179 203 220 246 ]
87: [ 9 24 28 34 42 58 80 85 93 105 115 130 133 151 185 187 195 200 209 223 ]
88: [ 38 41 49 62 77 82 110 115 125 135 138 148 151 171 173 ]
89: [ 62 71 76 79 80 101 103 117 155 158 161 212 246 ]
90: [ 8 20 23 63 80 111 129 142 192 ]
91: [ 30 37 39 47 54 72 103 104 107 116 120 140 181 183 194 199 200 227 ]
92: [ 27 32 46 67 70 86 107 110 116 132 157 158 182 198 205 218 240 249 ]
93: [ 8 19 20 57 63 69 87 109 123 139 144 147 157 160 162 164 166 171 176 187 199 215 ]
94: [ 16 29 32 79 96 98 111 117 164 184 210 244 ]
95: [ 19 35 40 44 75 106 107 123 127 137 145 158 168 169 191 200 212 221 230 239 ]
96: [ 1 14 18 24 37 55 76 81 94 106 117 132 135 138 150 167 179 183 196 205 ]
97: [ 3 5 53 125 137 171 189 203 217 ]
98: [ 7 65 70 78 81 83 94 104 120 130 170 187 220 226 242 ]
99: [ 26 31 49 57 114 120 203 ]
100: [ 3 13 28 32 44 45 47 69 86 125 139 141 152 163 204 210 221 238 ]
101: [ 29 50 55 64 65 67 89 104 142 156 160 170 206 207 209 220 225 240 241 247 ]
102: [ 14 20 35 75 107 149 191 199 209 226 237 ]
103: [ 19 36 39 41 55 75 76 89 91 110 112 181 188 209 211 216 225 229 237 245 249 ]
104: [ 13 44 82 91 98 101 133 151 162 183 190 191 192 197 219 225 226 228 237 246 248 ]
105: [ 17 21 36 53 64 87 107 124 174 201 209 211 222 230 249 ]
106: [ 4 28 53 54 59 95 96 107 116 120 158 175 184 201 218 242 ]
107: [ 8 37 68 69 74 79 91 92 95 102 105 106 123 130 170 186 191 208 217 219 220 ]
108: [ 35 66 69 78 86 122 136 157 174 186 202 211 212 220 ]
109: [ 6 35 42 50 78 93 117 118 130 139 148 159 180 183 200 248 ]
110: [ 12 40 41 44 48 57 70 81 84 88 92 103 146 157 161 164 169 172 179 201 205 233 241 247 ]
111: [ 6 28 59 79 90 94 127 166 180 184 185 186 191 198 199 208 216 244 ]
112: [ 13 30 33 41 45 59 75 80 81 103 113 114 122 128 144 171 216 217 220 230 244 ]
113: [ 17 19 26 47 79 81 85 86 112 125 130 149 153 193 232 ]
114: [ 6 30 39 41 83 99 112 116 117 118 121 124 202 ]
115: [ 13 26 31 41 46 79 86 87 88 133 165 197 215 220 ]
116: [ 2 8 17 18 23 32 33 44 54 85 91 92 106 114 145 146 179 211 225 226 229 245 ]
117: [ 12 25 34 44 67 89 94 96 109 114 120 143 164 177 179 186 196 215 220 225 ]
118: [ 9 20 47 54 55 72 79 109 114 130 139 154 169 180 185 203 214 215 245 ]
119: [ 2 30 39 51 67 73 82 128 139 153 158 163 174 212 223 240 ]
120: [ 4 9 11 14 72 84 91 98 99 106 117 139 144 146 156 157 164 166 177 204 227 228 233 ]
121: [ 4 8 16 23 66 71 86 114 157 171 177 183 206 217 230 241 244 ]
122: [ 6 20 30 48 74 108 112 140 149 169 172 188 191 192 193 200 205 207 215 217 227 238 244 ]
123: [ 12 17 33 79 93 95 107 183 184 198 ]
124: [ 1 9 13 20 24 40 43 105 114 125 135 136 140 146 147 180 186 196 199 209 229 232 245 ]
125: [ 1 7 33 61 62 88 97 100 113 124 132 142 147 152 166 167 200 220 ]
126: [ 5 6 11 32 33 59 72 193 199 ]
127: [ 1 17 32 33 45 64 79 95 111 133 144 145 153 214 224 227 233 241 244 ]
128: [ 11 19 46 51 83 112 119 145 160 167 168 175 180 196 217 228 238 248 ]
129: [ 3 12 25 27 33 43 60 62 75 81 90 131 144 161 169 173 197 203 214 220 225 233 ]
130: [ 3 28 33 47 53 84 85 87 98 107 109 113 118 132 138 143 163 182 187 200 201 214 222 225 234 ]
131: [ 16 23 46 49 129 148 182 183 230 ]
132: [ 64 79 80 92 96 125 130 144 158 161 162 192 198 206 210 235 ]
133: [ 5 32 52 70 87 104 115 127 138 143 154 159 246 ]
134: [ 14 24 51 59 62 64 135 166 170 187 205 215 218 223 226 228 234 241 244 ]
135: [ 6 21 33 41 53 70 88 96 124 134 137 150 156 166 191 205 ]
136: [ 8 17 18 21 37 39 44 47 108 124 149 152 163 193 218 243 247 ]
137: [ 1 29 51 76 80 84 95 97 135 152 192 199 ]
138: [ 18 28 36 41 88 96 130 133 184 186 195 215 217 228 248 250 ]
139: [ 20 41 46 47 54 82 86 93 100 109 118 119 120 170 180 220 225 236 239 241 ]
140: [ 15 35 60 65 72 79 91 122 124 181 207 210 214 226 246 247 ]
141: [ 4 32 78 100 181 185 210 ]
142: [ 1 5 44 63 65 90 101 125 149 164 165 167 ]
143: [ 15 78 117 130 133 187 197 206 216 217 242 ]
144: [ 1 38 52 55 59 71 74 83 93 112 120 127 129 132 149 153 158 164 165 194 199 211 229 241 ]
145: [ 10 11 39 46 48 54 95 116 127 128 179 216 230 242 246 ]
146: [ 1 14 24 41 75 80 110 116 120 124 157 161 183 207 222 230 247 ]
147: [ 19 36 41 42 62 66 68 79 93 124 125 160 202 236 ]
148: [ 2 12 14 29 53 68 79 88 109 131 156 159 178 182 201 215 216 232 ]
149: [ 11 23 34 42 45 49 74 85 102 113 122 136 142 144 155 161 182 191 207 209 214 227 232 ]
150: [ 30 77 96 135 162 188 190 196 206 207 209 237 ]
151: [ 7 22 30 66 73 87 88 104 155 171 185 206 227 241 242 ]
152: [ 12 23 27 33 35 42 50 68 100 125 136 137 163 180 217 218 223 224 231 236 ]
153: [ 13 47 68 113 119 127 144 169 176 181 185 192 213 220 221 236 239 ]
154: [ 16 33 81 82 118 133 164 179 185 192 196 210 223 224 230 247 ]
155: [ 24 28 59 79 89 149 151 161 167 177 194 206 227 230 244 ]
156: [ 62 71 101 120 135 148 164 170 182 185 ]
157: [ 1 8 17 41 45 46 49 70 92 93 108 110 120 121 146 158 195 197 202 211 215 225 ]
158: [ 20 53 89 92 95 106 119 132 144 157 173 189 201 212 230 231 239 ]
159: [ 12 21 33 46 75 109 133 148 173 191 198 203 215 216 223 235 241 249 ]
160: [ 46 93 101 128 147 168 180 185 218 246 ]
161: [ 23 89 110 129 132 146 149 155 196 203 241 ]
162: [ 11 30 37 57 76 93 104 132 150 180 186 210 215 238 ]
163: [ 17 20 41 55 59 62 81 82 100 119 130 136 152 190 209 216 232 244 ]
164: [ 1 8 9 13 26 60 72 81 93 94 110 117 120 142 144 154 156 194 224 ]
165: [ 8 27 60 86 115 142 144 207 225 230 ]
166: [ 23 26 28 37 47 64 73 78 79 93 111 120 125 134 135 167 188 193 196 ]
167: [ 8 20 35 47 55 57 70 83 96 125 128 142 155 166 185 195 204 206 209 233 248 249 ]
168: [ 3 29 33 67 68 77 95 128 160 200 236 ]
169: [ 20 68 82 95 110 118 122 129 153 179 183 191 195 206 207 215 217 219 232 235 241 245 248 ]
170: [ 5 8 16 18 35 46 60 69 82 85 98 101 107 134 139 156 193 196 208 218 242 244 ]
171: [ 37 42 58 60 62 86 88 93 97 112 121 151 179 180 196 217 221 243 246 ]
172: [ 32 35 110 122 215 217 241 ]
173: [ 16 35 66 81 88 129 158 159 183 228 231 232 242 ]
174: [ 28 38 67 105 108 119 203 210 211 215 227 231 239 ]
175: [ 54 67 106 128 185 186 188 194 203 209 242 ]
176: [ 33 45 64 66 68 93 153 220 234 ]
177: [ 1 13 19 38 46 55 117 120 121 155 191 239 ]
178: [ 6 15 23 65 72 148 184 197 199 ]
179: [ 47 69 76 85 86 96 110 116 117 145 154 169 171 191 193 214 227 232 ]
180: [ 7 9 13 33 36 71 78 109 111 118 124 128 139 152 160 162 171 192 200 230 246 ]
181: [ 63 66 71 77 91 103 140 141 153 185 190 217 236 ]
182: [ 44 63 70 76 79 92 130 131 148 149 156 199 209 228 ]
183: [ 11 18 47 68 83 84 91 96 104 109 121 123 131 146 169 173 189 193 215 ]
184: [ 3 7 49 51 58 60 63 81 94 106 111 123 138 178 197 213 224 232 250 ]
185: [ 11 13 25 47 50 53 79 87 111 118 141 151 153 154 156 160 167 175 181 211 216 227 243 ]
186: [ 3 5 20 23 30 46 60 66 73 107 108 111 117 124 138 162 175 196 226 227 242 ]
187: [ 5 7 11 30 35 41 45 66 87 93 98 130 134 143 ]
188: [ 32 39 43 49 66 103 122 150 166 175 196 228 236 243 ]
189: [ 14 19 97 158 183 192 239 ]
190: [ 1 4 17 36 48 60 71 79 104 150 163 181 191 194 211 213 ]
191: [ 7 9 21 29 40 76 79 95 102 104 107 111 122 135 149 159 169 177 179 190 231 233 243 ]
192: [ 32 33 57 71 72 81 82 90 104 122 132 137 153 154 180 189 193 199 212 214 221 244 ]
193: [ 5 32 63 70 73 113 122 126 136 166 170 179 183 192 195 216 241 ]
194: [ 12 21 40 45 75 79 91 144 155 164 175 190 197 203 227 ]
195: [ 32 37 46 53 87 138 157 167 169 193 229 241 ]
196: [ 16 24 41 45 49 54 61 62 96 117 124 128 150 154 161 166 170 171 186 188 203 218 ]
197: [ 11 64 67 104 115 129 143 157 178 184 194 202 205 218 223 237 240 ]
198: [ 92 111 123 132 159 234 ]
199: [ 2 71 80 91 93 102 111 124 126 137 144 178 182 192 202 218 231 244 ]
200: [ 3 14 29 74 76 87 91 95 109 122 125 130 168 180 206 213 223 228 239 ]
201: [ 17 71 83 105 106 110 130 148 158 230 237 ]
202: [ 45 66 108 114 147 157 197 199 208 214 242 249 ]
203: [ 20 43 56 59 86 97 99 118 129 159 161 174 175 194 196 222 223 ]
204: [ 28 34 65 100 120 167 225 ]
205: [ 20 22 34 92 96 110 122 134 135 197 208 222 240 241 242 248 ]
206: [ 40 46 53 74 101 121 132 143 150 151 155 167 169 200 207 209 235 249 ]
207: [ 26 37 51 76 83 101 122 140 146 149 150 165 169 206 210 212 221 227 236 ]
208: [ 20 80 107 111 170 202 205 ]
209: [ 20 33 53 54 57 63 84 87 101 102 103 105 124 149 150 163 167 175 182 206 211 242 248 ]
210: [ 14 20 32 39 40 57 60 94 100 132 140 141 154 162 174 207 217 231 ]
211: [ 3 24 53 83 103 105 108 116 144 157 174 185 190 209 222 234 238 ]
212: [ 19 47 83 89 95 108 119 158 192 207 236 ]
213: [ 17 18 30 62 66 75 83 153 184 190 200 239 ]
214: [ 7 21 38 61 69 71 72 118 127 129 130 140 149 179 192 202 ]
215: [ 15 16 18 32 37 44 49 76 81 93 115 117 118 122 134 138 148 157 159 162 169 172 174 183 221 230 241 243 ]
216: [ 1 18 25 28 32 81 103 111 112 143 145 148 159 163 185 193 221 225 246 ]
217: [ 11 23 49 57 64 70 97 107 112 121 122 128 138 143 152 169 171 172 181 210 218 248 ]
218: [ 7 25 40 75 76 92 106 134 136 152 160 170 196 197 199 217 221 ]
219: [ 40 104 107 169 247 ]
220: [ 6 28 37 45 86 98 101 107 108 112 115 117 125 129 139 153 176 223 244 ]
221: [ 23 60 62 70 76 95 100 153 171 192 207 215 216 218 230 232 236 238 247 ]
222: [ 51 76 105 130 146 203 205 211 228 ]
223: [ 17 38 54 58 72 78 87 119 134 152 154 159 197 200 203 220 243 ]
224: [ 22 32 72 83 127 152 154 164 184 ]
225: [ 5 14 66 70 78 101 103 104 116 117 129 130 139 157 165 204 216 227 236 245 247 ]
226: [ 18 24 53 98 102 104 116 134 140 186 237 242 ]
227: [ 3 17 33 60 63 91 120 122 127 149 151 155 174 179 185 186 194 207 225 249 ]
228: [ 8 44 49 50 75 104 120 128 134 138 173 182 188 200 222 237 ]
229: [ 53 71 103 116 124 144 195 237 ]
230: [ 2 23 31 49 51 55 63 65 77 81 95 105 112 121 131 145 146 154 155 158 165 180 201 215 221 249 ]
231: [ 2 6 10 47 60 72 80 152 158 173 174 191 199 210 237 ]
232: [ 1 14 19 31 34 40 59 60 72 84 113 124 148 149 163 169 173 179 184 221 ]
233: [ 6 67 110 120 127 129 167 191 ]
234: [ 1 42 59 72 130 134 176 198 211 ]
235: [ 1 3 7 42 50 70 132 159 169 206 ]
236: [ 1 25 37 45 53 77 139 147 152 153 168 181 188 207 212 221 225 241 249 250 ]
237: [ 9 27 47 57 102 103 104 150 197 201 226 228 229 231 ]
238: [ 3 21 45 51 75 100 122 128 162 211 221 247 ]
239: [ 31 33 37 40 59 63 70 83 95 139 153 158 174 177 189 200 213 243 ]
240: [ 1 29 51 92 101 119 197 205 ]
241: [ 5 23 27 44 64 67 73 82 101 110 121 127 134 139 144 151 159 161 169 172 193 195 205 215 236 244 ]
242: [ 9 22 28 55 98 106 143 145 151 170 173 175 186 202 205 209 226 ]
243: [ 6 14 23 45 136 171 185 188 191 215 223 239 248 ]
244: [ 23 28 33 39 46 63 65 85 94 111 112 121 122 127 134 155 163 170 192 199 220 241 ]
245: [ 1 69 103 116 118 124 169 225 ]
246: [ 12 27 28 32 38 53 60 70 77 86 89 104 133 140 145 160 171 180 216 ]
247: [ 39 41 52 53 59 66 74 75 101 110 136 140 146 154 219 221 225 238 ]
248: [ 42 46 83 104 109 128 138 167 169 205 209 217 243 ]
249: [ 5 37 39 57 62 67 69 70 80 92 103 105 159 167 202 206 227 230 236 ]
250: [ 19 27 57 59 67 138 184 236 ]
