1: [ 38 66 92 108 115 116 128 153 162 170 175 190 196 198 211 221 229 ]
2: [ 13 18 25 75 97 113 120 127 144 167 182 187 208 234 239 244 ]
3: [ 16 20 32 94 108 118 120 131 139 149 156 159 163 166 193 196 199 228 ]
4: [ 15 46 56 65 74 88 94 106 118 165 176 178 182 189 196 207 208 ]
5: [ 47 55 72 100 114 120 126 153 172 181 190 191 200 222 236 ]
6: [ 11 129 162 185 209 215 229 ]
7: [ 9 11 48 55 71 104 217 ]
8: [ 24 31 52 59 69 79 82 90 91 114 135 166 170 176 205 206 208 217 232 234 239 244 ]
9: [ 7 18 48 53 64 120 136 158 204 208 242 ]
10: [ 14 25 36 50 55 57 67 73 82 123 134 146 147 174 180 185 192 193 221 234 244 248 ]
11: [ 6 7 13 15 57 78 79 85 121 123 139 148 152 156 186 187 193 206 228 230 244 ]
12: [ 42 45 61 66 69 76 102 103 118 122 138 145 151 156 182 ]
13: [ 2 11 18 38 63 108 128 139 141 142 150 160 165 171 173 186 187 238 242 243 ]
14: [ 10 25 32 86 88 94 127 128 191 197 211 216 236 ]
15: [ 4 11 20 24 31 41 45 56 78 79 111 123 127 143 159 182 ]
16: [ 3 26 43 64 70 110 132 149 152 164 191 216 234 240 ]
17: [ 18 60 63 76 98 102 123 129 165 170 178 215 230 232 240 243 ]
18: [ 2 9 13 17 25 62 71 92 104 160 206 223 234 ]
19: [ 35 181 200 216 236 ]
20: [ 3 15 39 45 54 55 59 65 94 130 151 196 ]
21: [ 42 59 118 119 121 149 155 156 164 169 174 189 208 215 216 235 250 ]
22: [ 38 40 52 79 105 115 184 224 ]
23: [ 60 138 150 156 194 225 248 ]
24: [ 8 15 45 88 100 104 108 114 133 153 171 181 203 206 244 ]
25: [ 2 10 14 18 30 42 52 66 75 96 117 120 156 172 209 210 231 234 244 ]
26: [ 16 48 81 93 99 113 120 123 130 134 137 145 160 230 247 249 ]
27: [ 35 50 71 78 92 99 114 120 127 153 179 207 215 249 ]
28: [ 31 45 63 77 97 98 104 137 143 146 158 185 200 201 208 234 243 247 ]
29: [ 48 73 81 138 145 149 150 153 164 166 169 183 196 220 221 225 226 235 236 239 250 ]
30: [ 25 52 88 184 187 229 ]
31: [ 8 15 28 49 66 70 79 89 129 145 164 167 185 191 195 199 205 ]
32: [ 3 14 104 117 122 160 165 170 215 222 ]
33: [ 37 53 69 75 79 111 115 118 124 127 130 137 150 159 165 174 202 248 ]
34: [ 37 48 50 75 76 81 84 90 102 117 120 133 146 150 157 162 164 166 185 202 222 225 243 245 250 ]
35: [ 19 27 36 71 93 97 98 99 123 133 152 166 177 204 208 220 229 231 244 ]
36: [ 10 35 50 82 88 104 110 132 138 144 150 158 163 175 190 194 220 222 227 ]
37: [ 33 34 43 66 68 71 72 87 93 98 102 112 185 203 230 232 240 ]
38: [ 1 13 22 48 54 63 90 94 96 108 152 202 ]
39: [ 20 42 80 86 104 113 129 153 171 212 221 239 241 ]
40: [ 22 45 71 77 85 93 117 123 152 161 166 168 235 239 ]
41: [ 15 44 48 51 56 80 96 114 129 134 147 149 153 204 216 239 247 ]
42: [ 12 21 25 39 52 76 77 99 114 156 162 ]
43: [ 16 37 44 56 80 87 89 117 121 123 153 168 189 197 208 215 ]
44: [ 41 43 49 90 123 131 163 169 203 217 ]
45: [ 12 15 20 24 28 40 93 105 134 181 190 196 206 209 217 238 ]
46: [ 4 83 89 168 176 187 210 ]
47: [ 5 87 88 91 99 123 136 140 155 167 172 185 188 203 236 241 ]
48: [ 7 9 26 29 34 38 41 82 97 119 122 132 138 188 220 222 247 ]
49: [ 31 44 56 90 111 123 127 138 173 250 ]
50: [ 10 27 34 36 51 55 58 68 96 98 102 105 108 110 116 125 134 145 193 195 201 230 241 ]
51: [ 41 50 59 66 69 70 72 92 143 145 146 152 157 167 176 184 194 209 212 225 243 244 ]
52: [ 8 22 25 30 42 97 99 101 132 179 184 191 193 220 227 242 ]
53: [ 9 33 76 83 124 150 170 205 211 212 241 245 ]
54: [ 20 38 78 110 120 198 216 218 220 229 247 ]
55: [ 5 7 10 20 50 56 59 68 76 83 100 109 110 129 139 160 179 190 197 200 206 236 237 ]
56: [ 4 15 41 43 49 55 88 137 141 154 155 164 166 176 221 223 226 233 245 246 249 ]
57: [ 10 11 71 76 90 106 123 136 148 191 ]
58: [ 50 139 173 201 215 224 238 239 ]
59: [ 8 20 21 51 55 85 115 120 139 143 163 165 185 186 189 217 250 ]
60: [ 17 23 67 76 83 91 92 94 150 154 160 167 215 ]
61: [ 12 73 87 167 183 208 210 232 236 238 ]
62: [ 18 70 85 128 129 144 157 210 ]
63: [ 13 17 28 38 81 86 90 93 96 108 110 113 124 144 164 177 207 224 226 237 239 246 ]
64: [ 9 16 108 121 152 212 222 235 245 ]
65: [ 4 20 73 85 120 124 186 191 200 235 ]
66: [ 1 12 25 31 37 51 89 91 92 95 172 181 189 191 231 ]
67: [ 10 60 68 73 74 82 88 123 142 153 155 158 173 205 210 228 ]
68: [ 37 50 55 67 96 102 118 132 154 172 183 209 250 ]
69: [ 8 12 33 51 78 88 97 98 106 110 129 132 133 141 155 164 167 171 200 206 212 218 225 232 ]
70: [ 16 31 51 62 85 117 121 122 138 139 150 171 177 219 223 225 ]
71: [ 7 18 27 35 37 40 57 110 119 141 158 168 218 219 225 238 ]
72: [ 5 37 51 117 129 137 146 187 189 225 241 ]
73: [ 10 29 61 65 67 75 82 110 115 124 133 137 140 151 158 159 164 171 180 203 239 241 243 ]
74: [ 4 67 104 120 122 149 151 167 173 186 200 212 213 234 242 248 ]
75: [ 2 25 33 34 73 76 77 86 105 121 136 164 178 195 201 215 228 231 233 ]
76: [ 12 17 34 42 53 55 57 60 75 79 103 149 154 188 189 193 206 220 229 ]
77: [ 28 40 42 75 83 93 108 117 120 124 141 171 182 196 207 215 227 234 237 ]
78: [ 11 15 27 54 69 86 87 116 129 146 167 170 183 220 225 241 ]
79: [ 8 11 15 22 31 33 76 107 123 154 169 182 183 190 212 215 235 241 ]
80: [ 39 41 43 113 ]
81: [ 26 29 34 63 146 225 ]
82: [ 8 10 36 48 67 73 89 116 157 183 202 206 226 241 ]
83: [ 46 53 55 60 77 117 123 181 186 222 226 241 245 ]
84: [ 34 91 96 128 158 163 205 209 ]
85: [ 11 40 59 62 65 70 87 138 143 202 ]
86: [ 14 39 63 75 78 108 111 117 153 168 176 180 182 202 214 234 237 ]
87: [ 37 43 47 61 78 85 88 98 99 110 142 173 175 196 212 249 ]
88: [ 4 14 24 30 36 47 56 67 69 87 99 117 131 134 155 159 167 234 238 ]
89: [ 31 43 46 66 82 96 125 151 238 249 ]
90: [ 8 34 38 44 49 57 63 97 122 147 164 166 178 181 202 206 211 230 231 245 ]
91: [ 8 47 60 66 84 99 104 129 170 200 201 ]
92: [ 1 18 27 51 60 66 95 98 108 111 138 159 164 168 179 192 211 212 214 223 241 247 ]
93: [ 26 35 37 40 45 63 77 103 118 128 132 140 161 181 183 184 186 219 222 237 ]
94: [ 3 4 14 20 38 60 103 124 127 138 195 239 ]
95: [ 66 92 102 117 145 158 236 242 ]
96: [ 25 38 41 50 63 68 84 89 104 105 112 117 129 146 154 157 166 193 240 248 ]
97: [ 2 28 35 48 52 69 90 108 134 164 166 206 215 216 ]
98: [ 17 28 35 37 50 69 87 92 99 134 168 172 186 210 248 250 ]
99: [ 26 27 35 42 47 52 87 88 91 98 104 145 167 179 183 194 228 229 ]
100: [ 5 24 55 111 118 139 166 176 201 206 222 232 233 ]
101: [ 52 113 147 242 ]
102: [ 12 17 34 37 50 68 95 108 109 125 137 140 162 216 225 226 ]
103: [ 12 76 93 94 159 189 ]
104: [ 7 18 24 28 32 36 39 74 91 96 99 112 139 150 159 166 202 218 ]
105: [ 22 45 50 75 96 112 120 121 160 169 193 198 201 210 228 234 238 248 250 ]
106: [ 4 57 69 118 122 126 140 155 175 208 219 234 235 238 249 ]
107: [ 79 116 189 219 ]
108: [ 1 3 13 24 38 50 63 64 77 86 92 97 102 130 134 170 176 187 188 214 234 ]
109: [ 55 102 119 159 ]
110: [ 16 36 50 54 55 63 69 71 73 87 163 164 165 190 197 234 249 ]
111: [ 15 33 49 86 92 100 132 134 136 147 156 173 188 211 ]
112: [ 37 96 104 105 123 198 ]
113: [ 2 26 39 63 80 101 150 204 215 222 231 235 236 238 250 ]
114: [ 5 8 24 27 41 42 122 134 165 174 193 201 211 232 239 243 ]
115: [ 1 22 33 59 73 121 123 132 138 141 145 148 162 189 190 231 234 240 ]
116: [ 1 50 78 82 107 129 130 157 216 ]
117: [ 25 32 34 40 43 70 72 77 83 86 88 95 96 128 129 155 178 206 ]
118: [ 3 4 12 21 33 68 93 100 106 127 153 173 190 242 243 ]
119: [ 21 48 71 109 162 177 201 234 ]
120: [ 2 3 5 9 25 26 27 34 54 59 65 74 77 105 136 159 163 208 212 223 226 232 242 ]
121: [ 11 21 43 64 70 75 105 115 165 189 194 209 215 ]
122: [ 12 32 48 70 74 90 106 114 141 178 247 ]
123: [ 10 11 15 17 26 35 40 43 44 47 49 57 67 79 83 112 115 162 164 169 190 192 215 227 ]
124: [ 33 53 63 65 73 77 94 149 156 179 189 190 208 212 220 ]
125: [ 50 89 102 131 154 164 204 215 231 247 248 250 ]
126: [ 5 106 129 132 143 223 ]
127: [ 2 14 15 27 33 49 94 118 139 202 234 246 247 ]
128: [ 1 13 14 62 84 93 117 135 138 139 145 163 165 188 198 200 208 222 232 250 ]
129: [ 6 17 31 39 41 55 62 69 72 78 91 96 116 117 126 147 149 166 173 191 198 202 210 218 241 246 ]
130: [ 20 26 33 108 116 131 136 139 162 168 169 246 ]
131: [ 3 44 88 125 130 168 174 189 195 209 ]
132: [ 16 36 48 52 68 69 93 111 115 126 138 139 148 185 206 208 218 224 ]
133: [ 24 34 35 69 73 151 156 160 162 171 181 188 197 209 ]
134: [ 10 26 41 45 50 88 97 98 108 111 114 139 152 153 195 201 231 239 ]
135: [ 8 128 137 149 153 191 200 242 245 ]
136: [ 9 47 57 75 111 120 130 158 160 162 170 176 179 204 225 236 237 ]
137: [ 26 28 33 56 72 73 102 135 138 146 185 235 ]
138: [ 12 23 29 36 48 49 70 85 92 94 115 128 132 137 145 159 171 173 181 195 206 210 213 221 233 242 ]
139: [ 3 11 13 55 58 59 70 100 104 127 128 130 132 134 157 200 211 228 240 ]
140: [ 47 73 93 102 106 149 191 249 ]
141: [ 13 56 69 71 77 115 122 171 173 178 191 194 222 ]
142: [ 13 67 87 164 202 225 230 250 ]
143: [ 15 28 51 59 85 126 158 171 190 236 244 ]
144: [ 2 36 62 63 168 202 231 ]
145: [ 12 26 29 31 50 51 95 99 115 128 138 201 221 224 ]
146: [ 10 28 34 51 72 78 81 96 137 157 160 171 172 212 232 238 241 ]
147: [ 10 41 90 101 111 129 218 247 ]
148: [ 11 57 115 132 152 157 166 182 235 ]
149: [ 3 16 21 29 41 74 76 124 129 135 140 151 154 176 183 208 229 235 249 ]
150: [ 13 23 29 33 34 36 53 60 70 104 113 197 235 245 248 ]
151: [ 12 20 73 74 89 133 149 166 174 195 222 249 ]
152: [ 11 16 35 38 40 51 64 134 148 162 190 191 208 217 226 227 233 241 ]
153: [ 1 5 24 27 29 39 41 43 67 86 118 134 135 155 206 248 ]
154: [ 56 60 68 76 79 96 125 149 167 199 200 208 209 210 244 248 ]
155: [ 21 47 56 67 69 88 106 117 153 163 188 195 199 207 220 226 232 238 ]
156: [ 3 11 12 21 23 25 42 111 124 133 163 177 180 194 204 206 207 209 212 215 220 237 238 241 ]
157: [ 34 51 62 82 96 116 139 146 148 169 181 211 219 240 250 ]
158: [ 9 28 36 67 71 73 84 95 136 143 172 225 236 239 246 ]
159: [ 3 15 33 73 88 92 103 104 109 120 138 161 166 229 ]
160: [ 13 18 26 32 55 60 105 133 136 146 181 183 189 212 228 229 230 237 238 247 250 ]
161: [ 40 93 159 164 173 195 210 217 222 ]
162: [ 1 6 34 42 102 115 119 123 130 133 136 152 167 233 ]
163: [ 3 36 44 59 84 110 120 128 155 156 165 187 189 195 201 205 216 222 225 227 237 242 250 ]
164: [ 16 21 29 31 34 56 63 69 73 75 90 92 97 110 123 125 142 161 176 193 217 229 ]
165: [ 4 13 17 32 33 59 110 114 121 128 163 211 235 242 ]
166: [ 3 8 29 34 35 40 56 90 96 97 100 104 129 148 151 159 172 188 198 230 ]
167: [ 2 31 47 51 60 61 69 74 78 88 99 154 162 189 190 200 217 236 245 ]
168: [ 40 43 46 71 86 92 98 130 131 144 181 197 238 243 246 ]
169: [ 21 29 44 79 105 123 130 157 172 202 204 206 209 246 248 ]
170: [ 1 8 17 32 53 78 91 108 136 200 ]
171: [ 13 24 39 69 70 73 77 133 138 141 143 146 179 184 208 234 238 246 249 ]
172: [ 5 25 47 66 68 98 146 158 166 169 176 185 223 ]
173: [ 13 49 58 67 74 87 111 118 129 138 141 161 176 186 212 222 225 233 239 ]
174: [ 10 21 33 114 131 151 195 212 218 245 ]
175: [ 1 36 87 106 235 245 ]
176: [ 4 8 46 51 56 86 100 108 136 149 164 172 173 177 179 193 197 203 209 233 235 246 248 ]
177: [ 35 63 70 119 156 176 183 192 212 222 249 ]
178: [ 4 17 75 90 117 122 141 188 196 216 248 ]
179: [ 27 52 55 92 99 124 136 171 176 184 203 242 ]
180: [ 10 73 86 156 218 ]
181: [ 5 19 24 45 66 83 90 93 133 138 157 160 168 220 227 233 245 ]
182: [ 2 4 12 15 77 79 86 148 184 209 225 228 ]
183: [ 29 61 68 78 79 82 93 99 149 160 177 227 247 ]
184: [ 22 30 51 52 93 171 179 182 191 ]
185: [ 6 10 28 31 34 37 47 59 132 137 172 187 238 245 246 ]
186: [ 11 13 59 65 74 83 93 98 173 190 195 198 199 212 245 246 ]
187: [ 2 11 13 30 46 72 108 163 185 220 233 ]
188: [ 47 48 76 108 111 128 133 155 166 178 195 220 231 236 ]
189: [ 4 21 43 59 66 72 76 103 107 115 121 124 131 160 163 167 193 215 231 ]
190: [ 1 5 36 45 55 79 110 115 118 123 124 143 152 167 186 197 198 206 214 221 227 229 239 240 ]
191: [ 5 14 16 31 52 57 65 66 129 135 140 141 152 184 192 208 209 232 234 ]
192: [ 10 92 123 177 191 242 ]
193: [ 3 10 11 50 52 76 96 105 114 164 176 189 201 216 ]
194: [ 23 36 51 99 121 141 156 205 216 ]
195: [ 31 50 75 94 131 134 138 151 155 161 163 174 186 188 243 ]
196: [ 1 3 4 20 29 45 77 87 178 239 ]
197: [ 14 43 55 110 133 150 168 176 190 208 222 234 236 ]
198: [ 1 54 105 112 128 129 166 186 190 237 ]
199: [ 3 31 154 155 186 204 221 227 ]
200: [ 5 19 28 55 65 69 74 91 128 135 139 154 167 170 201 204 205 ]
201: [ 28 50 58 75 91 100 105 114 119 134 145 163 193 200 ]
202: [ 33 34 38 82 85 86 90 104 127 129 142 144 169 ]
203: [ 24 37 44 47 73 176 179 ]
204: [ 9 35 41 113 125 136 156 169 199 200 215 ]
205: [ 8 31 53 67 84 163 194 200 241 ]
206: [ 8 11 18 24 45 55 69 76 82 90 97 100 117 132 138 153 156 169 190 207 218 233 ]
207: [ 4 27 63 77 155 156 206 250 ]
208: [ 2 4 8 9 21 28 35 43 61 106 120 124 128 132 149 152 154 171 191 197 228 ]
209: [ 6 25 45 51 68 84 121 131 133 154 156 169 176 182 191 215 232 ]
210: [ 25 46 61 62 67 98 105 129 138 154 161 213 216 222 240 ]
211: [ 1 14 53 90 92 111 114 139 157 165 223 230 247 ]
212: [ 39 51 53 64 69 74 79 87 92 120 124 146 156 160 173 174 177 186 213 246 ]
213: [ 74 138 210 212 ]
214: [ 86 92 108 190 234 246 ]
215: [ 6 17 21 27 32 43 58 60 75 77 79 97 113 121 123 125 156 189 204 209 229 230 236 245 ]
216: [ 14 16 19 21 41 54 97 102 116 163 178 193 194 210 222 236 247 ]
217: [ 7 8 44 45 59 152 161 164 167 234 ]
218: [ 54 69 71 104 129 132 147 174 180 206 226 ]
219: [ 70 71 93 106 107 157 225 248 ]
220: [ 29 35 36 48 52 54 76 78 124 155 156 181 187 188 225 233 240 250 ]
221: [ 1 10 29 39 56 138 145 190 199 241 ]
222: [ 5 32 34 36 48 64 83 93 100 113 128 141 151 161 163 173 177 197 210 216 234 ]
223: [ 18 56 70 92 120 126 172 211 229 ]
224: [ 22 58 63 132 145 ]
225: [ 23 29 34 51 69 70 71 72 78 81 102 136 142 158 163 173 182 219 220 ]
226: [ 29 56 63 82 83 102 120 152 155 218 232 ]
227: [ 36 52 77 123 152 163 181 183 190 199 ]
228: [ 3 11 67 75 99 105 139 160 182 208 ]
229: [ 1 6 30 35 54 76 99 149 159 160 164 190 215 223 231 248 ]
230: [ 11 17 26 37 50 90 142 160 166 211 215 ]
231: [ 25 35 66 75 90 113 115 125 134 144 188 189 229 249 ]
232: [ 8 17 37 61 69 100 114 120 128 146 155 191 209 226 238 248 ]
233: [ 56 75 100 138 152 162 173 176 181 187 206 220 ]
234: [ 2 8 10 16 18 25 28 74 77 86 88 105 106 108 110 115 119 127 171 191 197 214 217 222 235 237 247 ]
235: [ 21 29 40 64 65 79 106 113 137 148 149 150 165 175 176 234 238 239 ]
236: [ 5 14 19 29 47 55 61 95 113 136 143 158 167 188 197 215 216 ]
237: [ 55 63 77 86 93 136 156 160 163 198 234 ]
238: [ 13 45 58 61 71 88 89 105 106 113 146 155 156 160 168 171 185 232 235 245 ]
239: [ 2 8 29 39 40 41 58 63 73 94 114 134 158 173 190 196 235 244 ]
240: [ 16 17 37 96 115 139 157 190 210 220 247 ]
241: [ 39 47 50 53 72 73 78 79 82 83 92 129 146 152 156 205 221 242 ]
242: [ 9 13 52 74 95 101 118 120 135 138 163 165 179 192 241 244 ]
243: [ 13 17 28 34 51 73 114 118 168 195 ]
244: [ 2 8 10 11 24 25 35 51 143 154 239 242 ]
245: [ 34 53 56 64 83 90 135 150 167 174 175 181 185 186 215 238 247 250 ]
246: [ 56 63 127 129 130 158 168 169 171 176 185 186 212 214 247 ]
247: [ 26 28 41 48 54 92 122 125 127 147 160 183 211 216 234 240 245 246 ]
248: [ 10 23 33 74 96 98 105 125 150 153 154 169 176 178 219 229 232 ]
249: [ 26 27 56 87 89 106 110 140 149 151 171 177 231 ]
250: [ 21 29 34 49 59 68 98 105 113 125 128 142 157 160 163 207 220 245 ]
