1: [ 8 28 32 51 67 77 78 81 91 97 105 110 113 128 189 ]
2: [ 3 25 57 58 64 79 112 123 137 151 160 162 181 190 202 217 224 228 ]
3: [ 2 9 12 30 54 63 99 123 131 136 153 175 176 230 ]
4: [ 13 17 19 22 33 53 68 117 121 130 135 148 200 234 239 248 ]
5: [ 37 63 73 114 154 184 204 233 245 ]
6: [ 24 75 80 89 90 106 134 140 155 213 224 226 240 242 247 ]
7: [ 23 61 63 182 187 193 202 205 221 222 ]
8: [ 1 44 53 98 124 142 210 221 225 233 235 ]
9: [ 3 13 23 47 75 128 160 188 195 225 ]
10: [ 53 54 96 99 102 123 156 209 214 ]
11: [ 12 29 46 68 96 99 102 151 204 218 241 250 ]
12: [ 3 11 15 50 57 94 167 175 191 194 199 203 205 237 238 ]
13: [ 4 9 22 23 30 40 57 71 75 90 96 102 114 126 128 132 138 155 160 170 181 190 215 222 230 231 241 ]
14: [ 185 202 ]
15: [ 12 76 78 105 106 112 116 122 124 148 177 184 212 216 235 250 ]
16: [ 34 40 42 61 90 94 102 105 111 142 196 207 209 217 223 226 ]
17: [ 4 22 31 34 37 85 125 132 156 184 189 199 236 237 245 ]
18: [ 30 34 57 75 84 93 114 119 133 139 166 187 199 213 215 223 232 238 242 ]
19: [ 4 20 44 45 68 71 91 100 116 126 155 156 158 160 187 194 235 248 ]
20: [ 19 49 61 74 81 83 93 113 116 145 147 158 182 205 243 ]
21: [ 23 56 69 198 237 ]
22: [ 4 13 17 25 40 61 140 149 150 213 214 216 230 246 ]
23: [ 7 9 13 21 25 34 41 44 51 88 92 99 106 131 132 173 206 207 226 ]
24: [ 6 29 44 51 54 57 70 83 93 97 130 165 180 194 205 236 ]
25: [ 2 22 23 32 44 70 102 112 113 118 126 160 174 193 211 224 239 240 241 247 ]
26: [ 40 79 84 156 160 201 ]
27: [ 113 115 120 121 130 137 170 184 185 197 206 ]
28: [ 1 37 51 81 141 161 165 166 202 ]
29: [ 11 24 48 70 81 83 87 108 112 121 124 132 187 214 216 238 247 ]
30: [ 3 13 18 67 89 92 95 103 115 121 124 149 157 203 236 ]
31: [ 17 34 36 38 83 95 164 173 179 186 189 190 209 211 221 232 244 248 ]
32: [ 1 25 47 48 59 62 142 155 156 167 172 183 186 194 215 223 237 246 ]
33: [ 4 82 104 108 149 160 172 182 187 200 217 ]
34: [ 16 17 18 23 31 45 50 51 70 88 127 132 178 180 186 193 216 244 249 ]
35: [ 47 57 66 72 83 88 111 125 164 175 177 181 213 222 250 ]
36: [ 31 70 97 150 154 160 163 171 175 225 245 ]
37: [ 5 17 28 56 67 137 174 190 195 202 210 231 232 244 ]
38: [ 31 61 70 75 96 101 117 130 152 196 216 249 ]
39: [ 45 51 62 81 113 132 139 141 144 148 153 162 176 182 185 216 218 219 238 240 245 ]
40: [ 13 16 22 26 55 90 100 121 126 130 152 183 188 209 211 221 232 233 ]
41: [ 23 43 57 80 88 93 115 119 142 165 199 224 239 ]
42: [ 16 45 54 103 111 148 153 180 181 190 193 196 221 239 247 ]
43: [ 41 48 58 83 101 115 135 149 151 178 205 207 234 243 ]
44: [ 8 19 23 24 25 63 76 104 113 116 121 142 160 167 170 175 186 189 198 221 225 229 235 ]
45: [ 19 34 39 42 73 95 97 102 110 152 174 177 189 199 212 214 225 235 ]
46: [ 11 52 75 132 138 142 153 188 199 213 226 227 242 ]
47: [ 9 32 35 205 216 ]
48: [ 29 32 43 58 75 79 80 82 89 102 103 114 116 119 122 124 134 139 170 172 176 196 198 229 232 ]
49: [ 20 65 98 100 141 144 175 195 222 231 239 ]
50: [ 12 34 86 87 97 141 148 156 248 ]
51: [ 1 23 24 28 34 39 70 83 93 114 145 167 210 219 231 234 ]
52: [ 46 83 90 95 114 127 128 137 148 230 ]
53: [ 4 8 10 64 74 137 197 198 231 243 ]
54: [ 3 10 24 42 79 88 132 162 ]
55: [ 40 57 69 81 82 89 124 142 155 176 181 ]
56: [ 21 37 94 96 97 103 104 125 135 161 190 197 198 224 226 ]
57: [ 2 12 13 18 24 35 41 55 59 79 81 93 103 112 133 181 182 186 194 200 202 208 ]
58: [ 2 43 48 99 112 125 128 133 156 160 187 200 221 223 231 233 ]
59: [ 32 57 79 83 119 120 138 139 149 ]
60: [ 97 106 121 146 158 193 222 233 ]
61: [ 7 16 20 22 38 68 80 87 97 131 150 159 161 164 175 203 209 210 215 216 230 233 ]
62: [ 32 39 64 74 78 83 88 95 133 172 177 188 200 212 ]
63: [ 3 5 7 44 68 74 111 129 133 137 139 149 184 244 ]
64: [ 2 53 62 70 85 100 106 127 147 187 189 196 206 222 231 235 ]
65: [ 49 70 74 103 104 149 175 177 223 231 ]
66: [ 35 73 76 80 89 137 147 157 176 190 226 230 ]
67: [ 1 30 37 117 130 156 169 189 205 210 214 ]
68: [ 4 11 19 61 63 99 116 121 129 155 169 230 237 ]
69: [ 21 55 77 102 112 175 181 193 197 200 ]
70: [ 24 25 29 34 36 38 51 64 65 80 85 99 133 134 191 192 193 230 234 242 ]
71: [ 13 19 103 116 222 ]
72: [ 35 102 113 114 118 126 203 205 217 232 ]
73: [ 5 45 66 75 101 117 120 124 138 156 158 172 182 184 191 205 ]
74: [ 20 53 62 63 65 102 115 123 135 138 153 183 187 192 214 229 240 ]
75: [ 6 9 13 18 38 46 48 73 86 180 204 213 217 225 242 ]
76: [ 15 44 66 84 124 132 194 196 198 203 204 ]
77: [ 1 69 85 114 170 173 199 200 248 ]
78: [ 1 15 62 95 104 105 113 120 130 140 147 155 170 178 187 195 206 240 245 ]
79: [ 2 26 48 54 57 59 92 113 116 125 131 152 158 168 205 215 216 219 224 227 233 ]
80: [ 6 41 48 61 66 70 86 98 112 150 156 160 187 191 199 201 224 237 249 ]
81: [ 1 20 28 29 39 55 57 84 85 93 97 102 127 131 139 150 151 156 166 173 177 181 184 192 195 211 247 ]
82: [ 33 48 55 92 110 142 155 204 250 ]
83: [ 20 24 29 31 35 43 51 52 59 62 89 97 131 139 154 157 162 166 172 177 203 209 218 223 ]
84: [ 18 26 76 81 116 162 170 215 ]
85: [ 17 64 70 77 81 97 114 125 127 162 170 174 176 203 209 213 214 231 ]
86: [ 50 75 80 99 157 170 178 180 208 214 230 236 ]
87: [ 29 50 61 99 104 108 136 156 170 180 182 192 195 199 202 215 230 232 235 236 238 ]
88: [ 23 34 35 41 54 62 96 102 120 147 175 224 ]
89: [ 6 30 48 55 66 83 133 143 186 204 217 218 ]
90: [ 6 13 16 40 52 127 173 184 185 209 213 ]
91: [ 1 19 100 133 185 193 240 ]
92: [ 23 30 79 82 95 98 101 114 126 140 144 150 201 210 221 224 227 250 ]
93: [ 18 20 24 41 51 57 81 116 117 129 130 147 178 191 205 219 224 230 245 248 ]
94: [ 12 16 56 135 150 166 215 226 ]
95: [ 30 31 45 52 62 78 92 133 177 225 243 ]
96: [ 10 11 13 38 56 88 102 106 120 128 148 150 163 175 181 190 197 204 212 235 240 ]
97: [ 1 24 36 45 50 56 60 61 81 83 85 99 101 129 132 138 139 159 160 178 213 226 245 ]
98: [ 8 49 80 92 151 154 176 183 196 226 229 ]
99: [ 3 10 11 23 58 68 70 86 87 97 106 139 141 142 177 190 224 229 236 242 ]
100: [ 19 40 49 64 91 103 104 106 132 133 137 140 150 164 224 225 245 248 ]
101: [ 38 43 73 92 97 105 113 130 163 189 ]
102: [ 10 11 13 16 25 45 48 69 72 74 81 88 96 126 149 155 165 186 230 ]
103: [ 30 42 48 56 57 65 71 100 116 138 141 149 156 179 200 201 210 223 ]
104: [ 33 44 56 65 78 87 100 126 133 138 139 167 177 187 195 203 205 216 234 ]
105: [ 1 15 16 78 101 133 155 156 165 202 207 230 231 243 246 ]
106: [ 6 15 23 60 64 96 99 100 124 131 171 197 235 243 ]
107: [ 203 216 ]
108: [ 29 33 87 150 212 221 237 ]
109: [ 134 139 169 ]
110: [ 1 45 82 126 159 231 ]
111: [ 16 35 42 63 124 129 152 163 164 170 177 184 199 212 228 ]
112: [ 2 15 25 29 57 58 69 80 139 168 245 ]
113: [ 1 20 25 27 39 44 72 78 79 101 122 164 195 209 213 214 232 ]
114: [ 5 13 18 48 51 52 72 77 85 92 121 123 139 159 176 186 188 191 193 195 198 199 215 ]
115: [ 27 30 41 43 74 150 173 205 241 ]
116: [ 15 19 20 44 48 68 71 79 84 93 103 128 179 190 215 223 238 ]
117: [ 4 38 67 73 93 124 125 142 158 199 211 226 248 ]
118: [ 25 72 124 181 202 209 ]
119: [ 18 41 48 59 171 214 217 ]
120: [ 27 59 73 78 88 96 144 149 160 193 197 199 201 202 233 246 ]
121: [ 4 27 29 30 40 44 60 68 114 123 125 131 132 175 184 186 187 199 216 ]
122: [ 15 48 113 147 202 235 ]
123: [ 2 3 10 74 114 121 131 146 150 155 163 166 171 172 178 190 194 204 206 209 227 231 233 238 ]
124: [ 8 15 29 30 48 55 73 76 106 111 117 118 125 129 131 148 176 203 216 235 240 242 248 ]
125: [ 17 35 56 58 79 85 117 121 124 141 161 170 199 211 221 226 227 234 ]
126: [ 13 19 25 40 72 92 102 104 110 132 138 141 145 148 161 207 241 ]
127: [ 34 52 64 81 85 90 133 143 155 173 178 179 193 197 202 203 211 ]
128: [ 1 9 13 52 58 96 116 135 155 188 240 ]
129: [ 63 68 93 97 111 124 139 146 148 152 154 175 213 229 ]
130: [ 4 24 27 38 40 67 78 93 101 133 144 159 161 190 193 223 ]
131: [ 3 23 61 79 81 83 106 121 123 124 143 187 245 ]
132: [ 13 17 23 29 34 39 46 54 76 97 100 121 126 138 150 213 220 226 238 243 ]
133: [ 18 57 58 62 63 70 89 91 95 100 104 105 127 130 159 160 176 197 225 ]
134: [ 6 48 70 109 143 152 171 172 202 207 244 ]
135: [ 4 43 56 74 94 128 154 156 179 183 242 ]
136: [ 3 87 138 199 203 211 223 ]
137: [ 2 27 37 52 53 63 66 100 138 157 167 169 208 223 227 238 ]
138: [ 13 46 59 73 74 97 103 104 126 132 136 137 140 162 164 174 189 205 237 239 ]
139: [ 18 39 48 59 63 81 83 97 99 104 109 112 114 129 145 150 157 196 199 215 223 225 236 ]
140: [ 6 22 78 92 100 138 141 143 153 157 160 171 204 237 ]
141: [ 28 39 49 50 99 103 125 126 140 143 150 189 217 226 227 ]
142: [ 8 16 32 41 44 46 55 82 99 117 157 175 176 177 186 209 221 223 226 228 230 ]
143: [ 89 127 131 134 140 141 154 160 ]
144: [ 39 49 92 120 130 178 245 ]
145: [ 20 51 126 139 155 196 238 239 ]
146: [ 60 123 129 194 203 207 223 ]
147: [ 20 64 66 78 88 93 122 157 172 195 223 233 239 247 250 ]
148: [ 4 15 39 42 50 52 96 124 126 129 150 151 173 200 216 226 227 240 248 ]
149: [ 22 30 33 43 59 63 65 102 103 120 168 204 217 230 232 248 ]
150: [ 22 36 61 80 81 92 94 96 100 108 115 123 132 139 141 148 152 184 202 224 227 232 ]
151: [ 2 11 43 81 98 148 153 199 208 ]
152: [ 38 40 45 79 111 129 134 150 159 175 185 229 ]
153: [ 3 39 42 46 74 140 151 160 162 165 181 186 187 189 200 234 242 ]
154: [ 5 36 83 98 129 135 143 183 218 249 ]
155: [ 6 13 19 32 55 68 78 82 102 105 123 127 128 145 159 161 164 171 172 199 213 223 225 246 247 ]
156: [ 10 17 19 26 32 50 58 67 73 80 81 87 103 105 135 184 193 200 216 230 241 245 ]
157: [ 30 66 83 86 137 139 140 142 147 170 185 193 201 212 222 224 239 245 ]
158: [ 19 20 60 73 79 117 190 243 ]
159: [ 61 97 110 114 130 133 152 155 171 181 184 239 ]
160: [ 2 9 13 19 25 26 33 36 44 58 80 97 120 133 140 143 153 174 185 189 196 224 242 ]
161: [ 28 56 61 125 126 130 155 164 170 181 209 232 ]
162: [ 2 39 54 83 84 85 138 153 174 186 193 198 223 229 244 ]
163: [ 36 96 101 111 123 218 ]
164: [ 31 35 61 100 111 113 138 155 161 178 195 219 240 250 ]
165: [ 24 28 41 102 105 153 208 ]
166: [ 18 28 81 83 94 123 179 184 234 235 ]
167: [ 12 32 44 51 104 137 181 205 244 ]
168: [ 79 112 149 200 212 ]
169: [ 67 68 109 137 182 206 209 219 ]
170: [ 13 27 44 48 77 78 84 85 86 87 111 125 157 161 172 179 186 192 193 203 211 213 221 227 239 244 246 ]
171: [ 36 106 119 123 134 140 155 159 183 201 213 215 242 243 ]
172: [ 32 33 48 62 73 83 123 134 147 155 170 186 242 ]
173: [ 23 31 77 81 90 115 127 148 186 203 222 232 235 243 ]
174: [ 25 37 45 85 138 160 162 237 ]
175: [ 3 12 35 36 44 49 61 65 69 88 96 121 129 142 152 ]
176: [ 3 39 48 55 66 85 98 114 124 133 142 178 195 ]
177: [ 15 35 45 62 65 81 83 95 99 104 111 142 181 189 225 247 ]
178: [ 34 43 78 86 93 97 123 127 144 164 176 194 213 221 241 ]
179: [ 31 103 116 127 135 166 170 182 185 223 250 ]
180: [ 24 34 42 75 86 87 199 243 ]
181: [ 2 13 35 42 55 57 69 81 96 118 153 159 161 167 177 186 200 219 225 ]
182: [ 7 20 33 39 57 73 87 169 179 198 203 210 220 221 224 233 243 ]
183: [ 32 40 74 98 135 154 171 199 230 240 ]
184: [ 5 15 17 27 63 73 81 90 111 121 150 156 159 166 194 195 202 217 227 230 231 241 ]
185: [ 14 27 39 90 91 152 157 160 179 202 204 215 239 ]
186: [ 31 32 34 44 57 89 102 114 121 142 153 162 170 172 173 181 215 229 241 ]
187: [ 7 18 19 29 33 58 64 74 78 80 104 121 131 153 190 195 201 220 222 225 227 ]
188: [ 9 40 46 62 114 128 205 208 216 229 ]
189: [ 1 17 31 44 45 64 67 101 138 141 153 160 177 208 217 222 229 234 248 ]
190: [ 2 13 31 37 42 56 66 96 99 116 123 130 158 187 201 206 223 234 243 ]
191: [ 12 70 73 80 93 114 195 ]
192: [ 70 74 81 87 170 221 ]
193: [ 7 25 34 42 60 69 70 91 114 120 127 130 156 157 162 170 216 248 ]
194: [ 12 19 24 32 57 76 123 146 178 184 223 225 ]
195: [ 9 37 49 78 81 87 104 113 114 147 164 176 184 187 191 208 228 ]
196: [ 16 38 42 48 64 76 98 139 145 160 247 250 ]
197: [ 27 53 56 69 96 106 120 127 133 215 222 231 239 245 ]
198: [ 21 44 48 53 56 76 114 162 182 203 219 236 ]
199: [ 12 17 18 41 45 46 77 80 87 111 114 117 120 121 125 136 139 151 155 180 183 215 225 238 245 ]
200: [ 4 33 57 58 62 69 77 103 148 153 156 168 181 223 240 ]
201: [ 26 80 92 103 120 157 171 187 190 217 ]
202: [ 2 7 14 28 37 57 87 105 118 120 122 127 134 150 184 185 207 225 240 ]
203: [ 12 30 61 72 76 83 85 104 107 124 127 136 146 170 173 182 198 216 223 ]
204: [ 5 11 75 76 82 89 96 123 140 149 185 207 213 220 227 230 244 ]
205: [ 7 12 20 24 43 47 67 72 73 79 93 104 115 138 167 188 223 243 250 ]
206: [ 23 27 64 78 123 169 190 226 232 234 247 ]
207: [ 16 23 43 105 126 134 146 202 204 217 248 ]
208: [ 57 86 137 151 165 188 189 195 213 226 ]
209: [ 10 16 31 40 61 83 85 90 113 118 123 142 161 169 223 240 ]
210: [ 8 37 51 61 67 92 103 182 ]
211: [ 25 31 40 81 117 125 127 136 170 245 ]
212: [ 15 45 62 96 108 111 157 168 236 ]
213: [ 6 18 22 35 46 75 85 90 97 113 129 132 155 170 171 178 204 208 225 239 ]
214: [ 10 22 29 45 67 74 85 86 113 119 217 ]
215: [ 13 18 32 61 79 84 87 94 114 116 139 171 185 186 197 199 234 243 ]
216: [ 15 22 29 34 38 39 47 61 79 104 107 121 124 148 156 188 193 203 218 229 233 235 ]
217: [ 2 16 33 72 75 89 119 141 149 184 189 201 207 214 231 ]
218: [ 11 39 83 89 154 163 216 237 250 ]
219: [ 39 51 79 93 164 169 181 198 240 ]
220: [ 132 182 187 204 ]
221: [ 7 8 31 40 42 44 58 92 108 125 142 170 178 182 192 243 250 ]
222: [ 7 13 35 49 60 64 71 157 173 187 189 197 223 238 246 ]
223: [ 16 18 32 58 65 83 103 116 130 136 137 139 142 146 147 155 162 179 190 194 200 203 205 209 222 225 226 243 ]
224: [ 2 6 25 41 56 79 80 88 92 93 99 100 150 157 160 182 244 ]
225: [ 8 9 36 44 45 75 95 100 133 139 155 177 181 187 194 199 202 213 223 ]
226: [ 6 16 23 46 56 66 94 97 98 117 125 132 141 142 148 206 208 223 239 241 ]
227: [ 46 79 92 123 125 137 141 148 150 170 184 187 204 228 232 238 ]
228: [ 2 111 142 195 227 ]
229: [ 44 48 74 98 99 129 152 162 186 188 189 216 ]
230: [ 3 13 22 52 61 66 68 70 86 87 93 102 105 142 149 156 183 184 204 232 237 239 243 ]
231: [ 13 37 49 51 53 58 64 65 85 105 110 123 184 197 217 239 ]
232: [ 18 31 37 40 48 72 87 113 149 150 161 173 206 227 230 240 241 247 ]
233: [ 5 8 40 58 60 61 79 120 123 147 182 216 248 ]
234: [ 4 43 51 70 104 125 153 166 189 190 206 215 ]
235: [ 8 15 19 44 45 64 87 96 106 122 124 166 173 216 ]
236: [ 17 24 30 86 87 99 139 198 212 ]
237: [ 12 17 21 32 68 80 108 138 140 174 218 230 ]
238: [ 12 18 29 39 87 116 123 132 137 145 199 222 227 245 ]
239: [ 4 25 41 42 49 138 145 147 157 159 170 185 197 213 226 230 231 ]
240: [ 6 25 39 74 78 91 96 124 128 148 164 183 200 202 209 219 232 ]
241: [ 11 13 25 115 126 156 178 184 186 226 232 ]
242: [ 6 18 46 70 75 99 124 135 153 160 171 172 ]
243: [ 20 43 53 95 105 106 132 158 171 173 180 182 190 205 215 221 223 230 ]
244: [ 31 34 37 63 134 162 167 170 204 224 ]
245: [ 5 17 36 39 78 93 97 100 112 131 144 156 157 197 199 211 238 ]
246: [ 22 32 105 120 155 170 222 ]
247: [ 6 25 29 42 81 147 155 177 196 206 232 ]
248: [ 4 19 31 50 77 93 100 117 124 148 149 189 193 207 233 ]
249: [ 34 38 80 154 ]
250: [ 11 15 35 82 92 147 164 179 196 205 218 221 ]
