1: [ 6 10 14 33 39 44 53 111 120 128 129 158 166 233 ]
2: [ 31 48 54 67 101 102 150 ]
3: [ 59 64 86 117 125 137 147 218 235 246 ]
4: [ 25 29 69 70 73 114 116 146 162 211 215 233 236 247 ]
5: [ 8 16 30 40 62 74 101 106 111 113 118 121 127 148 179 185 201 209 219 224 ]
6: [ 1 14 22 63 66 73 79 83 106 131 135 139 158 203 212 218 228 247 ]
7: [ 12 28 69 101 108 114 139 149 196 214 233 246 ]
8: [ 5 43 68 75 90 100 109 115 132 145 177 186 188 226 232 ]
9: [ 30 55 72 135 141 167 212 222 225 248 ]
10: [ 1 29 30 64 68 95 122 156 188 ]
11: [ 15 26 63 80 86 96 100 110 127 164 182 224 ]
12: [ 7 16 36 45 62 69 77 78 85 125 173 181 184 213 ]
13: [ 68 89 95 96 125 157 231 239 ]
14: [ 1 6 26 29 38 62 64 76 80 107 120 152 155 165 190 214 218 240 ]
15: [ 11 77 91 102 216 219 224 231 242 ]
16: [ 5 12 26 41 42 57 63 86 104 108 110 140 175 ]
17: [ 100 102 119 201 212 232 ]
18: [ 38 45 52 63 75 78 90 94 109 114 123 139 141 154 164 169 170 173 178 187 191 248 ]
19: [ 20 45 76 81 84 110 139 184 225 230 247 ]
20: [ 19 63 82 84 105 237 246 ]
21: [ 62 63 67 74 98 100 108 124 158 160 162 173 184 193 194 198 213 215 234 235 243 ]
22: [ 6 35 46 78 84 169 238 ]
23: [ 35 43 45 79 181 212 213 221 234 235 ]
24: [ 139 174 182 209 225 243 ]
25: [ 4 74 84 97 100 118 120 148 160 180 184 192 196 209 221 226 230 ]
26: [ 11 14 16 58 61 73 87 93 100 102 108 118 124 174 175 180 186 196 199 202 246 ]
27: [ 29 59 62 89 100 111 117 124 163 196 245 ]
28: [ 7 45 82 147 167 184 187 234 241 ]
29: [ 4 10 14 27 106 158 ]
30: [ 5 9 10 37 54 70 71 119 157 159 181 213 223 225 232 245 247 ]
31: [ 2 68 115 221 237 ]
32: [ 39 222 231 ]
33: [ 1 45 48 73 75 97 109 110 130 139 145 156 161 163 177 196 197 204 208 223 228 231 ]
34: [ 38 87 99 147 180 181 208 211 215 224 230 246 ]
35: [ 22 23 41 60 86 93 94 97 100 106 138 142 143 176 183 193 200 230 237 ]
36: [ 12 40 112 114 116 122 132 133 148 153 157 172 182 187 218 221 ]
37: [ 30 43 53 74 75 76 78 97 100 102 105 108 115 118 137 143 163 164 168 228 236 ]
38: [ 14 18 34 71 112 154 167 ]
39: [ 1 32 84 96 109 112 127 175 178 187 188 198 210 215 232 233 235 ]
40: [ 5 36 43 48 80 93 145 168 172 183 200 229 235 239 245 ]
41: [ 16 35 79 112 114 116 152 168 204 211 219 224 246 250 ]
42: [ 16 74 94 96 100 108 166 169 172 183 192 199 221 233 242 ]
43: [ 8 23 37 40 95 98 107 112 113 133 170 171 210 238 ]
44: [ 1 70 84 90 97 98 101 188 192 209 221 229 235 247 ]
45: [ 12 18 19 23 28 33 59 60 69 88 124 147 150 158 175 178 187 204 217 222 238 ]
46: [ 22 73 76 78 86 102 130 133 164 168 170 205 233 ]
47: [ 62 63 72 108 118 152 186 192 ]
48: [ 2 33 40 50 57 68 88 104 106 107 129 137 141 183 196 217 249 ]
49: [ 52 71 95 98 109 155 170 182 186 189 233 248 ]
50: [ 48 74 91 112 117 141 167 215 216 221 233 ]
51: [ 65 68 79 103 148 154 ]
52: [ 18 49 69 70 75 77 97 101 102 108 129 146 152 185 202 215 230 ]
53: [ 1 37 54 67 73 74 76 102 140 173 215 216 250 ]
54: [ 2 30 53 114 128 169 199 ]
55: [ 9 70 73 80 86 93 125 126 140 158 169 174 175 190 205 210 220 246 ]
56: [ 69 133 138 150 207 220 230 244 ]
57: [ 16 48 139 152 166 218 219 247 ]
58: [ 26 69 97 112 118 158 183 226 ]
59: [ 3 27 45 77 84 108 110 124 143 182 200 214 237 246 ]
60: [ 35 45 95 126 136 137 144 152 198 220 223 ]
61: [ 26 88 92 106 118 143 155 167 198 206 ]
62: [ 5 12 14 21 27 47 66 67 68 75 76 103 119 169 219 232 238 243 245 247 ]
63: [ 6 11 16 18 20 21 47 81 82 94 123 196 203 249 ]
64: [ 3 10 14 68 76 113 124 140 161 164 167 196 203 215 236 245 ]
65: [ 51 90 105 126 150 164 178 205 214 233 ]
66: [ 6 62 71 76 96 107 110 128 152 169 173 223 225 240 249 250 ]
67: [ 2 21 53 62 110 127 140 152 160 218 220 235 238 ]
68: [ 8 10 13 31 48 51 62 64 87 130 138 139 158 168 177 189 200 215 221 222 232 ]
69: [ 4 7 12 45 52 56 58 73 74 103 123 152 154 165 167 201 245 ]
70: [ 4 30 44 52 55 75 79 90 95 102 111 130 146 150 168 184 195 210 212 236 240 246 ]
71: [ 30 38 49 66 119 123 136 169 197 222 ]
72: [ 9 47 82 111 117 141 169 172 203 207 225 239 ]
73: [ 4 6 26 33 46 53 55 69 102 113 125 132 143 144 149 164 168 172 189 205 216 230 242 ]
74: [ 5 21 25 37 42 50 53 69 75 78 104 123 132 135 140 141 149 169 173 176 203 216 217 222 227 230 246 ]
75: [ 8 18 33 37 52 62 70 74 88 137 183 187 196 203 206 239 244 ]
76: [ 14 19 37 46 53 62 64 66 82 104 129 163 180 207 239 245 ]
77: [ 12 15 52 59 101 103 105 212 215 223 232 236 246 ]
78: [ 12 18 22 37 46 74 81 96 101 105 125 171 184 193 230 237 240 ]
79: [ 6 23 41 51 70 81 98 124 134 144 159 171 175 186 192 196 207 235 246 ]
80: [ 11 14 40 55 84 92 93 123 140 196 ]
81: [ 19 63 78 79 113 212 241 245 ]
82: [ 20 28 63 72 76 92 111 129 139 159 171 182 190 198 224 228 232 236 237 ]
83: [ 6 95 ]
84: [ 19 20 22 25 39 44 59 80 92 101 108 110 145 153 157 180 200 210 215 219 220 222 229 232 246 ]
85: [ 12 98 100 140 149 192 194 196 217 225 250 ]
86: [ 3 11 16 35 46 55 97 138 145 148 169 179 204 219 ]
87: [ 26 34 68 91 99 100 107 116 125 137 141 143 149 175 196 219 234 241 ]
88: [ 45 48 61 75 95 97 138 144 145 163 198 200 222 226 240 ]
89: [ 13 27 104 107 112 116 120 141 ]
90: [ 8 18 44 65 70 104 124 201 212 231 248 ]
91: [ 15 50 87 107 114 119 122 134 135 152 167 189 219 225 230 246 248 ]
92: [ 61 80 82 84 96 103 109 159 182 213 214 230 231 241 245 ]
93: [ 26 35 40 55 80 140 146 150 158 163 164 177 182 200 210 225 226 235 242 244 247 ]
94: [ 18 35 42 63 117 118 122 136 165 169 195 202 210 213 ]
95: [ 10 13 43 49 60 70 83 88 143 156 181 183 192 205 222 ]
96: [ 11 13 39 42 66 78 92 97 102 104 116 119 152 178 205 214 219 244 250 ]
97: [ 25 33 35 37 44 52 58 86 88 96 105 109 129 133 145 172 194 204 208 229 234 249 ]
98: [ 21 43 44 49 79 85 118 119 139 156 165 187 196 207 218 244 ]
99: [ 34 87 119 211 240 ]
100: [ 8 11 17 21 25 26 27 35 37 42 85 87 101 103 117 128 129 131 135 168 180 215 238 246 ]
101: [ 2 5 7 44 52 77 78 84 100 104 152 154 158 168 169 200 208 217 221 222 232 250 ]
102: [ 2 15 17 26 37 46 52 53 70 73 96 107 154 167 180 189 207 219 222 243 248 ]
103: [ 51 62 69 77 92 100 117 143 171 180 209 225 247 ]
104: [ 16 48 74 76 89 90 96 101 109 112 151 168 171 175 194 199 213 220 ]
105: [ 20 37 65 77 78 97 114 155 166 183 230 ]
106: [ 5 6 29 35 48 61 127 138 139 152 164 168 201 211 ]
107: [ 14 43 48 66 87 89 91 102 109 133 134 139 143 164 241 245 ]
108: [ 7 16 21 26 37 42 47 52 59 84 115 160 162 181 ]
109: [ 8 18 33 39 49 92 97 104 107 110 119 122 127 142 144 152 168 179 201 203 212 216 223 238 ]
110: [ 11 16 19 33 59 66 67 84 109 114 116 168 201 208 212 222 225 228 ]
111: [ 1 5 27 70 72 82 117 121 126 143 145 169 185 197 203 210 214 218 ]
112: [ 36 38 39 41 43 50 58 89 104 116 125 133 136 171 182 184 204 231 242 ]
113: [ 5 43 64 73 81 115 124 166 168 181 192 204 207 213 232 ]
114: [ 4 7 18 36 41 54 91 105 110 117 180 210 223 ]
115: [ 8 31 37 108 113 124 148 152 156 174 177 187 190 197 ]
116: [ 4 36 41 87 89 96 110 112 126 235 247 ]
117: [ 3 27 50 72 94 100 103 111 114 119 123 152 165 166 173 190 214 224 240 ]
118: [ 5 25 26 37 47 58 61 94 98 122 127 175 178 185 186 187 212 226 240 244 248 ]
119: [ 17 30 62 71 91 96 98 99 109 117 138 165 168 178 203 215 239 242 250 ]
120: [ 1 14 25 89 138 165 173 223 239 ]
121: [ 5 111 210 229 232 237 ]
122: [ 10 36 91 94 109 118 173 211 224 236 240 ]
123: [ 18 63 69 71 74 80 117 132 138 143 144 158 176 184 237 ]
124: [ 21 26 27 45 59 64 79 90 113 115 125 153 169 200 202 206 243 ]
125: [ 3 12 13 55 73 78 87 112 124 150 153 155 160 161 170 175 233 234 ]
126: [ 55 60 65 111 116 143 198 200 202 212 249 ]
127: [ 5 11 39 67 106 109 118 131 141 158 164 168 182 196 229 230 234 247 ]
128: [ 1 54 66 100 134 157 177 207 223 243 ]
129: [ 1 48 52 76 82 97 100 150 172 214 215 ]
130: [ 33 46 68 70 161 189 203 218 225 239 248 ]
131: [ 6 100 127 134 160 178 201 210 217 225 ]
132: [ 8 36 73 74 123 136 139 140 156 169 188 189 201 211 213 223 229 ]
133: [ 36 43 46 56 97 107 112 145 151 164 165 216 ]
134: [ 79 91 107 128 131 137 166 170 181 204 213 234 243 249 ]
135: [ 6 9 74 91 100 136 139 147 163 166 189 197 208 242 246 248 ]
136: [ 60 71 94 112 132 135 180 197 215 ]
137: [ 3 37 48 60 75 87 134 141 147 156 161 168 181 210 211 212 233 239 ]
138: [ 35 56 68 86 88 106 119 120 123 148 149 175 185 225 230 ]
139: [ 6 7 18 19 24 33 57 68 82 98 106 107 132 135 140 141 146 188 193 211 230 ]
140: [ 16 53 55 64 67 74 80 85 93 132 139 166 184 197 199 214 247 248 ]
141: [ 9 18 48 50 72 74 87 89 127 137 139 166 171 192 196 209 220 242 ]
142: [ 35 109 176 206 229 247 250 ]
143: [ 35 37 59 61 73 87 95 103 107 111 123 126 149 154 165 170 205 236 238 ]
144: [ 60 73 79 88 109 123 145 158 165 173 220 232 244 ]
145: [ 8 33 40 84 86 88 97 111 133 144 169 203 212 235 248 ]
146: [ 4 52 70 93 139 174 176 180 212 ]
147: [ 3 28 34 45 135 137 152 166 172 197 219 ]
148: [ 5 25 36 51 86 115 138 157 213 215 221 223 ]
149: [ 7 73 74 85 87 138 143 158 166 168 187 202 219 238 247 ]
150: [ 2 45 56 65 70 93 125 129 180 205 210 213 ]
151: [ 104 133 238 ]
152: [ 14 41 47 52 57 60 66 67 69 91 96 101 106 109 115 117 147 162 187 191 207 215 ]
153: [ 36 84 124 125 191 197 211 226 232 238 245 250 ]
154: [ 18 38 51 69 101 102 143 ]
155: [ 14 49 61 105 125 219 234 ]
156: [ 10 33 95 98 115 132 137 177 183 207 212 249 ]
157: [ 13 30 36 84 128 148 201 221 230 231 234 ]
158: [ 1 6 21 29 45 55 58 68 93 101 123 127 144 149 163 170 176 182 186 211 231 236 ]
159: [ 30 79 82 92 210 217 231 240 243 ]
160: [ 21 25 67 108 125 131 220 ]
161: [ 33 64 125 130 137 184 242 ]
162: [ 4 21 108 152 ]
163: [ 27 33 37 76 88 93 135 158 171 173 184 191 220 226 232 ]
164: [ 11 18 37 46 64 65 73 93 106 107 127 133 170 172 175 176 196 203 222 238 241 ]
165: [ 14 69 94 98 117 119 120 133 143 144 167 177 223 244 ]
166: [ 1 42 57 105 113 117 134 135 140 141 147 149 189 190 242 245 248 250 ]
167: [ 9 28 38 50 61 64 69 91 102 165 191 218 222 248 ]
168: [ 37 40 41 46 68 70 73 100 101 104 106 109 110 113 119 127 137 149 196 199 207 221 225 230 243 ]
169: [ 18 22 42 54 55 62 66 71 72 74 86 94 101 111 124 132 145 199 229 235 241 ]
170: [ 18 43 46 49 125 134 143 158 164 174 214 ]
171: [ 43 78 79 82 103 104 112 141 163 207 214 219 221 243 ]
172: [ 36 40 42 72 73 97 129 147 164 184 199 207 224 242 ]
173: [ 12 18 21 53 66 74 117 120 122 144 163 177 184 189 200 225 ]
174: [ 24 26 55 115 146 170 177 182 187 205 232 247 ]
175: [ 16 26 39 45 55 79 87 104 118 125 138 164 188 203 211 222 226 244 247 ]
176: [ 35 74 123 142 146 158 164 ]
177: [ 8 33 68 93 115 128 156 165 173 174 183 192 248 ]
178: [ 18 39 45 65 96 118 119 131 191 217 221 222 ]
179: [ 5 86 109 183 222 ]
180: [ 25 26 34 76 84 100 102 103 114 136 146 150 197 199 215 221 224 230 233 240 245 247 ]
181: [ 12 23 30 34 95 108 113 134 137 185 198 249 ]
182: [ 11 24 36 49 59 82 92 93 112 127 158 174 227 234 ]
183: [ 35 40 42 48 58 75 95 105 156 177 179 196 199 200 204 214 215 220 242 250 ]
184: [ 12 19 21 25 28 70 78 112 123 140 161 163 172 173 207 210 234 236 ]
185: [ 5 52 111 118 138 181 188 199 217 ]
186: [ 8 26 47 49 79 118 158 203 207 217 232 244 248 250 ]
187: [ 18 28 36 39 45 75 98 115 118 149 152 174 192 205 223 224 ]
188: [ 8 10 39 44 132 139 175 185 192 233 236 237 246 250 ]
189: [ 49 68 73 91 102 130 132 135 166 173 246 ]
190: [ 14 55 82 115 117 166 209 211 218 233 245 ]
191: [ 18 152 153 163 167 178 246 ]
192: [ 25 42 44 47 79 85 95 113 141 177 187 188 219 223 224 235 238 ]
193: [ 21 35 78 139 219 230 ]
194: [ 21 85 97 104 216 232 ]
195: [ 70 94 196 199 202 207 233 ]
196: [ 7 25 26 27 33 48 63 64 75 79 80 85 87 98 127 141 164 168 183 195 204 209 232 ]
197: [ 33 71 111 115 135 136 140 147 153 180 199 204 205 207 210 220 240 ]
198: [ 21 39 60 61 82 88 126 181 217 247 ]
199: [ 26 42 54 104 140 168 169 172 180 183 185 195 197 203 209 231 239 243 244 ]
200: [ 35 40 59 68 84 88 93 101 124 126 173 183 225 ]
201: [ 5 17 69 90 106 109 110 131 132 157 207 223 233 245 ]
202: [ 26 52 94 124 126 149 195 231 ]
203: [ 6 63 64 72 74 75 109 111 119 130 145 164 175 186 199 218 223 ]
204: [ 33 41 45 86 97 112 113 134 183 196 197 239 ]
205: [ 46 55 65 73 95 96 143 150 174 187 197 215 220 223 231 239 ]
206: [ 61 75 124 142 247 248 ]
207: [ 56 72 76 79 98 102 113 128 152 156 168 171 172 184 186 195 197 201 217 222 245 246 ]
208: [ 33 34 97 101 110 135 ]
209: [ 5 24 25 44 103 141 190 196 199 219 223 234 ]
210: [ 39 43 55 70 84 93 94 111 114 121 131 137 150 159 184 197 235 243 250 ]
211: [ 4 34 41 99 106 122 132 137 139 153 158 175 190 224 239 ]
212: [ 6 9 17 23 70 77 81 90 109 110 118 126 137 145 146 156 244 ]
213: [ 12 21 23 30 92 94 104 113 132 134 148 150 238 ]
214: [ 7 14 59 65 92 96 111 117 129 140 170 171 183 225 232 244 ]
215: [ 4 21 34 39 50 52 53 64 68 77 84 100 119 129 136 148 152 180 183 205 219 235 247 ]
216: [ 15 50 53 73 74 109 133 194 218 248 ]
217: [ 45 48 74 85 101 131 159 178 185 186 198 207 245 ]
218: [ 3 6 14 36 57 67 98 111 130 167 190 203 216 243 ]
219: [ 5 15 41 57 62 84 86 87 91 96 102 147 149 155 171 192 193 209 215 223 238 243 247 ]
220: [ 55 56 60 67 84 104 141 144 160 163 183 197 205 223 250 ]
221: [ 23 25 31 36 42 44 50 68 101 148 157 168 171 178 180 224 234 ]
222: [ 9 32 45 68 71 74 84 88 95 101 102 110 164 167 175 178 179 207 224 230 ]
223: [ 30 33 60 66 77 109 114 120 128 132 148 165 187 192 201 203 205 209 219 220 227 239 245 ]
224: [ 5 11 15 34 41 82 117 122 172 180 187 192 211 221 222 230 233 234 ]
225: [ 9 19 24 30 66 72 85 91 93 103 110 130 131 138 168 173 200 214 246 247 ]
226: [ 8 25 58 88 93 118 153 163 175 239 ]
227: [ 74 182 223 238 249 ]
228: [ 6 33 37 82 110 ]
229: [ 40 44 84 97 121 127 132 142 169 230 236 239 ]
230: [ 19 25 34 35 52 56 73 74 78 91 92 105 127 138 139 157 168 180 193 222 224 229 235 ]
231: [ 13 15 32 33 90 92 112 157 158 159 199 202 205 247 ]
232: [ 8 17 30 39 62 68 77 82 84 101 113 121 144 153 163 174 186 194 196 214 238 ]
233: [ 1 4 7 39 42 46 49 50 65 125 137 180 188 190 195 201 224 ]
234: [ 21 23 28 87 97 125 127 134 155 157 182 184 209 221 224 239 ]
235: [ 3 21 23 39 40 44 67 79 93 116 145 169 192 210 215 230 ]
236: [ 4 37 64 70 77 82 122 143 158 184 188 229 ]
237: [ 20 31 35 59 78 82 121 123 188 ]
238: [ 22 43 45 62 67 100 109 143 149 151 153 164 192 213 219 227 232 242 245 ]
239: [ 13 40 72 75 76 119 120 130 137 199 204 205 211 223 226 229 234 ]
240: [ 14 66 70 78 88 99 117 118 122 159 180 197 245 246 248 ]
241: [ 28 81 87 92 107 164 169 243 245 ]
242: [ 15 42 73 93 112 119 135 141 161 166 172 183 238 244 ]
243: [ 21 24 62 102 124 128 134 159 168 171 199 210 218 219 241 245 ]
244: [ 56 75 93 96 98 118 144 165 175 186 199 212 214 242 ]
245: [ 27 30 40 62 64 69 76 81 92 107 153 166 180 190 201 207 217 223 238 240 241 243 ]
246: [ 3 7 20 26 34 41 55 59 70 74 77 79 84 91 100 135 188 189 191 207 225 240 250 ]
247: [ 4 6 19 30 44 57 62 93 103 116 127 140 142 149 174 175 180 198 206 215 219 225 231 ]
248: [ 9 18 49 90 91 102 118 130 135 140 145 166 167 177 186 206 216 240 ]
249: [ 48 63 66 97 126 134 156 181 227 ]
250: [ 41 53 66 85 96 101 119 142 153 166 183 186 188 210 220 246 ]
