1: [ 10 20 93 116 117 134 163 181 200 202 223 232 236 ]
2: [ 7 42 56 57 58 65 68 72 93 131 135 143 163 174 179 189 196 206 219 223 232 249 250 ]
3: [ 7 25 160 183 210 227 ]
4: [ 24 34 68 73 86 104 138 147 154 178 195 201 214 228 ]
5: [ 29 33 39 51 121 128 140 156 159 190 201 ]
6: [ 8 71 75 87 90 94 108 117 121 128 130 158 160 188 190 ]
7: [ 2 3 18 24 62 68 82 100 113 122 127 173 175 183 190 206 242 ]
8: [ 6 9 41 65 123 156 164 165 173 176 182 230 241 246 249 ]
9: [ 8 24 57 65 93 104 123 134 179 242 246 ]
10: [ 1 13 37 79 88 90 96 98 106 127 170 211 217 220 ]
11: [ 39 61 93 103 132 160 203 208 ]
12: [ 21 39 53 98 120 160 178 195 210 ]
13: [ 10 20 115 124 144 154 168 178 185 214 215 225 ]
14: [ 25 40 89 94 121 139 148 197 203 223 230 235 ]
15: [ 31 46 70 81 89 92 132 139 144 148 149 182 196 ]
16: [ 46 74 77 105 120 181 190 191 201 ]
17: [ 38 55 80 114 151 178 181 212 215 243 ]
18: [ 7 53 58 76 133 161 162 196 210 ]
19: [ 23 26 31 64 66 74 85 91 102 109 155 175 200 205 212 235 ]
20: [ 1 13 43 44 53 54 58 61 83 116 120 132 139 177 194 198 223 ]
21: [ 12 71 77 83 87 96 127 170 196 206 222 243 246 ]
22: [ 28 78 84 91 92 144 171 206 209 247 ]
23: [ 19 34 35 53 54 63 98 104 105 131 153 175 177 191 ]
24: [ 4 7 9 34 88 102 103 108 137 160 166 167 177 204 207 220 222 238 246 ]
25: [ 3 14 53 54 79 87 88 92 93 114 140 153 167 189 230 ]
26: [ 19 76 94 104 108 123 163 168 174 191 206 210 225 237 ]
27: [ 74 182 219 ]
28: [ 22 50 70 71 73 74 106 109 159 172 224 225 245 ]
29: [ 5 44 55 58 76 92 124 127 149 ]
30: [ 36 37 45 55 91 100 144 147 167 197 198 ]
31: [ 15 19 49 77 78 90 105 126 155 200 214 226 231 236 ]
32: [ 44 51 60 113 169 178 182 186 199 205 217 ]
33: [ 5 36 53 65 162 175 228 ]
34: [ 4 23 24 70 112 125 141 143 144 157 167 173 175 179 188 190 222 228 246 ]
35: [ 23 87 130 154 162 168 169 184 186 195 198 247 ]
36: [ 30 33 74 75 101 108 113 119 122 128 188 191 235 238 ]
37: [ 10 30 122 140 149 150 206 ]
38: [ 17 61 75 85 102 115 122 150 158 169 170 181 218 241 ]
39: [ 5 11 12 49 56 57 65 76 79 98 129 141 152 160 207 226 249 ]
40: [ 14 67 70 91 102 105 148 151 181 205 241 ]
41: [ 8 116 129 150 186 207 241 248 ]
42: [ 2 72 91 94 101 108 131 134 146 160 164 168 175 177 194 195 198 204 212 232 236 241 245 250 ]
43: [ 20 64 83 86 94 132 134 145 155 176 188 240 ]
44: [ 20 29 32 49 52 53 64 70 96 112 173 175 179 181 ]
45: [ 30 47 51 53 58 80 117 158 169 184 192 203 234 ]
46: [ 15 16 59 89 141 145 175 236 ]
47: [ 45 55 77 90 95 98 103 119 125 145 194 210 217 222 246 ]
48: [ 68 76 78 90 99 113 114 122 136 180 249 ]
49: [ 31 39 44 84 94 98 108 117 160 175 176 184 205 209 217 220 223 ]
50: [ 28 51 106 108 130 133 135 194 234 ]
51: [ 5 32 45 50 65 74 106 116 131 144 170 177 187 206 220 223 249 250 ]
52: [ 44 146 163 207 224 247 ]
53: [ 12 18 20 23 25 33 44 45 62 66 75 104 111 117 122 123 199 207 ]
54: [ 20 23 25 56 62 71 122 145 163 173 189 218 225 232 249 ]
55: [ 17 29 30 47 57 58 64 65 68 85 86 132 142 167 206 209 210 215 225 246 ]
56: [ 2 39 54 61 77 81 93 108 109 110 112 115 117 118 123 124 145 178 184 191 192 204 242 250 ]
57: [ 2 9 39 55 62 78 86 93 115 122 131 134 136 143 199 235 ]
58: [ 2 18 20 29 45 55 61 64 90 107 109 122 126 127 131 137 157 163 170 185 200 219 239 ]
59: [ 46 85 99 124 166 171 186 199 223 ]
60: [ 32 78 83 184 193 199 201 224 232 244 249 ]
61: [ 11 20 38 56 58 94 134 148 209 215 238 ]
62: [ 7 53 54 57 71 81 99 100 126 127 141 144 164 165 167 175 179 180 216 223 ]
63: [ 23 79 178 200 209 ]
64: [ 19 43 44 55 58 75 107 108 140 147 215 230 ]
65: [ 2 8 9 33 39 51 55 73 119 125 127 141 144 160 171 176 181 232 ]
66: [ 19 53 67 112 127 135 144 155 200 235 238 ]
67: [ 40 66 87 99 104 105 121 162 169 250 ]
68: [ 2 4 7 48 55 73 75 102 116 117 131 132 133 159 160 161 199 201 208 213 221 ]
69: [ 98 106 167 185 201 227 248 ]
70: [ 15 28 34 40 44 90 108 114 154 171 177 184 185 191 210 219 246 ]
71: [ 6 21 28 54 62 77 83 93 102 117 141 144 157 205 210 218 ]
72: [ 2 42 74 77 83 113 128 139 147 154 221 237 ]
73: [ 4 28 65 68 78 89 95 109 113 132 143 150 178 179 180 191 196 217 247 ]
74: [ 16 19 27 28 36 51 72 92 113 184 220 ]
75: [ 6 36 38 53 64 68 98 102 133 140 160 163 171 195 217 218 237 248 ]
76: [ 18 26 29 39 48 77 117 138 140 158 165 166 181 194 229 235 249 ]
77: [ 16 21 31 47 56 71 72 76 83 90 110 123 124 129 133 139 151 158 182 187 189 190 220 235 240 243 ]
78: [ 22 31 48 57 60 73 88 106 118 120 124 137 141 212 219 247 ]
79: [ 10 25 39 63 87 88 103 143 151 162 170 202 227 ]
80: [ 17 45 89 90 144 150 152 156 161 162 172 173 175 200 206 215 216 220 238 ]
81: [ 15 56 62 142 170 191 227 245 ]
82: [ 7 127 131 132 135 146 238 ]
83: [ 20 21 43 60 71 72 77 109 127 147 156 161 170 194 206 ]
84: [ 22 49 89 91 95 127 147 157 217 222 232 248 249 ]
85: [ 19 38 55 59 167 195 225 ]
86: [ 4 43 55 57 107 108 113 191 197 201 228 232 ]
87: [ 6 21 25 35 67 79 92 95 114 128 151 171 191 ]
88: [ 10 24 25 78 79 91 97 103 130 148 149 174 177 186 209 ]
89: [ 14 15 46 73 80 84 98 99 100 104 111 137 139 144 151 182 232 237 244 249 ]
90: [ 6 10 31 47 48 58 70 77 80 97 129 148 157 158 163 179 195 201 221 226 ]
91: [ 19 22 30 40 42 84 88 133 188 203 213 218 223 ]
92: [ 15 22 25 29 74 87 94 129 162 173 176 178 180 198 211 215 223 230 243 ]
93: [ 1 2 9 11 25 56 57 71 99 100 104 122 141 156 171 172 207 217 223 238 ]
94: [ 6 14 26 42 43 49 61 92 105 107 132 150 169 176 177 184 186 187 193 214 221 245 ]
95: [ 47 73 84 87 137 150 177 204 205 235 ]
96: [ 10 21 44 144 190 ]
97: [ 88 90 99 133 146 161 212 245 ]
98: [ 10 12 23 39 47 49 69 75 89 109 115 144 145 150 163 190 209 222 225 ]
99: [ 48 59 62 67 89 93 97 101 112 135 140 158 159 176 178 182 189 196 220 228 250 ]
100: [ 7 30 62 89 93 163 173 185 192 232 233 ]
101: [ 36 42 99 114 131 137 141 143 152 161 227 228 ]
102: [ 19 24 38 40 68 71 75 107 120 124 127 134 160 176 179 198 205 227 ]
103: [ 11 24 47 79 88 129 131 132 139 163 185 216 ]
104: [ 4 9 23 26 53 67 89 93 109 117 130 178 182 198 207 214 228 ]
105: [ 16 23 31 40 67 94 129 140 145 158 161 170 190 194 223 238 ]
106: [ 10 28 50 51 69 78 127 146 190 200 223 ]
107: [ 58 64 86 94 102 136 176 193 207 211 ]
108: [ 6 24 26 36 42 49 50 56 64 70 86 115 124 130 164 168 182 200 202 217 223 229 248 249 ]
109: [ 19 28 56 58 73 83 98 104 134 148 153 158 164 179 185 191 192 207 227 248 250 ]
110: [ 56 77 127 181 ]
111: [ 53 89 117 146 148 149 179 197 204 233 237 ]
112: [ 34 44 56 66 99 129 136 163 170 181 187 189 195 221 230 231 240 248 ]
113: [ 7 32 36 48 72 73 74 86 114 128 146 160 168 176 204 222 225 243 244 ]
114: [ 17 25 48 70 87 101 113 127 179 188 226 235 242 ]
115: [ 13 38 56 57 98 108 116 152 193 195 199 218 ]
116: [ 1 20 41 51 68 115 175 191 207 214 245 ]
117: [ 1 6 45 49 53 56 68 71 76 104 111 125 138 147 150 161 178 210 217 219 232 238 249 ]
118: [ 56 78 124 150 160 193 220 ]
119: [ 36 47 65 134 139 140 145 167 215 226 234 ]
120: [ 12 16 20 78 102 122 124 157 171 189 211 216 236 248 249 ]
121: [ 5 6 14 67 133 153 220 221 228 245 ]
122: [ 7 36 37 38 48 53 54 57 58 93 120 124 125 131 139 144 207 220 242 243 247 ]
123: [ 8 9 26 53 56 77 152 154 175 185 227 229 250 ]
124: [ 13 29 56 59 77 78 102 108 118 120 122 145 152 167 200 205 225 234 236 238 ]
125: [ 34 47 65 117 122 128 130 176 179 250 ]
126: [ 31 58 62 132 198 228 ]
127: [ 7 10 21 29 58 62 65 66 82 83 84 102 106 110 114 155 180 193 202 208 214 242 ]
128: [ 5 6 36 72 87 113 125 133 148 150 155 160 219 222 239 ]
129: [ 39 41 77 90 92 103 105 112 196 210 238 ]
130: [ 6 35 50 88 104 108 125 133 158 221 248 ]
131: [ 2 23 42 51 57 58 68 82 101 103 122 140 156 198 ]
132: [ 11 15 20 43 55 68 73 82 94 103 126 133 145 171 173 182 235 236 244 245 ]
133: [ 18 50 68 75 77 91 97 121 128 130 132 173 176 180 190 194 232 238 ]
134: [ 1 9 42 43 57 61 102 109 119 178 181 207 210 ]
135: [ 2 50 66 82 99 148 169 188 208 ]
136: [ 48 57 107 112 138 164 165 171 190 198 212 220 240 ]
137: [ 24 58 78 89 95 101 158 199 247 249 ]
138: [ 4 76 117 136 144 221 ]
139: [ 14 15 20 72 77 89 103 119 122 160 180 247 ]
140: [ 5 25 37 64 75 76 99 105 119 131 152 ]
141: [ 34 39 46 62 65 71 78 93 101 170 199 208 210 212 222 232 246 248 249 ]
142: [ 55 81 222 248 ]
143: [ 2 34 57 73 79 101 178 212 ]
144: [ 13 15 22 30 34 51 62 65 66 71 80 89 96 98 122 138 176 203 228 249 ]
145: [ 43 46 47 54 56 98 105 119 124 132 155 160 181 224 231 246 ]
146: [ 42 52 82 97 106 111 113 198 202 205 207 213 232 240 247 ]
147: [ 4 30 64 72 83 84 117 163 167 185 190 207 208 237 ]
148: [ 14 15 40 61 88 90 109 111 128 135 167 170 178 214 225 ]
149: [ 15 29 37 88 111 150 154 177 188 228 ]
150: [ 37 38 41 73 80 94 95 98 117 118 128 149 161 171 173 174 185 193 204 217 232 234 ]
151: [ 17 40 77 79 87 89 172 173 196 205 233 248 ]
152: [ 39 80 101 115 123 124 140 172 190 205 220 ]
153: [ 23 25 109 121 168 175 204 213 223 240 ]
154: [ 4 13 35 70 72 123 149 156 171 173 194 219 238 ]
155: [ 19 31 43 66 127 128 145 223 228 236 ]
156: [ 5 8 80 83 93 131 154 197 227 ]
157: [ 34 58 71 84 90 120 162 245 248 ]
158: [ 6 38 45 76 77 90 99 105 109 130 137 162 182 196 ]
159: [ 5 28 68 99 ]
160: [ 3 6 11 12 24 39 42 49 65 68 75 102 113 118 128 139 145 169 172 195 197 222 227 242 ]
161: [ 18 68 80 83 97 101 105 117 150 164 192 ]
162: [ 18 33 35 67 79 80 92 157 158 177 189 240 242 ]
163: [ 1 2 26 52 54 58 75 90 98 100 103 112 147 210 223 231 242 ]
164: [ 8 42 62 108 109 136 161 171 175 180 211 ]
165: [ 8 62 76 136 193 208 ]
166: [ 24 59 76 223 ]
167: [ 24 25 30 34 55 62 69 85 119 124 147 148 177 216 218 237 ]
168: [ 13 26 35 42 108 113 153 169 207 210 219 221 226 231 238 ]
169: [ 32 35 38 45 67 94 135 160 168 208 218 250 ]
170: [ 10 21 38 51 58 79 81 83 105 112 141 148 206 223 250 ]
171: [ 22 59 65 70 75 87 93 120 132 136 150 154 164 186 210 224 232 246 ]
172: [ 28 80 93 151 152 160 178 184 195 231 ]
173: [ 7 8 34 44 54 80 92 100 132 133 150 151 154 197 204 205 206 228 246 ]
174: [ 2 26 88 150 203 ]
175: [ 7 19 23 33 34 42 44 46 49 62 80 116 123 153 164 182 188 200 224 230 241 ]
176: [ 8 43 49 65 92 94 99 102 107 113 125 133 144 201 216 235 237 243 ]
177: [ 20 23 24 42 51 70 88 94 95 149 162 167 183 186 208 212 221 230 231 232 239 ]
178: [ 4 12 13 17 32 56 63 73 92 99 104 117 134 143 148 172 180 201 207 210 230 232 ]
179: [ 2 9 34 44 62 73 90 102 109 111 114 125 193 203 242 ]
180: [ 48 62 73 92 127 133 139 164 178 203 205 214 243 ]
181: [ 1 16 17 38 40 44 65 76 110 112 134 145 184 188 198 216 218 222 236 238 ]
182: [ 8 15 27 32 77 89 99 104 108 132 158 175 201 214 225 234 ]
183: [ 3 7 177 209 224 ]
184: [ 35 45 49 56 60 70 74 94 172 181 192 213 243 245 ]
185: [ 13 58 69 70 100 103 109 123 147 150 218 248 ]
186: [ 32 35 41 59 88 94 171 177 198 200 228 242 ]
187: [ 51 77 94 112 230 235 ]
188: [ 6 34 36 43 91 114 135 149 175 181 201 218 238 ]
189: [ 2 25 54 77 99 112 120 162 222 223 238 ]
190: [ 5 6 7 16 34 77 96 98 105 106 133 136 147 152 191 210 222 239 244 ]
191: [ 16 23 26 36 56 70 73 81 86 87 109 116 190 193 205 220 236 ]
192: [ 45 56 100 109 161 184 207 214 217 235 ]
193: [ 60 94 107 115 118 127 150 165 179 191 218 232 233 ]
194: [ 20 42 47 50 76 83 105 133 154 ]
195: [ 4 12 35 42 75 85 90 112 115 160 172 197 200 214 225 236 246 250 ]
196: [ 2 15 18 21 73 99 129 151 158 209 215 218 230 231 236 245 247 ]
197: [ 14 30 86 111 156 160 173 195 214 ]
198: [ 20 30 35 42 92 102 104 126 131 136 146 181 186 208 223 ]
199: [ 32 53 57 59 60 68 115 137 141 210 212 220 222 235 241 242 ]
200: [ 1 19 31 58 63 66 80 106 108 124 175 186 195 ]
201: [ 4 5 16 60 68 69 86 90 176 178 182 188 ]
202: [ 1 79 108 127 146 204 223 240 247 ]
203: [ 11 14 45 91 144 174 179 180 231 ]
204: [ 24 42 56 95 111 113 150 153 173 202 229 ]
205: [ 19 32 40 49 71 95 102 124 146 151 152 173 180 191 209 211 215 236 246 ]
206: [ 2 7 21 22 26 37 51 55 80 83 170 173 221 228 233 ]
207: [ 24 39 41 52 53 93 104 107 109 116 122 134 146 147 168 178 192 218 228 250 ]
208: [ 11 68 127 135 141 147 165 169 177 198 210 235 250 ]
209: [ 22 49 55 61 63 88 98 183 196 205 215 248 ]
210: [ 3 12 18 26 47 55 70 71 117 129 134 141 163 168 171 178 190 199 208 219 224 234 244 ]
211: [ 10 92 107 120 164 205 212 218 ]
212: [ 17 19 42 78 97 136 141 143 177 199 211 215 220 ]
213: [ 68 91 146 153 184 239 ]
214: [ 4 13 31 94 104 116 127 148 180 182 192 195 197 222 227 234 ]
215: [ 13 17 55 61 64 80 92 119 196 205 209 212 233 246 ]
216: [ 62 80 103 120 167 176 181 232 ]
217: [ 10 32 47 49 73 75 84 93 108 117 150 192 219 246 ]
218: [ 38 54 71 75 91 115 167 169 181 185 188 193 196 207 211 ]
219: [ 2 27 58 70 78 117 128 154 168 210 217 ]
220: [ 10 24 49 51 74 77 80 99 118 121 122 136 152 191 199 212 228 249 ]
221: [ 68 72 90 94 112 121 130 138 168 177 206 238 249 ]
222: [ 21 24 34 47 84 98 113 128 141 142 160 181 189 190 199 214 224 247 ]
223: [ 1 2 14 20 49 51 59 62 91 92 93 105 106 108 153 155 163 166 170 189 198 202 226 ]
224: [ 28 52 60 145 171 175 183 210 222 231 ]
225: [ 13 26 28 54 55 85 98 113 124 148 182 195 227 ]
226: [ 31 39 90 114 119 168 223 235 249 ]
227: [ 3 69 79 81 101 102 109 123 156 160 214 225 ]
228: [ 4 33 34 86 99 101 104 121 126 144 149 155 173 186 206 207 220 230 241 ]
229: [ 76 108 123 204 ]
230: [ 8 14 25 64 92 112 175 177 178 187 196 228 ]
231: [ 31 112 145 163 168 172 177 196 203 224 240 242 250 ]
232: [ 1 2 42 54 60 65 84 86 89 100 117 133 141 146 150 171 177 178 193 216 ]
233: [ 100 111 151 193 206 215 234 ]
234: [ 45 50 119 124 150 182 210 214 233 249 ]
235: [ 14 19 36 57 66 76 77 95 114 132 176 187 192 199 208 226 ]
236: [ 1 31 42 46 120 124 132 155 181 191 195 196 205 239 ]
237: [ 26 72 75 89 111 147 167 176 243 250 ]
238: [ 24 36 61 66 80 82 93 105 117 124 129 133 154 168 181 188 189 221 250 ]
239: [ 58 128 177 190 213 236 ]
240: [ 43 77 112 136 146 153 162 202 231 ]
241: [ 8 38 40 41 42 175 199 228 243 249 ]
242: [ 7 9 56 114 122 127 160 162 163 179 186 199 231 ]
243: [ 17 21 77 92 113 122 176 180 184 237 241 ]
244: [ 60 89 113 132 190 210 248 ]
245: [ 28 42 81 94 97 116 121 132 157 184 196 248 ]
246: [ 8 9 21 24 34 47 55 70 141 145 171 173 195 205 215 217 248 ]
247: [ 22 35 52 73 78 122 137 139 146 196 202 222 ]
248: [ 41 69 75 84 108 109 112 120 130 141 142 151 157 185 209 244 245 246 ]
249: [ 2 8 39 48 51 54 60 76 84 89 108 117 120 137 141 144 220 221 226 234 241 ]
250: [ 2 42 51 56 67 99 109 123 125 169 170 195 207 208 231 237 238 ]
