1: [ 2 6 17 21 35 46 48 76 87 109 123 135 137 154 161 186 189 200 214 217 224 225 226 234 238 ]
2: [ 1 32 60 73 80 87 115 116 118 121 128 131 134 137 162 182 184 215 224 238 239 244 ]
3: [ 38 40 65 84 91 171 192 197 202 208 212 226 235 248 ]
4: [ 13 14 22 27 52 88 91 101 143 169 181 188 191 193 230 237 238 ]
5: [ 10 26 28 40 53 75 87 94 101 122 137 152 156 171 211 237 250 ]
6: [ 1 14 35 59 66 76 98 102 118 135 213 217 233 241 242 243 ]
7: [ 33 34 45 48 52 63 69 87 97 135 149 168 ]
8: [ 34 40 50 52 57 70 75 87 122 144 168 183 186 202 205 220 ]
9: [ 32 49 87 129 189 210 217 ]
10: [ 5 25 27 29 30 40 68 78 93 101 109 137 142 144 153 187 197 ]
11: [ 30 41 52 56 98 101 106 122 137 140 168 182 191 196 205 250 ]
12: [ 36 40 58 108 146 176 223 227 248 ]
13: [ 4 23 37 46 54 69 81 107 118 138 141 152 169 177 193 204 217 ]
14: [ 4 6 28 37 62 116 159 168 182 193 225 243 ]
15: [ 27 36 44 49 84 92 106 109 111 142 147 150 164 165 177 184 187 198 204 228 ]
16: [ 24 27 35 36 46 69 108 114 122 139 204 233 243 ]
17: [ 1 70 80 144 171 182 188 208 231 ]
18: [ 22 34 49 110 139 142 151 178 187 201 207 ]
19: [ 52 56 59 76 92 169 174 183 245 ]
20: [ 26 27 31 35 36 49 50 68 91 100 103 105 106 109 122 135 241 ]
21: [ 1 47 53 69 119 143 194 208 249 ]
22: [ 4 18 33 41 49 74 140 210 234 244 245 ]
23: [ 13 59 111 119 122 150 157 206 221 ]
24: [ 16 27 29 41 50 60 77 189 199 240 ]
25: [ 10 26 45 71 72 84 85 143 145 191 195 218 224 232 ]
26: [ 5 20 25 31 38 40 46 49 57 63 73 78 105 138 144 156 172 202 226 228 232 235 ]
27: [ 4 10 15 16 20 24 28 50 56 59 60 61 62 75 76 93 128 129 131 165 180 215 223 232 235 ]
28: [ 5 14 27 37 43 48 62 73 83 98 116 150 184 185 247 ]
29: [ 10 24 30 34 43 48 54 64 80 89 94 113 115 117 131 138 144 162 167 209 211 221 223 ]
30: [ 10 11 29 43 49 107 146 169 245 ]
31: [ 20 26 38 52 57 78 105 133 163 188 192 204 211 230 233 236 ]
32: [ 2 9 40 42 58 62 66 68 109 137 146 158 163 168 181 182 204 223 238 246 ]
33: [ 7 22 41 52 58 99 114 118 126 133 135 143 159 166 181 183 198 202 206 211 215 230 243 ]
34: [ 7 8 18 29 40 48 52 94 102 110 111 135 144 155 160 166 169 199 218 219 240 ]
35: [ 1 6 16 20 61 131 192 198 217 ]
36: [ 12 15 16 20 39 45 46 53 75 106 142 165 171 202 216 233 239 247 ]
37: [ 13 14 28 92 117 229 230 ]
38: [ 3 26 31 39 50 56 57 63 125 130 135 148 151 197 245 ]
39: [ 36 38 47 49 56 60 68 70 71 99 113 120 189 202 219 238 ]
40: [ 3 5 8 10 12 26 32 34 56 58 60 73 103 133 176 195 210 217 229 234 245 ]
41: [ 11 22 24 33 63 64 110 122 158 160 182 189 202 230 231 247 ]
42: [ 32 87 136 139 182 191 ]
43: [ 28 29 30 61 68 76 86 101 114 117 157 184 209 232 ]
44: [ 15 113 114 122 157 158 167 188 238 ]
45: [ 7 25 36 46 51 64 73 92 103 112 132 176 178 183 216 ]
46: [ 1 13 16 26 36 45 71 87 101 128 147 155 156 158 178 187 211 223 236 ]
47: [ 21 39 55 72 78 88 169 190 214 216 227 ]
48: [ 1 7 28 29 34 77 103 119 128 136 139 147 165 188 189 214 226 242 ]
49: [ 9 15 18 20 22 26 30 39 58 88 93 117 119 123 145 176 188 212 235 246 ]
50: [ 8 20 24 27 38 59 75 87 88 104 118 120 124 175 194 195 205 212 226 231 ]
51: [ 45 62 70 84 150 154 246 ]
52: [ 4 7 8 11 19 31 33 34 57 81 92 103 144 158 165 169 202 229 230 231 ]
53: [ 5 21 36 104 183 200 206 247 ]
54: [ 13 29 69 86 120 134 136 179 236 ]
55: [ 47 57 61 71 74 85 88 103 128 131 139 144 156 167 184 208 214 228 242 ]
56: [ 11 19 27 38 39 40 101 109 116 154 165 173 179 180 185 190 192 203 213 229 ]
57: [ 8 26 31 38 52 55 62 110 134 135 149 162 169 189 194 196 212 245 ]
58: [ 12 32 33 40 49 61 64 68 72 78 88 93 118 135 159 162 181 198 206 249 ]
59: [ 6 19 23 27 50 65 73 79 91 99 113 159 166 184 227 244 248 ]
60: [ 2 24 27 39 40 69 71 92 109 111 138 148 150 176 180 189 192 200 204 219 227 ]
61: [ 27 35 43 55 58 62 83 91 100 110 118 119 121 137 138 157 173 183 194 ]
62: [ 14 27 28 32 51 57 61 81 101 102 109 133 135 144 158 186 192 196 231 234 238 250 ]
63: [ 7 26 38 41 70 87 105 108 114 121 150 151 176 177 186 197 199 203 211 236 238 ]
64: [ 29 41 45 58 70 77 83 96 107 108 138 147 166 180 186 194 ]
65: [ 3 59 76 96 104 134 154 171 184 ]
66: [ 6 32 68 112 113 120 160 161 184 186 193 ]
67: [ 72 248 ]
68: [ 10 20 32 39 43 58 66 74 101 119 126 132 138 144 148 168 176 180 218 227 ]
69: [ 7 13 16 21 54 60 106 139 143 151 162 165 174 184 199 220 222 224 236 237 244 ]
70: [ 8 17 39 51 63 64 87 102 118 124 135 151 156 157 172 173 190 234 241 242 244 ]
71: [ 25 39 46 55 60 72 100 101 105 113 160 195 211 213 217 224 228 233 ]
72: [ 25 47 58 67 71 75 84 103 105 117 122 128 144 146 158 171 177 194 208 214 217 223 227 ]
73: [ 2 26 28 40 45 59 82 97 118 130 163 188 203 221 228 229 234 ]
74: [ 22 55 68 134 136 161 181 191 194 198 208 221 ]
75: [ 5 8 27 36 50 72 90 162 167 184 200 209 211 225 ]
76: [ 1 6 19 27 43 65 122 139 145 146 155 158 171 173 182 183 202 209 220 232 ]
77: [ 24 48 64 84 97 100 135 137 152 157 160 170 192 196 218 250 ]
78: [ 10 26 31 47 58 149 166 173 174 178 182 185 192 205 207 233 236 242 ]
79: [ 59 98 102 117 134 162 176 197 210 214 ]
80: [ 2 17 29 108 165 168 205 208 226 244 ]
81: [ 13 52 62 87 151 188 231 ]
82: [ 73 98 102 110 122 136 143 147 193 200 214 222 232 ]
83: [ 28 61 64 87 91 102 105 145 150 171 ]
84: [ 3 15 25 51 72 77 145 147 210 211 221 ]
85: [ 25 55 88 145 209 ]
86: [ 43 54 131 135 172 216 244 246 ]
87: [ 1 2 5 7 8 9 42 46 50 63 70 81 83 108 121 149 165 195 219 224 236 246 ]
88: [ 4 47 49 50 55 58 85 126 172 176 180 206 207 215 234 238 250 ]
89: [ 29 139 184 191 223 236 ]
90: [ 75 175 ]
91: [ 3 4 20 59 61 83 101 102 130 134 164 218 234 ]
92: [ 15 19 37 45 52 60 106 108 109 131 134 140 186 188 189 193 196 204 242 ]
93: [ 10 27 49 58 96 106 112 118 124 145 156 169 171 179 188 189 219 223 227 ]
94: [ 5 29 34 105 127 130 175 192 209 247 ]
95: [ 161 176 186 210 ]
96: [ 64 65 93 112 122 125 132 137 148 159 161 167 177 185 186 188 193 199 237 ]
97: [ 7 73 77 172 202 208 209 210 218 221 230 ]
98: [ 6 11 28 79 82 141 150 157 173 179 223 226 230 ]
99: [ 33 39 59 137 139 162 169 170 188 206 244 ]
100: [ 20 61 71 77 208 231 238 ]
101: [ 4 5 10 11 43 46 56 62 68 71 91 109 110 122 139 153 154 159 171 173 186 232 241 244 248 ]
102: [ 6 34 62 70 79 82 83 91 112 124 153 154 158 161 205 208 209 245 ]
103: [ 20 40 45 48 52 55 72 106 119 121 123 133 149 154 155 197 212 231 ]
104: [ 50 53 65 133 139 150 153 205 209 221 ]
105: [ 20 26 31 63 71 72 83 94 106 110 119 129 140 145 153 178 203 217 227 228 ]
106: [ 11 15 20 36 69 92 93 103 105 117 134 135 139 154 176 178 184 195 234 ]
107: [ 13 30 64 109 187 210 ]
108: [ 12 16 63 64 80 87 92 132 135 152 160 166 188 192 194 215 233 247 ]
109: [ 1 10 15 20 32 56 60 62 92 101 107 120 123 127 139 152 178 208 235 ]
110: [ 18 34 41 57 61 82 101 105 141 181 202 204 233 ]
111: [ 15 23 34 60 125 202 226 237 ]
112: [ 45 66 93 96 102 141 142 146 150 170 209 224 231 ]
113: [ 29 39 44 59 66 71 115 126 144 154 158 159 162 176 189 210 223 231 240 ]
114: [ 16 33 43 44 63 116 129 164 169 ]
115: [ 2 29 113 117 220 236 ]
116: [ 2 14 28 56 114 188 208 ]
117: [ 29 37 43 49 72 79 106 115 118 204 206 216 220 228 241 ]
118: [ 2 6 13 33 50 58 61 70 73 93 117 124 157 174 180 201 ]
119: [ 21 23 48 49 61 68 103 105 124 165 182 214 ]
120: [ 39 50 54 66 109 122 126 137 153 156 165 169 183 187 196 209 210 213 227 231 241 249 ]
121: [ 2 61 63 87 103 125 131 250 ]
122: [ 5 8 11 16 20 23 41 44 72 76 82 96 101 120 141 162 166 199 223 227 229 250 ]
123: [ 1 49 103 109 140 147 176 208 231 ]
124: [ 50 70 93 102 118 119 126 130 184 203 242 247 ]
125: [ 38 96 111 121 194 197 215 221 237 ]
126: [ 33 68 88 113 120 124 128 183 204 227 ]
127: [ 94 109 131 141 147 176 206 217 223 233 ]
128: [ 2 27 46 48 55 72 126 145 146 162 168 173 244 245 248 ]
129: [ 9 27 105 114 130 186 216 223 233 ]
130: [ 38 73 91 94 124 129 159 162 185 187 195 203 210 219 233 ]
131: [ 2 27 29 35 55 86 92 121 127 164 174 235 237 238 247 ]
132: [ 45 68 96 108 168 202 ]
133: [ 31 33 40 62 103 104 146 188 192 196 201 ]
134: [ 2 54 57 65 74 79 91 92 106 151 163 194 206 216 228 237 242 247 ]
135: [ 1 6 7 20 33 34 38 57 58 62 70 77 86 106 108 149 204 229 239 244 246 ]
136: [ 42 48 54 74 82 144 157 158 198 218 221 230 247 ]
137: [ 1 2 5 10 11 32 61 77 96 99 120 147 179 184 194 229 230 234 240 ]
138: [ 13 26 29 60 61 64 68 157 168 180 188 200 239 ]
139: [ 16 18 42 48 55 69 76 89 99 101 104 106 109 150 163 172 191 202 210 229 240 ]
140: [ 11 22 92 105 123 153 158 166 217 ]
141: [ 13 98 110 112 122 127 145 198 232 233 ]
142: [ 10 15 18 36 112 167 177 194 204 205 238 250 ]
143: [ 4 21 25 33 69 82 148 155 161 162 179 189 195 215 221 235 240 249 250 ]
144: [ 8 10 17 26 29 34 52 55 62 68 72 113 136 155 215 231 ]
145: [ 25 49 76 83 84 85 93 105 128 141 162 194 210 223 228 233 235 247 ]
146: [ 12 30 32 72 76 112 128 133 148 154 187 191 199 211 218 231 240 ]
147: [ 15 46 48 64 82 84 123 127 137 149 161 164 174 189 ]
148: [ 38 60 68 96 143 146 215 237 ]
149: [ 7 57 78 87 103 135 147 159 165 169 220 229 238 ]
150: [ 15 23 28 51 60 63 83 98 104 112 139 155 185 196 215 236 244 ]
151: [ 18 38 63 69 70 81 134 168 195 215 227 233 241 ]
152: [ 5 13 77 108 109 ]
153: [ 10 101 102 104 105 120 140 ]
154: [ 1 51 56 65 101 102 103 106 113 146 161 178 182 183 185 191 193 200 205 232 ]
155: [ 34 46 76 103 143 144 150 169 176 202 214 233 ]
156: [ 5 26 46 55 70 93 120 161 199 204 222 ]
157: [ 23 43 44 61 70 77 98 118 136 138 161 169 183 202 211 221 ]
158: [ 32 41 44 46 52 62 72 76 102 113 136 140 162 164 207 230 245 ]
159: [ 14 33 58 59 96 101 113 130 149 162 195 198 209 220 230 234 242 245 ]
160: [ 34 41 66 71 77 108 161 176 185 198 230 ]
161: [ 1 66 74 95 96 102 143 147 154 156 157 160 173 174 176 196 ]
162: [ 2 29 57 58 69 75 79 99 113 122 128 130 143 145 158 159 218 ]
163: [ 31 32 73 134 139 164 179 195 216 217 223 ]
164: [ 15 91 114 131 147 158 163 180 200 204 210 223 235 242 244 ]
165: [ 15 27 36 48 52 56 69 80 87 119 120 149 168 191 205 207 210 ]
166: [ 33 34 59 64 78 108 122 140 170 177 180 195 225 ]
167: [ 29 44 55 75 96 142 173 178 187 221 246 ]
168: [ 7 8 11 14 32 68 80 128 132 138 151 165 188 210 244 ]
169: [ 4 13 19 30 34 47 52 57 93 99 114 120 149 155 157 203 220 223 225 235 ]
170: [ 77 99 112 166 213 215 239 ]
171: [ 3 5 17 36 65 72 76 83 93 101 194 196 207 216 222 245 ]
172: [ 26 70 86 88 97 139 234 ]
173: [ 56 61 70 76 78 98 101 128 161 167 174 179 182 183 187 192 195 209 217 245 ]
174: [ 19 69 78 118 131 147 161 173 181 248 ]
175: [ 50 90 94 184 237 248 ]
176: [ 12 40 45 49 60 63 68 79 88 95 106 113 123 127 155 160 161 179 191 202 241 ]
177: [ 13 15 63 72 96 142 166 206 209 237 ]
178: [ 18 45 46 78 105 106 109 154 167 186 194 195 199 209 212 224 ]
179: [ 54 56 93 98 137 143 163 173 176 190 195 ]
180: [ 27 56 60 64 68 88 118 138 164 166 190 198 204 ]
181: [ 4 32 33 58 74 110 174 182 187 208 231 234 236 ]
182: [ 2 11 14 17 32 41 42 76 78 119 154 173 181 204 211 ]
183: [ 8 19 33 45 53 61 76 120 126 154 157 173 184 188 194 240 243 ]
184: [ 2 15 28 43 55 59 65 66 69 75 89 106 124 137 175 183 186 187 190 199 200 201 210 222 244 ]
185: [ 28 56 78 96 130 150 154 160 214 230 ]
186: [ 1 8 62 63 64 66 92 95 96 101 129 178 184 187 202 240 ]
187: [ 10 15 18 46 107 120 130 146 167 173 181 184 186 197 206 225 238 ]
188: [ 4 17 31 44 48 49 73 81 92 93 96 99 108 116 133 138 168 183 219 220 222 229 236 237 ]
189: [ 1 9 24 39 41 48 57 60 92 93 113 143 147 203 228 242 246 ]
190: [ 47 56 70 179 180 184 223 235 238 248 ]
191: [ 4 11 25 42 74 89 139 146 154 165 176 208 219 229 231 248 ]
192: [ 3 31 35 56 60 62 77 78 94 108 133 173 227 230 242 ]
193: [ 4 13 14 66 82 92 96 154 197 205 210 211 213 237 248 ]
194: [ 21 50 57 61 64 72 74 108 125 134 137 142 145 171 178 183 209 ]
195: [ 25 40 50 71 87 106 130 143 151 159 163 166 173 178 179 209 218 ]
196: [ 11 57 62 77 92 120 133 150 161 171 ]
197: [ 3 10 38 63 79 103 125 187 193 210 229 231 ]
198: [ 15 33 35 58 74 136 141 159 160 180 203 221 238 ]
199: [ 24 34 63 69 96 122 146 156 178 184 209 233 247 ]
200: [ 1 53 60 75 82 138 154 164 184 216 235 250 ]
201: [ 18 118 133 184 ]
202: [ 3 8 26 33 36 39 41 52 76 97 110 111 132 139 155 157 176 186 205 212 219 226 241 ]
203: [ 56 63 73 105 124 130 169 189 198 204 224 250 ]
204: [ 13 15 16 31 32 60 92 110 117 126 135 142 156 164 180 182 203 215 221 230 231 ]
205: [ 8 11 50 78 80 102 104 142 154 165 193 202 237 239 ]
206: [ 23 33 53 58 88 99 117 127 134 177 187 233 ]
207: [ 18 78 88 158 165 171 ]
208: [ 3 17 21 55 72 74 80 97 100 102 109 116 123 181 191 ]
209: [ 29 43 75 76 85 94 97 102 104 112 120 159 173 177 178 194 195 199 213 233 238 ]
210: [ 9 22 40 79 84 95 97 107 113 120 130 139 145 164 165 168 184 193 197 213 226 ]
211: [ 5 29 31 33 46 63 71 75 84 146 157 182 193 213 ]
212: [ 3 49 50 57 103 178 202 ]
213: [ 6 56 71 120 170 193 209 210 211 ]
214: [ 1 47 48 55 72 79 82 119 155 185 236 ]
215: [ 2 27 33 88 108 125 143 144 148 150 151 170 204 222 237 ]
216: [ 36 45 47 86 117 129 134 163 171 200 231 240 ]
217: [ 1 6 9 13 35 40 71 72 105 127 140 163 173 ]
218: [ 25 34 68 77 91 97 136 146 162 195 221 229 245 ]
219: [ 34 39 60 87 93 130 188 191 202 230 250 ]
220: [ 8 69 76 115 117 149 159 169 188 224 226 245 ]
221: [ 23 29 73 74 84 97 104 125 136 143 157 167 198 204 218 235 246 ]
222: [ 69 82 156 171 184 188 215 ]
223: [ 12 27 29 32 46 72 89 93 98 113 122 127 129 145 163 164 169 190 232 ]
224: [ 1 2 25 69 71 87 112 178 203 220 227 228 236 247 248 ]
225: [ 1 14 75 166 169 187 231 ]
226: [ 1 3 26 48 50 80 98 111 202 210 220 235 236 245 ]
227: [ 12 47 59 60 68 72 93 105 120 122 126 151 192 224 228 237 248 ]
228: [ 15 26 55 71 73 105 117 134 145 189 224 227 ]
229: [ 37 40 52 56 73 122 135 137 139 149 188 191 197 218 241 ]
230: [ 4 31 33 37 41 52 97 98 136 137 158 159 160 185 192 204 219 233 237 ]
231: [ 17 41 50 52 62 81 100 103 112 113 120 123 144 146 181 191 197 204 216 225 244 ]
232: [ 25 26 27 43 76 82 101 141 154 223 234 247 ]
233: [ 6 16 31 36 71 78 108 110 127 129 130 141 145 151 155 199 206 209 230 239 ]
234: [ 1 22 40 62 70 73 88 91 106 137 159 172 181 232 ]
235: [ 3 26 27 49 109 131 143 145 164 169 190 200 221 226 240 241 ]
236: [ 31 46 54 63 69 78 87 89 115 150 181 188 214 224 226 242 ]
237: [ 4 5 69 96 111 125 131 134 148 175 177 188 193 205 215 227 230 ]
238: [ 1 2 4 32 39 44 62 63 88 100 131 142 149 187 190 198 209 246 248 ]
239: [ 2 36 135 138 170 205 233 ]
240: [ 24 34 113 137 139 143 146 183 186 216 235 245 ]
241: [ 6 20 70 101 117 120 151 176 202 229 235 ]
242: [ 6 48 55 70 78 92 124 134 159 164 189 192 236 ]
243: [ 6 14 16 33 183 ]
244: [ 2 22 59 69 70 80 86 99 101 128 135 150 164 168 184 231 ]
245: [ 19 22 30 38 40 57 102 128 158 159 171 173 218 220 226 240 ]
246: [ 32 49 51 86 87 135 167 189 221 238 ]
247: [ 28 36 41 53 94 108 124 131 134 136 145 199 224 232 ]
248: [ 3 12 59 67 101 128 174 175 190 191 193 224 227 238 250 ]
249: [ 21 58 120 143 ]
250: [ 5 11 62 77 88 121 122 142 143 200 203 219 248 ]
