1: [ 18 21 54 77 116 144 146 156 160 162 201 226 241 ]
2: [ 60 107 142 146 163 181 ]
3: [ 45 94 98 111 156 191 203 205 211 229 241 246 ]
4: [ 35 81 83 109 113 135 185 187 ]
5: [ 21 53 54 70 82 92 134 154 169 170 180 208 212 234 241 ]
6: [ 8 25 30 62 71 72 91 96 111 117 118 129 154 169 217 236 242 250 ]
7: [ 21 42 52 85 90 108 124 125 168 182 190 213 215 222 233 240 247 ]
8: [ 6 29 44 51 68 109 135 151 171 175 180 196 213 226 227 242 ]
9: [ 17 19 28 38 45 48 72 111 122 147 228 ]
10: [ 13 29 45 65 91 93 113 114 128 206 234 ]
11: [ 18 57 59 78 91 92 93 121 123 126 166 174 182 204 216 ]
12: [ 21 30 36 60 61 95 137 149 166 170 186 198 201 203 211 219 224 225 242 ]
13: [ 10 44 84 147 169 195 241 ]
14: [ 70 96 113 127 129 149 157 171 174 182 192 199 207 222 232 237 ]
15: [ 17 21 40 53 80 81 86 100 130 144 179 182 183 185 189 216 224 227 241 ]
16: [ 24 35 62 84 111 116 137 156 162 177 178 205 218 ]
17: [ 9 15 31 33 39 42 63 68 79 84 94 97 106 113 129 133 136 139 151 160 208 235 248 ]
18: [ 1 11 22 47 84 124 136 163 208 216 229 244 ]
19: [ 9 20 30 44 46 51 61 91 138 151 245 ]
20: [ 19 30 31 53 89 107 116 144 199 213 243 ]
21: [ 1 5 7 12 15 55 60 95 119 120 164 174 187 200 202 227 ]
22: [ 18 27 41 52 79 87 88 99 104 106 127 134 135 137 160 186 193 198 205 ]
23: [ 26 48 64 67 71 103 116 122 127 141 155 211 212 224 230 231 237 ]
24: [ 16 49 55 56 60 77 85 98 108 119 120 137 141 160 172 208 209 214 223 ]
25: [ 6 65 76 101 119 136 145 153 180 182 194 196 200 202 231 236 ]
26: [ 23 29 30 63 96 99 102 103 113 122 125 126 128 147 149 155 161 179 202 219 246 ]
27: [ 22 108 153 156 160 181 196 205 209 244 ]
28: [ 9 56 64 69 101 106 107 181 183 187 242 ]
29: [ 8 10 26 38 39 54 61 72 101 111 153 169 174 181 182 196 213 220 ]
30: [ 6 12 19 20 26 88 116 122 123 124 125 187 194 203 246 249 ]
31: [ 17 20 44 49 91 196 226 ]
32: [ 56 66 67 68 91 114 137 153 163 170 174 187 225 235 ]
33: [ 17 49 56 68 118 167 212 216 ]
34: [ 44 45 49 123 185 ]
35: [ 4 16 54 93 136 183 211 219 233 249 ]
36: [ 12 50 62 74 118 138 171 182 196 209 220 233 245 ]
37: [ 81 85 96 180 183 196 201 209 217 219 220 222 229 232 238 249 ]
38: [ 9 29 69 72 79 94 110 113 148 179 190 199 206 226 234 238 243 ]
39: [ 17 29 48 78 90 100 119 131 134 151 174 179 184 207 225 235 240 ]
40: [ 15 61 77 91 141 169 189 191 ]
41: [ 22 50 56 69 73 77 94 101 102 132 135 161 177 181 183 185 188 189 201 208 211 215 ]
42: [ 7 17 78 81 132 145 221 242 ]
43: [ 45 78 96 116 131 144 150 159 170 230 249 ]
44: [ 8 13 19 31 34 51 95 102 110 113 120 171 179 200 217 229 231 ]
45: [ 3 9 10 34 43 72 93 110 117 148 151 163 170 188 ]
46: [ 19 67 76 138 144 149 156 248 ]
47: [ 18 59 123 147 221 ]
48: [ 9 23 39 73 108 125 128 135 155 160 183 205 242 ]
49: [ 24 31 33 34 52 96 103 160 190 205 214 237 ]
50: [ 36 41 54 64 92 107 128 156 196 230 249 ]
51: [ 8 19 44 53 68 73 74 109 110 118 123 124 125 128 135 136 138 176 187 201 205 233 ]
52: [ 7 22 49 71 81 99 101 106 112 126 135 158 183 229 235 236 ]
53: [ 5 15 20 51 54 80 113 133 135 151 179 183 184 197 207 226 229 ]
54: [ 1 5 29 35 50 53 71 73 92 94 122 164 166 179 191 193 211 215 234 ]
55: [ 21 24 135 204 216 ]
56: [ 24 28 32 33 41 88 134 135 142 147 219 228 232 ]
57: [ 11 75 92 101 116 123 127 148 190 227 234 235 237 ]
58: [ 85 98 103 172 177 249 ]
59: [ 11 47 76 129 136 146 149 157 201 226 250 ]
60: [ 2 12 21 24 84 184 ]
61: [ 12 19 29 40 98 135 139 141 154 164 182 ]
62: [ 6 16 36 63 71 78 89 118 125 127 144 151 187 205 225 230 241 ]
63: [ 17 26 62 76 88 98 99 118 120 131 148 176 205 221 225 230 241 242 ]
64: [ 23 28 50 72 81 121 122 126 135 140 160 162 189 230 238 243 245 246 ]
65: [ 10 25 81 84 98 102 103 115 169 193 202 237 ]
66: [ 32 91 115 135 149 178 180 205 214 ]
67: [ 23 32 46 68 87 95 116 130 194 221 238 ]
68: [ 8 17 32 33 51 67 94 128 137 162 167 194 202 204 209 225 230 240 ]
69: [ 28 38 41 71 81 99 ]
70: [ 5 14 149 216 ]
71: [ 6 23 52 54 62 69 74 95 96 109 118 126 130 141 144 169 172 176 191 214 229 242 ]
72: [ 6 9 29 38 45 64 107 117 127 128 129 157 163 167 168 178 216 223 248 ]
73: [ 41 48 51 54 89 93 95 109 114 115 140 185 188 191 200 238 241 ]
74: [ 36 51 71 101 106 122 133 174 204 228 229 236 238 ]
75: [ 57 77 93 138 163 183 186 196 241 243 247 ]
76: [ 25 46 59 63 83 94 111 114 165 167 180 182 215 232 238 ]
77: [ 1 24 40 41 75 80 96 97 101 123 145 170 181 193 208 213 223 230 246 ]
78: [ 11 39 42 43 62 84 86 104 109 148 154 156 157 178 221 222 232 235 237 238 240 241 ]
79: [ 17 22 38 99 111 115 117 126 129 147 161 165 201 213 215 246 250 ]
80: [ 15 53 77 89 92 98 99 101 121 134 140 149 151 166 171 183 198 215 227 228 232 245 ]
81: [ 4 15 37 42 52 64 65 69 82 93 95 99 114 118 172 178 188 194 201 209 212 ]
82: [ 5 81 92 95 114 120 161 194 195 200 211 215 216 229 233 244 ]
83: [ 4 76 92 108 123 157 162 208 214 225 243 ]
84: [ 13 16 17 18 60 65 78 93 94 100 106 107 163 176 203 205 222 233 234 235 ]
85: [ 7 24 37 58 107 126 127 132 134 137 145 159 176 182 193 226 228 232 247 250 ]
86: [ 15 78 168 170 213 247 ]
87: [ 22 67 163 169 186 199 208 ]
88: [ 22 30 56 63 101 113 138 163 ]
89: [ 20 62 73 80 127 170 228 244 ]
90: [ 7 39 117 127 139 142 147 151 193 232 241 ]
91: [ 6 10 11 19 31 32 40 66 110 126 131 136 137 181 187 192 224 230 ]
92: [ 5 11 50 54 57 80 82 83 99 119 123 140 170 182 204 209 221 227 ]
93: [ 10 11 35 45 73 75 81 84 114 120 129 138 174 176 245 ]
94: [ 3 17 38 41 54 68 76 84 95 134 149 153 226 ]
95: [ 12 21 44 67 71 73 81 82 94 96 137 138 164 172 181 185 209 222 223 226 ]
96: [ 6 14 26 37 43 49 71 77 95 127 160 161 169 193 228 230 243 ]
97: [ 17 77 153 181 189 216 226 229 ]
98: [ 3 24 58 61 63 65 80 123 128 129 136 153 163 166 175 209 216 223 230 ]
99: [ 22 26 52 63 69 79 80 81 92 103 109 110 127 129 135 167 179 186 190 194 233 ]
100: [ 15 39 84 113 114 123 156 175 182 211 234 235 245 246 ]
101: [ 25 28 29 41 52 57 74 77 80 88 118 191 249 ]
102: [ 26 41 44 65 107 111 114 130 180 214 216 227 ]
103: [ 23 26 49 58 65 99 156 157 180 184 185 187 199 206 209 214 219 231 235 249 ]
104: [ 22 78 232 ]
105: [ 118 153 223 ]
106: [ 17 22 28 52 74 84 113 116 128 193 215 237 250 ]
107: [ 2 20 28 50 72 84 85 102 133 141 156 163 165 166 174 183 185 207 210 226 227 233 249 ]
108: [ 7 24 27 48 83 122 142 153 159 163 166 185 191 203 222 232 243 ]
109: [ 4 8 51 71 73 78 99 156 159 180 189 194 197 201 214 216 222 223 228 239 245 ]
110: [ 38 44 45 51 91 99 112 116 161 185 213 220 229 248 ]
111: [ 3 6 9 16 29 76 79 102 113 121 145 146 151 185 218 220 224 226 ]
112: [ 52 110 116 126 146 158 170 173 211 241 ]
113: [ 4 10 14 17 26 38 44 53 88 100 106 111 120 126 128 132 153 158 159 168 171 207 244 ]
114: [ 10 32 73 76 81 82 93 100 102 118 148 162 171 208 227 229 238 ]
115: [ 65 66 73 79 165 196 ]
116: [ 1 16 20 23 30 43 57 67 106 110 112 147 152 160 162 164 191 215 222 230 233 ]
117: [ 6 45 72 79 90 128 130 182 189 191 200 230 231 ]
118: [ 6 33 36 51 62 63 71 81 101 105 114 120 170 177 180 198 200 211 213 216 222 225 237 ]
119: [ 21 24 25 39 92 126 140 154 160 205 209 ]
120: [ 21 24 44 63 82 93 113 118 138 144 158 169 174 176 198 243 ]
121: [ 11 64 80 111 168 204 205 214 226 229 230 234 ]
122: [ 9 23 26 30 54 64 74 108 136 140 146 176 201 206 221 223 228 235 250 ]
123: [ 11 30 34 47 51 57 77 83 92 98 100 125 126 140 151 163 186 192 221 225 227 236 ]
124: [ 7 18 30 51 166 169 181 190 199 ]
125: [ 7 26 30 48 51 62 123 128 149 176 183 197 201 221 222 227 232 238 ]
126: [ 11 26 52 64 71 79 85 91 112 113 119 123 138 139 176 180 208 210 218 227 ]
127: [ 14 22 23 57 62 72 85 89 90 96 99 132 142 148 168 213 218 221 228 ]
128: [ 10 26 48 50 51 68 72 98 106 113 117 125 129 151 164 176 187 ]
129: [ 6 14 17 59 72 79 93 98 99 128 138 157 172 173 182 185 194 213 216 220 221 242 ]
130: [ 15 67 71 102 117 147 196 237 ]
131: [ 39 43 63 91 178 191 214 ]
132: [ 41 42 85 113 127 141 159 163 171 176 179 184 191 198 200 219 223 ]
133: [ 17 53 74 107 182 221 226 238 ]
134: [ 5 22 39 56 80 85 94 138 141 159 163 188 206 214 218 223 ]
135: [ 4 8 22 41 48 51 52 53 55 56 61 64 66 99 141 170 181 199 216 241 249 250 ]
136: [ 17 18 25 35 51 59 91 98 122 145 151 163 213 223 231 237 ]
137: [ 12 16 22 24 32 68 85 91 95 146 163 165 178 199 209 210 213 221 238 239 ]
138: [ 19 36 46 51 75 88 93 95 120 126 129 134 140 145 149 150 187 191 225 249 ]
139: [ 17 61 90 126 218 ]
140: [ 64 73 80 92 119 122 123 138 168 187 198 214 239 ]
141: [ 23 24 40 61 71 107 132 134 135 144 180 200 221 229 ]
142: [ 2 56 90 108 127 154 160 171 175 182 235 ]
143: [ 158 198 221 226 235 ]
144: [ 1 15 20 43 46 62 71 120 141 175 219 235 ]
145: [ 25 42 77 85 111 136 138 170 187 191 222 ]
146: [ 1 2 59 111 112 122 137 169 176 177 185 193 196 201 213 246 ]
147: [ 9 13 26 47 56 79 90 116 130 160 173 176 185 192 194 201 233 238 244 ]
148: [ 38 45 57 63 78 114 127 207 230 232 ]
149: [ 12 14 26 46 59 66 70 80 94 125 138 156 187 214 215 230 ]
150: [ 43 138 ]
151: [ 8 17 19 39 45 53 62 80 90 111 123 128 136 178 192 214 220 229 233 237 ]
152: [ 116 175 200 214 245 ]
153: [ 25 27 29 32 94 97 98 105 108 113 156 163 169 204 223 245 ]
154: [ 5 6 61 78 119 142 162 ]
155: [ 23 26 48 221 ]
156: [ 1 3 16 27 46 50 78 100 103 107 109 149 153 160 161 164 171 173 ]
157: [ 14 59 72 78 83 103 129 230 248 ]
158: [ 52 112 113 120 143 203 223 235 237 ]
159: [ 43 85 108 109 113 132 134 171 173 176 211 ]
160: [ 1 17 22 24 27 48 49 64 96 116 119 142 147 156 161 191 196 201 204 209 211 213 216 217 232 240 ]
161: [ 26 41 79 82 96 110 156 160 174 194 200 215 218 226 ]
162: [ 1 16 64 68 83 114 116 154 235 ]
163: [ 2 18 32 45 72 75 84 87 88 98 107 108 123 132 134 136 137 153 167 168 226 ]
164: [ 21 54 61 95 116 128 156 ]
165: [ 76 79 107 115 137 196 229 230 231 ]
166: [ 11 12 54 80 98 107 108 124 174 191 222 244 ]
167: [ 33 68 72 76 99 163 174 189 222 233 242 246 ]
168: [ 7 72 86 113 121 127 140 163 170 179 237 ]
169: [ 5 6 13 29 40 65 71 87 96 120 124 146 153 185 195 202 221 228 ]
170: [ 5 12 32 43 45 77 86 89 92 112 118 135 145 168 174 185 198 210 212 247 ]
171: [ 8 14 36 44 80 113 114 132 142 156 159 181 215 229 238 241 247 ]
172: [ 24 58 71 81 95 129 ]
173: [ 112 129 147 156 159 187 212 ]
174: [ 11 14 21 29 32 39 74 93 107 120 161 166 167 170 180 196 211 214 218 224 ]
175: [ 8 98 100 142 144 152 183 187 188 191 193 198 205 220 221 222 230 ]
176: [ 51 63 71 84 85 93 120 122 125 126 128 132 146 147 159 240 ]
177: [ 16 41 58 118 146 181 215 216 220 249 ]
178: [ 16 66 72 78 81 131 137 151 182 200 231 238 ]
179: [ 15 26 38 39 44 53 54 99 132 168 210 215 234 ]
180: [ 5 8 25 37 66 76 102 103 109 118 126 141 174 194 216 233 234 ]
181: [ 2 27 28 29 41 77 91 95 97 124 135 171 177 189 213 220 223 229 245 ]
182: [ 7 11 14 15 25 29 36 61 76 85 92 100 117 129 133 142 178 223 225 234 ]
183: [ 15 28 35 37 41 48 52 53 75 80 107 125 175 190 204 213 219 227 234 235 249 ]
184: [ 39 53 60 103 132 186 218 221 ]
185: [ 4 15 34 41 73 95 103 107 108 110 111 129 146 147 169 170 204 222 247 ]
186: [ 12 22 75 87 99 123 184 247 ]
187: [ 4 21 28 30 32 51 62 91 103 128 138 140 145 149 173 175 199 205 211 216 221 227 234 235 236 247 ]
188: [ 41 45 73 81 134 175 219 247 ]
189: [ 15 40 41 64 97 109 117 167 181 210 230 241 ]
190: [ 7 38 49 57 99 124 183 210 227 232 ]
191: [ 3 40 54 71 73 101 108 116 117 131 132 138 145 160 166 175 199 229 ]
192: [ 14 91 123 147 151 193 215 217 238 246 ]
193: [ 22 54 65 77 85 90 96 106 146 175 192 200 242 ]
194: [ 25 30 67 68 81 82 99 109 129 147 161 180 209 219 235 ]
195: [ 13 82 169 198 233 ]
196: [ 8 25 27 29 31 36 37 50 75 115 130 146 160 165 174 219 230 237 240 ]
197: [ 53 109 125 201 222 247 ]
198: [ 12 22 80 118 120 132 140 143 170 175 195 202 ]
199: [ 14 20 38 87 103 124 135 137 187 191 225 235 249 ]
200: [ 21 25 44 73 82 117 118 132 141 152 161 178 193 203 204 220 233 243 249 ]
201: [ 1 12 37 41 51 59 79 81 109 122 125 146 147 160 197 212 219 245 ]
202: [ 21 25 26 65 68 169 198 207 226 228 247 249 ]
203: [ 3 12 30 84 108 158 200 213 219 221 228 229 230 232 236 ]
204: [ 11 55 68 74 92 121 153 160 183 185 200 ]
205: [ 3 16 22 27 48 49 51 62 63 66 84 119 121 175 187 216 220 229 248 ]
206: [ 10 38 103 122 134 219 ]
207: [ 14 39 53 107 113 148 202 216 226 236 237 240 243 ]
208: [ 5 17 18 24 41 77 83 87 114 126 215 ]
209: [ 24 27 36 37 68 81 92 95 98 103 119 137 160 194 225 246 ]
210: [ 107 126 137 170 179 189 190 218 228 240 ]
211: [ 3 12 23 35 41 54 82 100 112 118 159 160 174 187 ]
212: [ 5 23 33 81 170 173 201 214 ]
213: [ 7 8 20 29 77 79 86 110 118 127 129 136 137 146 160 181 183 203 219 223 227 ]
214: [ 24 49 66 71 83 102 103 109 121 131 134 140 149 151 152 174 212 240 243 ]
215: [ 7 41 54 76 79 80 82 106 116 149 161 171 177 179 192 208 216 222 ]
216: [ 11 15 18 33 55 70 72 82 97 98 102 109 118 129 135 160 177 180 187 205 207 215 231 235 239 ]
217: [ 6 37 44 160 192 225 ]
218: [ 16 111 126 127 134 139 161 174 184 210 228 232 ]
219: [ 12 26 35 37 56 103 132 144 183 188 194 196 201 203 206 213 229 232 237 245 249 ]
220: [ 29 36 37 110 111 129 151 175 177 181 200 205 ]
221: [ 42 47 63 67 78 92 122 123 125 127 129 133 137 141 143 155 169 175 184 187 203 237 ]
222: [ 7 14 37 78 84 95 108 109 116 118 125 145 166 167 175 185 197 215 227 250 ]
223: [ 24 72 77 95 98 105 109 122 132 134 136 153 158 181 182 213 ]
224: [ 12 15 23 91 111 174 ]
225: [ 12 32 39 62 63 68 83 118 123 138 182 199 209 217 241 243 ]
226: [ 1 8 31 38 53 59 85 94 95 97 107 111 121 133 143 161 163 202 207 237 ]
227: [ 8 15 21 57 80 92 102 107 114 123 125 126 183 187 190 213 222 ]
228: [ 9 56 74 80 85 89 96 109 122 127 169 202 203 210 218 237 ]
229: [ 3 18 37 44 52 53 71 74 82 97 110 114 121 141 151 165 171 181 191 203 205 219 238 241 ]
230: [ 23 43 50 62 63 64 68 77 91 96 98 116 117 121 148 149 157 165 175 189 196 203 ]
231: [ 23 25 44 103 117 136 165 178 216 246 248 ]
232: [ 14 37 56 76 78 80 85 90 104 108 125 148 160 190 203 218 219 249 ]
233: [ 7 35 36 51 82 84 99 107 116 147 151 167 180 195 200 ]
234: [ 5 10 38 54 57 84 100 121 179 180 182 183 187 244 249 ]
235: [ 17 32 39 52 57 78 84 100 103 122 142 143 144 158 162 183 187 194 199 216 236 249 ]
236: [ 6 25 52 74 123 187 203 207 235 240 ]
237: [ 14 23 49 57 65 78 106 118 130 136 151 158 168 196 207 219 221 226 228 ]
238: [ 37 38 64 67 73 74 76 78 114 125 133 137 147 171 178 192 229 245 247 ]
239: [ 109 137 140 216 ]
240: [ 7 39 68 78 160 176 196 207 210 214 236 241 ]
241: [ 1 3 5 13 15 62 63 73 75 78 90 112 135 171 189 225 229 240 242 245 ]
242: [ 6 8 12 28 42 48 63 71 129 167 193 241 244 ]
243: [ 20 38 64 75 83 96 108 120 200 207 214 225 ]
244: [ 18 27 82 89 113 147 166 234 242 248 250 ]
245: [ 19 36 64 80 93 100 109 152 153 181 201 219 238 241 ]
246: [ 3 26 30 64 77 79 100 146 167 192 209 231 ]
247: [ 7 75 85 86 170 171 185 186 187 188 197 202 238 ]
248: [ 17 46 72 110 157 205 231 244 ]
249: [ 30 35 37 43 50 58 101 103 107 135 138 177 183 199 200 202 219 232 234 235 ]
250: [ 6 59 79 85 106 122 135 222 244 ]
