1: [ 4 66 69 82 84 92 167 181 194 224 ]
2: [ 13 17 25 75 81 85 107 127 142 158 162 165 166 186 ]
3: [ 11 14 28 43 72 80 81 114 126 149 167 185 196 246 ]
4: [ 1 12 15 25 33 36 38 67 78 90 151 162 166 170 171 177 198 201 204 207 235 244 ]
5: [ 7 12 30 32 36 66 71 108 123 136 137 163 190 195 197 215 219 ]
6: [ 16 35 46 48 69 90 185 200 201 223 ]
7: [ 5 12 25 30 68 108 113 147 155 186 196 233 244 ]
8: [ 10 49 83 87 98 101 113 117 133 154 160 202 220 227 237 247 ]
9: [ 11 29 39 45 83 103 111 123 129 142 152 166 173 185 193 214 216 237 ]
10: [ 8 20 39 75 79 101 103 114 117 143 148 165 167 227 246 ]
11: [ 3 9 13 49 56 60 88 114 155 168 174 181 208 217 224 225 227 234 239 244 ]
12: [ 4 5 7 18 20 25 32 71 121 129 130 132 139 171 184 202 204 219 223 233 ]
13: [ 2 11 30 144 207 208 ]
14: [ 3 30 40 48 57 59 70 95 234 245 249 ]
15: [ 4 17 19 33 58 67 71 73 92 130 143 219 248 ]
16: [ 6 53 59 112 125 131 140 143 153 166 185 215 225 228 229 ]
17: [ 2 15 26 43 51 62 72 83 95 97 115 128 167 172 177 178 188 199 205 ]
18: [ 12 61 101 111 126 ]
19: [ 15 51 62 78 79 92 125 133 144 154 158 159 169 183 186 190 196 201 211 220 237 246 ]
20: [ 10 12 42 58 66 67 79 83 94 103 107 114 129 139 151 171 184 207 226 ]
21: [ 56 66 72 77 80 103 120 126 129 154 158 161 170 189 190 216 218 222 ]
22: [ 35 42 46 65 79 91 98 107 117 126 143 147 155 161 192 205 212 221 234 ]
23: [ 88 90 116 122 138 166 170 198 ]
24: [ 106 107 129 173 185 187 195 229 ]
25: [ 2 4 7 12 48 102 111 121 139 171 181 185 186 188 194 242 ]
26: [ 17 66 97 119 139 161 198 200 249 ]
27: [ 52 59 63 103 121 128 135 138 146 160 167 172 173 187 204 216 228 ]
28: [ 3 46 50 57 116 118 121 165 175 187 ]
29: [ 9 33 34 35 56 60 86 87 99 107 113 125 133 136 142 155 158 161 168 173 181 215 217 223 227 242 ]
30: [ 5 7 13 14 54 72 91 94 112 120 125 130 147 153 167 187 200 203 238 ]
31: [ 73 111 182 212 215 228 230 233 240 ]
32: [ 5 12 35 37 46 54 69 74 87 110 115 125 148 224 239 241 242 ]
33: [ 4 15 29 53 70 77 85 129 130 131 147 189 208 213 ]
34: [ 29 35 38 47 71 74 84 100 106 109 154 155 189 195 204 217 225 ]
35: [ 6 22 29 32 34 54 82 91 100 107 115 139 158 161 224 ]
36: [ 4 5 47 72 94 103 126 129 131 132 140 163 165 200 204 208 ]
37: [ 32 105 184 215 230 243 ]
38: [ 4 34 58 84 89 92 98 170 182 208 225 ]
39: [ 9 10 58 69 72 78 100 109 128 130 153 170 179 180 205 216 217 224 238 239 247 249 ]
40: [ 14 122 148 164 200 202 246 ]
41: [ 48 52 146 179 230 ]
42: [ 20 22 106 129 156 177 188 208 246 ]
43: [ 3 17 49 53 99 101 102 114 130 136 139 208 230 232 ]
44: [ 62 93 112 130 150 153 188 197 198 212 ]
45: [ 9 82 88 103 156 203 245 ]
46: [ 6 22 28 32 58 63 70 73 89 95 107 110 171 225 ]
47: [ 34 36 108 115 118 162 190 202 ]
48: [ 6 14 25 41 67 69 124 132 135 147 154 158 161 169 197 203 223 224 234 249 ]
49: [ 8 11 43 50 69 120 127 134 144 148 150 165 183 227 238 246 249 ]
50: [ 28 49 81 153 170 174 186 199 231 246 ]
51: [ 17 19 103 120 129 133 155 157 196 202 208 225 250 ]
52: [ 27 41 54 72 84 103 113 129 145 157 165 179 180 185 197 219 231 241 ]
53: [ 16 33 43 54 77 112 113 116 117 128 170 184 190 211 215 225 233 236 244 ]
54: [ 30 32 35 52 53 55 71 97 98 108 123 127 133 159 160 162 189 192 234 245 ]
55: [ 54 110 121 124 131 248 ]
56: [ 11 21 29 73 91 107 109 155 177 180 188 208 229 231 233 ]
57: [ 14 28 82 106 224 248 250 ]
58: [ 15 20 38 39 46 59 77 80 81 109 136 140 144 161 176 180 205 222 229 231 ]
59: [ 14 16 27 58 63 64 87 89 98 148 155 176 183 187 210 212 233 ]
60: [ 11 29 94 122 129 177 180 181 184 190 196 236 ]
61: [ 18 72 106 114 148 172 173 179 185 204 229 ]
62: [ 17 19 44 90 103 120 128 161 167 171 179 191 196 205 ]
63: [ 27 46 59 64 77 82 88 94 99 100 109 115 122 124 144 146 157 163 172 181 212 ]
64: [ 59 63 69 84 113 149 159 165 187 199 205 ]
65: [ 22 80 94 118 127 133 149 218 222 ]
66: [ 1 5 20 21 26 72 79 103 107 138 142 147 152 167 182 193 198 199 214 230 245 247 ]
67: [ 4 15 20 48 69 104 106 114 133 140 152 215 217 220 ]
68: [ 7 80 90 148 156 162 174 213 241 ]
69: [ 1 6 32 39 48 49 64 67 87 95 98 105 106 136 139 153 156 174 188 192 196 208 218 220 231 ]
70: [ 14 33 46 110 121 124 180 202 203 221 ]
71: [ 5 12 15 34 54 132 139 150 164 166 209 235 ]
72: [ 3 17 21 30 36 39 52 61 66 86 129 136 142 161 175 179 194 225 227 236 ]
73: [ 15 31 46 56 83 113 121 143 147 153 161 174 202 219 229 249 ]
74: [ 32 34 128 141 190 201 ]
75: [ 2 10 133 159 177 188 216 ]
76: [ 123 161 164 172 179 194 202 228 231 239 250 ]
77: [ 21 33 53 58 63 85 121 145 163 168 173 225 244 248 ]
78: [ 4 19 39 115 125 138 174 204 229 249 250 ]
79: [ 10 19 20 22 66 81 87 105 125 142 167 185 199 211 215 227 246 247 ]
80: [ 3 21 58 65 68 117 136 143 146 149 154 159 168 190 195 212 233 ]
81: [ 2 3 50 58 79 88 103 107 114 150 165 166 175 177 178 196 200 201 237 245 ]
82: [ 1 35 45 57 63 88 202 248 ]
83: [ 8 9 17 20 73 96 117 153 175 185 198 203 228 229 248 ]
84: [ 1 34 38 52 64 143 160 166 175 227 228 247 ]
85: [ 2 33 77 99 125 137 145 160 185 188 190 191 193 225 ]
86: [ 29 72 120 130 141 165 203 225 ]
87: [ 8 29 32 59 69 79 141 167 197 223 ]
88: [ 11 23 45 63 81 82 107 111 124 183 192 201 203 212 215 216 231 232 235 236 241 ]
89: [ 38 46 59 92 111 112 127 145 176 192 202 214 229 233 ]
90: [ 4 6 23 62 68 92 110 123 140 150 197 227 233 235 244 249 ]
91: [ 22 30 35 56 95 97 103 107 136 139 168 ]
92: [ 1 15 19 38 89 90 108 141 147 149 156 170 182 191 204 215 226 234 248 ]
93: [ 44 105 115 146 174 211 ]
94: [ 20 30 36 60 63 65 121 157 185 186 209 215 221 ]
95: [ 14 17 46 69 91 102 106 128 160 162 179 187 191 192 213 218 223 235 236 ]
96: [ 83 133 144 185 215 219 230 244 ]
97: [ 17 26 54 91 141 152 161 163 173 181 190 198 202 206 ]
98: [ 8 22 38 54 59 69 100 145 184 198 206 226 237 242 ]
99: [ 29 43 63 85 111 119 132 136 161 181 184 187 188 195 199 236 ]
100: [ 34 35 39 63 98 103 115 135 139 149 150 151 168 171 214 239 ]
101: [ 8 10 18 43 108 132 187 190 201 235 ]
102: [ 25 43 95 105 117 148 153 161 204 205 213 222 250 ]
103: [ 9 10 20 21 27 36 45 51 52 62 66 81 91 100 120 148 155 161 186 193 213 219 225 235 246 ]
104: [ 67 118 121 154 171 174 187 195 227 248 ]
105: [ 37 69 79 93 102 110 140 143 148 149 152 173 201 209 224 232 235 238 246 ]
106: [ 24 34 42 57 61 67 69 95 121 146 202 248 ]
107: [ 2 20 22 24 29 35 46 56 66 81 88 91 120 135 141 183 201 203 232 246 ]
108: [ 5 7 47 54 92 101 124 145 168 178 181 198 200 203 224 249 ]
109: [ 34 39 56 58 63 142 151 202 239 243 246 ]
110: [ 32 46 55 70 90 105 148 185 225 ]
111: [ 9 18 25 31 88 89 99 123 124 139 196 200 205 219 ]
112: [ 16 30 44 53 89 118 129 142 169 195 199 200 241 ]
113: [ 7 8 29 52 53 64 73 121 123 150 208 213 219 238 244 ]
114: [ 3 10 11 20 43 61 67 81 118 172 180 192 ]
115: [ 17 32 35 47 63 78 93 100 135 155 166 180 190 230 231 244 ]
116: [ 23 28 53 126 146 168 201 203 223 229 ]
117: [ 8 10 22 53 80 83 102 127 140 155 188 ]
118: [ 28 47 65 104 112 114 124 158 204 245 ]
119: [ 26 99 125 172 226 ]
120: [ 21 30 49 51 62 86 103 107 124 127 162 174 178 201 246 ]
121: [ 12 25 27 28 55 70 73 77 94 104 106 113 124 129 138 164 178 204 208 212 222 ]
122: [ 23 40 60 63 136 158 164 179 181 193 199 215 225 230 246 ]
123: [ 5 9 54 76 90 111 113 140 144 176 179 219 235 ]
124: [ 48 55 63 70 88 108 111 118 120 121 173 176 ]
125: [ 16 19 29 30 32 78 79 85 119 131 140 149 159 160 161 164 173 179 181 195 199 222 225 ]
126: [ 3 18 21 22 36 116 150 179 234 ]
127: [ 2 49 54 65 89 117 120 129 136 140 183 231 ]
128: [ 17 27 39 53 62 74 95 140 142 148 164 170 185 197 249 ]
129: [ 9 12 20 21 24 33 36 42 51 52 60 72 112 121 127 131 135 142 161 165 173 182 234 236 243 ]
130: [ 12 15 30 33 39 43 44 86 134 148 161 174 195 215 233 236 ]
131: [ 16 33 36 55 125 129 186 209 233 ]
132: [ 12 36 48 71 99 101 137 145 153 154 167 176 197 ]
133: [ 8 19 29 51 54 65 67 75 96 134 168 173 188 214 243 244 246 ]
134: [ 49 130 133 153 159 170 173 182 205 238 ]
135: [ 27 48 100 107 115 129 142 216 249 ]
136: [ 5 29 43 58 69 72 80 91 99 122 127 141 150 152 157 170 173 175 220 ]
137: [ 5 85 132 219 ]
138: [ 23 27 66 78 121 175 198 ]
139: [ 12 20 25 26 35 43 69 71 91 100 111 143 144 147 167 204 241 ]
140: [ 16 36 58 67 90 105 117 123 125 127 128 154 188 194 197 205 222 ]
141: [ 74 86 87 92 97 107 136 145 147 157 169 181 203 209 246 ]
142: [ 2 9 29 66 72 79 109 112 128 129 135 148 155 169 177 178 179 188 190 199 209 219 244 ]
143: [ 10 15 16 22 73 80 84 105 139 144 150 159 173 186 196 200 237 ]
144: [ 13 19 49 58 63 96 123 139 143 159 217 225 ]
145: [ 52 77 85 89 98 108 132 141 159 193 194 208 238 ]
146: [ 27 41 63 80 93 106 116 210 221 225 235 238 244 249 ]
147: [ 7 22 30 33 48 66 73 92 139 141 157 165 167 183 198 203 ]
148: [ 10 32 40 49 59 61 68 102 103 105 110 128 130 142 177 196 198 202 216 228 238 ]
149: [ 3 64 65 80 92 100 105 125 175 211 212 242 ]
150: [ 44 49 71 81 90 100 113 126 136 143 168 170 174 196 198 215 238 244 247 ]
151: [ 4 20 100 109 214 230 ]
152: [ 9 66 67 97 105 136 155 172 187 218 226 231 246 ]
153: [ 16 30 39 44 50 69 73 83 102 132 134 166 196 198 218 243 ]
154: [ 8 19 21 34 48 80 104 132 140 161 172 188 194 195 203 213 227 234 ]
155: [ 7 11 22 29 34 51 56 59 103 115 117 142 152 161 166 171 194 196 212 ]
156: [ 42 45 68 69 92 168 175 179 216 ]
157: [ 51 52 63 94 136 141 147 187 233 241 249 ]
158: [ 2 19 21 29 35 48 118 122 162 181 226 238 ]
159: [ 19 54 64 75 80 125 134 143 144 145 168 170 194 209 218 223 225 229 245 249 ]
160: [ 8 27 54 84 85 95 125 171 177 179 190 193 207 228 240 ]
161: [ 21 22 26 29 35 48 58 62 72 73 76 97 99 102 103 125 129 130 154 155 169 194 213 217 222 234 ]
162: [ 2 4 47 54 68 95 120 158 234 246 ]
163: [ 5 36 63 77 97 165 177 196 216 ]
164: [ 40 71 76 121 122 125 128 208 213 214 218 ]
165: [ 2 10 28 36 49 52 64 81 86 129 147 163 215 229 232 244 ]
166: [ 2 4 9 16 23 71 81 84 115 153 155 196 197 216 220 243 ]
167: [ 1 3 10 17 27 30 62 66 79 87 132 139 147 176 191 195 206 222 249 ]
168: [ 11 29 77 80 91 100 108 116 133 150 156 159 202 204 205 215 217 227 231 241 244 249 ]
169: [ 19 48 112 141 142 161 172 248 ]
170: [ 4 21 23 38 39 50 53 92 128 134 136 150 159 182 207 233 234 242 249 ]
171: [ 4 12 20 25 46 62 100 104 155 160 192 198 218 225 238 243 245 247 250 ]
172: [ 17 27 61 63 76 114 119 152 154 169 179 186 192 240 ]
173: [ 9 24 27 29 61 77 97 105 124 125 129 133 134 136 143 181 184 185 219 222 226 ]
174: [ 11 50 68 69 73 78 93 104 120 130 150 181 188 193 222 232 ]
175: [ 28 72 81 83 84 136 138 149 156 181 201 206 226 247 ]
176: [ 58 59 89 123 124 132 167 177 180 211 215 240 ]
177: [ 4 17 42 56 60 75 81 142 148 160 163 176 190 201 219 229 247 ]
178: [ 17 81 108 120 121 142 ]
179: [ 39 41 52 61 62 72 76 95 122 123 125 126 142 156 160 172 211 219 228 232 ]
180: [ 39 52 56 58 60 70 114 115 176 248 ]
181: [ 1 11 25 29 60 63 97 99 108 122 125 141 158 173 174 175 212 220 224 248 ]
182: [ 31 38 66 92 129 134 170 216 224 231 238 ]
183: [ 19 49 59 88 107 127 147 207 213 ]
184: [ 12 20 37 53 60 98 99 173 185 193 197 224 243 ]
185: [ 3 6 9 16 24 25 52 61 79 83 85 94 96 110 128 173 184 ]
186: [ 2 7 19 25 50 94 103 131 143 172 193 194 207 ]
187: [ 24 27 28 30 59 64 95 99 101 104 152 157 200 208 223 234 ]
188: [ 17 25 42 44 56 69 75 85 99 117 133 140 142 154 174 203 206 246 ]
189: [ 21 33 34 54 212 238 239 ]
190: [ 5 19 21 47 53 60 74 80 85 97 101 115 142 160 177 198 199 225 246 ]
191: [ 62 85 92 95 167 202 220 236 250 ]
192: [ 22 54 69 88 89 95 114 171 172 219 244 ]
193: [ 9 66 85 103 122 145 160 174 184 186 198 208 210 216 223 235 242 ]
194: [ 1 25 72 76 140 145 154 155 159 161 186 214 222 231 244 249 ]
195: [ 5 24 34 80 99 104 112 125 130 154 167 198 203 227 ]
196: [ 3 7 19 51 60 62 69 81 111 143 148 150 153 155 163 166 201 202 212 237 ]
197: [ 5 44 48 52 87 90 128 132 140 166 184 209 217 ]
198: [ 4 23 26 44 66 83 97 98 108 138 147 148 150 153 171 190 193 195 216 219 220 229 244 ]
199: [ 17 50 64 66 79 99 112 122 125 142 190 209 212 213 228 ]
200: [ 6 26 30 36 40 81 108 111 112 143 187 216 239 248 ]
201: [ 4 6 19 74 81 88 101 105 107 116 120 175 177 196 205 209 239 243 ]
202: [ 8 12 40 47 51 70 73 76 82 89 97 106 109 148 168 191 196 219 235 246 ]
203: [ 30 45 48 70 83 86 88 107 108 116 141 147 154 188 195 207 212 219 ]
204: [ 4 12 27 34 36 61 78 92 102 118 121 139 168 ]
205: [ 17 22 39 58 62 64 102 111 134 140 168 201 226 235 241 249 ]
206: [ 97 98 167 175 188 229 ]
207: [ 4 13 20 160 170 183 186 203 213 228 234 245 ]
208: [ 11 13 33 36 38 42 43 51 56 69 113 121 145 164 187 193 213 219 246 ]
209: [ 71 94 105 131 141 142 159 197 199 201 231 ]
210: [ 59 146 193 213 221 ]
211: [ 19 53 79 93 149 176 179 231 236 245 ]
212: [ 22 31 44 59 63 80 88 121 149 155 181 189 196 199 203 218 238 239 244 249 ]
213: [ 33 68 95 102 103 113 154 161 164 183 199 207 208 210 216 249 ]
214: [ 9 66 89 100 133 151 164 194 ]
215: [ 5 16 29 31 37 53 67 79 88 92 94 96 122 130 150 165 168 176 247 ]
216: [ 9 21 27 39 75 88 135 148 156 163 166 182 193 198 200 213 233 ]
217: [ 11 29 34 39 67 144 161 168 197 226 230 234 236 ]
218: [ 21 65 69 95 152 153 159 164 171 212 226 ]
219: [ 5 12 15 52 73 96 103 111 113 123 137 142 173 177 179 192 198 202 203 208 ]
220: [ 8 19 67 69 136 166 181 191 198 248 249 ]
221: [ 22 70 94 146 210 243 ]
222: [ 21 58 65 102 121 125 140 161 167 173 174 194 228 234 244 247 ]
223: [ 6 12 29 48 87 95 116 159 187 193 224 239 ]
224: [ 1 11 32 35 39 48 57 105 108 181 182 184 223 242 247 ]
225: [ 11 16 34 38 46 51 53 72 77 85 86 103 110 122 125 144 146 159 171 190 228 ]
226: [ 20 92 98 119 152 158 173 175 205 217 218 247 248 ]
227: [ 8 10 11 29 49 72 79 84 90 104 154 168 195 229 238 247 ]
228: [ 16 27 31 76 83 84 148 160 179 199 207 222 225 229 233 243 ]
229: [ 16 24 56 58 61 73 78 83 89 116 159 165 177 198 206 227 228 ]
230: [ 31 37 41 43 66 96 115 122 151 217 240 245 ]
231: [ 50 52 56 58 69 76 88 115 127 152 168 182 194 209 211 ]
232: [ 43 88 105 107 165 174 179 ]
233: [ 7 12 31 53 56 59 80 89 90 130 131 157 170 216 228 ]
234: [ 11 14 22 48 54 92 126 129 154 161 162 170 187 207 217 222 ]
235: [ 4 71 88 90 95 101 103 105 123 146 193 202 205 247 ]
236: [ 53 60 72 88 95 99 129 130 191 211 217 ]
237: [ 8 9 19 81 98 143 196 248 ]
238: [ 30 39 49 105 113 134 145 146 148 150 158 171 182 189 212 227 244 ]
239: [ 11 32 39 76 100 109 189 200 201 212 223 ]
240: [ 31 160 172 176 230 ]
241: [ 32 52 68 88 112 139 157 168 205 ]
242: [ 25 29 32 98 149 170 193 224 ]
243: [ 37 109 129 133 153 166 171 184 201 221 228 ]
244: [ 4 7 11 53 77 90 96 113 115 133 142 146 150 165 168 192 194 198 212 222 238 ]
245: [ 14 45 54 66 81 118 159 171 207 211 230 ]
246: [ 3 10 19 40 42 49 50 79 103 105 107 109 120 122 133 141 152 162 188 190 202 208 ]
247: [ 8 39 66 79 84 150 171 175 177 215 222 224 226 227 235 250 ]
248: [ 15 55 57 77 82 83 92 104 106 169 180 181 200 220 226 237 ]
249: [ 14 26 39 48 49 73 78 90 108 128 135 146 157 159 167 168 170 194 205 212 213 220 ]
250: [ 51 57 76 78 102 171 191 247 ]
