1: [ 13 21 49 54 98 116 156 168 197 203 230 237 241 ]
2: [ 48 84 144 145 197 ]
3: [ 8 12 13 20 32 59 65 89 91 93 98 104 138 149 205 207 208 216 218 228 246 247 ]
4: [ 14 24 42 55 70 77 86 109 124 158 179 204 211 213 228 229 245 ]
5: [ 8 12 45 47 50 86 94 97 110 118 120 125 130 134 148 156 170 180 193 194 210 221 ]
6: [ 16 56 91 139 144 168 192 214 239 ]
7: [ 12 16 29 100 156 176 227 ]
8: [ 3 5 73 127 146 159 160 167 176 179 187 204 216 226 227 229 240 245 ]
9: [ 23 100 103 135 138 147 185 212 226 228 230 245 ]
10: [ 76 79 81 89 97 126 154 159 160 164 241 248 ]
11: [ 47 77 81 141 153 164 165 175 213 221 ]
12: [ 3 5 7 28 29 33 63 66 71 87 90 124 125 162 163 208 228 233 ]
13: [ 1 3 23 32 41 60 67 69 74 79 84 91 112 137 212 238 243 ]
14: [ 4 15 18 24 65 66 77 91 106 112 116 117 144 159 187 214 221 238 244 245 248 ]
15: [ 14 29 135 138 145 159 161 187 191 213 215 248 ]
16: [ 6 7 21 29 55 75 82 102 108 111 116 121 126 135 158 198 ]
17: [ 45 46 85 156 163 167 173 195 221 229 ]
18: [ 14 76 77 102 122 125 129 138 161 162 200 229 239 242 243 ]
19: [ 57 94 97 106 112 113 126 153 154 155 218 246 ]
20: [ 3 34 56 58 73 94 168 173 202 241 245 ]
21: [ 1 16 23 50 64 86 113 114 180 189 214 ]
22: [ 27 54 56 61 69 114 122 133 134 157 ]
23: [ 9 13 21 29 60 67 86 102 109 120 135 137 157 164 175 180 213 220 ]
24: [ 4 14 30 58 72 86 98 127 144 145 153 172 178 207 ]
25: [ 64 72 77 88 114 126 139 152 178 197 240 ]
26: [ 27 37 39 43 82 84 102 105 111 129 193 224 236 244 ]
27: [ 22 26 56 75 90 104 108 132 135 138 141 161 169 172 174 206 215 219 226 233 244 245 ]
28: [ 12 81 82 150 151 172 181 197 226 ]
29: [ 7 12 15 16 23 54 57 71 100 113 148 160 162 195 216 233 240 247 ]
30: [ 24 39 55 61 71 113 130 166 177 180 207 217 219 ]
31: [ 53 63 73 125 129 143 154 156 172 196 199 244 248 ]
32: [ 3 13 35 37 51 55 64 73 81 130 166 181 220 ]
33: [ 12 40 41 73 77 80 89 111 155 166 173 188 190 207 210 226 241 ]
34: [ 20 42 46 57 63 97 149 162 167 174 181 191 194 235 237 243 ]
35: [ 32 55 63 71 77 87 94 98 108 122 205 233 236 ]
36: [ 82 137 144 197 201 202 235 ]
37: [ 26 32 58 69 81 88 89 96 115 135 147 171 180 195 250 ]
38: [ 109 128 135 141 154 180 208 221 235 ]
39: [ 26 30 41 45 67 82 91 94 97 98 105 115 120 164 170 193 198 202 236 241 ]
40: [ 33 52 58 69 80 111 125 126 130 132 236 ]
41: [ 13 33 39 43 78 80 94 95 112 128 129 148 180 235 243 246 ]
42: [ 4 34 54 86 100 108 111 121 122 132 139 189 192 223 224 227 242 248 ]
43: [ 26 41 45 48 50 51 56 60 65 69 81 116 117 155 158 160 190 201 ]
44: [ 56 80 92 124 155 166 180 224 239 ]
45: [ 5 17 39 43 49 64 106 157 186 210 218 224 231 249 ]
46: [ 17 34 48 49 58 79 85 96 103 109 145 153 164 180 188 189 194 207 212 214 225 233 235 240 246 247 ]
47: [ 5 11 50 60 68 71 92 93 112 121 141 143 166 167 170 182 213 231 245 ]
48: [ 2 43 46 78 88 90 94 130 141 145 148 151 159 173 209 226 249 ]
49: [ 1 45 46 56 66 103 149 161 230 250 ]
50: [ 5 21 43 47 65 74 77 95 109 111 156 179 187 200 241 243 247 ]
51: [ 32 43 64 65 66 107 186 189 211 229 ]
52: [ 40 60 64 86 96 119 169 188 205 ]
53: [ 31 66 88 106 112 114 134 136 149 170 173 196 212 ]
54: [ 1 22 29 42 80 98 102 145 184 203 230 ]
55: [ 4 16 30 32 35 69 186 188 205 211 227 229 231 234 237 245 250 ]
56: [ 6 20 22 27 43 44 49 69 75 79 81 87 107 113 117 118 125 128 154 166 179 180 192 221 226 236 246 ]
57: [ 19 29 34 66 84 87 102 108 118 127 128 147 179 193 195 230 246 249 ]
58: [ 20 24 37 40 46 71 134 139 144 159 184 185 189 204 210 215 216 250 ]
59: [ 3 66 69 89 100 149 172 191 215 217 247 ]
60: [ 13 23 43 47 52 77 108 155 197 224 231 242 248 ]
61: [ 22 30 77 89 94 105 112 118 121 129 130 132 145 154 157 161 164 172 185 191 205 222 244 ]
62: [ 81 105 106 145 153 196 207 241 242 245 246 ]
63: [ 12 31 34 35 71 93 109 138 154 172 208 212 214 ]
64: [ 21 25 32 45 51 52 93 101 113 115 135 160 163 207 224 231 233 ]
65: [ 3 14 43 50 51 94 99 148 163 188 210 231 240 ]
66: [ 12 14 49 51 53 57 59 75 88 95 132 137 164 166 183 196 220 ]
67: [ 13 23 39 68 111 125 132 134 144 175 189 200 208 213 218 229 231 236 ]
68: [ 47 67 81 115 117 196 244 ]
69: [ 13 22 37 40 43 55 56 59 75 97 110 125 133 138 145 151 172 202 240 ]
70: [ 4 97 110 125 168 ]
71: [ 12 29 30 35 47 58 63 82 97 108 115 120 146 202 ]
72: [ 24 25 105 115 137 155 157 163 177 229 ]
73: [ 8 20 31 32 33 75 115 118 120 125 161 169 170 205 225 239 249 ]
74: [ 13 50 82 133 160 171 176 196 202 244 247 ]
75: [ 16 27 56 66 69 73 136 148 169 180 213 241 248 ]
76: [ 10 18 88 98 130 136 168 193 215 220 228 ]
77: [ 4 11 14 18 25 33 35 50 60 61 84 102 114 117 126 144 153 164 189 195 205 211 236 ]
78: [ 41 48 92 102 129 132 135 138 152 166 219 220 234 ]
79: [ 10 13 46 56 94 95 128 137 166 178 182 202 214 237 245 ]
80: [ 33 40 41 44 54 89 95 109 130 154 209 210 217 230 ]
81: [ 10 11 28 32 37 43 56 62 68 82 88 95 101 130 159 169 176 180 190 194 211 214 222 246 248 ]
82: [ 16 26 28 36 39 71 74 81 94 116 121 123 152 162 168 185 192 193 228 232 ]
83: [ 116 132 207 213 241 ]
84: [ 2 13 26 57 77 95 102 113 129 133 135 140 143 145 166 170 172 189 191 205 213 216 232 238 ]
85: [ 17 46 89 96 121 125 137 154 183 231 ]
86: [ 4 5 21 23 24 42 52 91 95 108 135 142 144 151 152 164 170 171 178 182 183 203 223 243 250 ]
87: [ 12 35 56 57 93 103 120 138 152 245 ]
88: [ 25 37 48 53 66 76 81 104 108 133 146 156 158 214 228 ]
89: [ 3 10 33 37 59 61 80 85 107 126 138 160 167 171 176 183 188 205 206 244 ]
90: [ 12 27 48 128 163 169 193 248 ]
91: [ 3 6 13 14 39 86 110 124 133 143 146 171 175 220 226 241 245 ]
92: [ 44 47 78 107 108 137 148 153 193 231 244 ]
93: [ 3 47 63 64 87 101 116 128 129 151 210 245 ]
94: [ 5 19 20 35 39 41 48 61 65 79 82 108 109 117 125 177 193 196 206 221 226 ]
95: [ 41 50 66 79 80 81 84 86 127 138 140 169 175 195 208 224 ]
96: [ 37 46 52 85 98 135 138 156 166 168 193 206 208 220 224 231 243 ]
97: [ 5 10 19 34 39 69 70 71 102 103 120 122 153 169 190 194 217 220 235 ]
98: [ 1 3 24 35 39 54 76 96 111 132 151 159 180 210 228 236 ]
99: [ 65 109 161 166 170 189 202 ]
100: [ 7 9 29 42 59 173 217 219 221 ]
101: [ 64 81 93 114 125 134 144 161 164 212 216 233 ]
102: [ 16 18 23 26 54 57 77 78 84 97 105 118 129 162 169 170 178 212 218 227 232 ]
103: [ 9 46 49 87 97 113 116 118 129 141 147 168 169 193 207 213 ]
104: [ 3 27 88 106 115 119 135 144 156 175 213 232 239 ]
105: [ 26 39 61 62 72 102 125 137 145 182 187 196 240 245 ]
106: [ 14 19 45 53 62 104 123 136 138 142 159 176 179 186 215 ]
107: [ 51 56 89 92 109 154 157 166 167 174 207 219 222 227 237 ]
108: [ 16 27 35 42 57 60 71 86 88 92 94 124 128 141 148 155 168 177 180 197 222 233 243 246 ]
109: [ 4 23 38 46 50 63 80 94 99 107 113 138 148 151 156 162 185 214 ]
110: [ 5 69 70 91 113 137 145 148 154 182 ]
111: [ 16 26 33 40 42 50 67 98 115 135 136 148 191 196 206 223 228 246 250 ]
112: [ 13 14 19 41 47 53 61 141 146 158 161 214 229 242 243 248 ]
113: [ 19 21 29 30 56 64 84 103 109 110 115 120 130 131 140 191 208 210 217 239 ]
114: [ 21 22 25 53 77 101 124 144 145 159 197 217 232 ]
115: [ 37 39 64 68 71 72 73 104 111 113 132 195 240 244 ]
116: [ 1 14 16 43 82 83 93 103 117 118 125 146 150 151 168 187 192 195 211 225 244 ]
117: [ 14 43 56 68 77 94 116 125 135 137 169 202 240 ]
118: [ 5 56 57 61 73 102 103 116 148 175 178 228 231 248 ]
119: [ 52 104 129 138 193 229 243 ]
120: [ 5 23 39 71 73 87 97 113 142 145 146 169 181 196 200 202 222 224 250 ]
121: [ 16 42 47 61 82 85 124 149 156 161 171 173 183 188 191 196 199 206 207 233 ]
122: [ 18 22 35 42 97 144 145 146 173 197 ]
123: [ 82 106 169 190 250 ]
124: [ 4 12 44 91 108 114 121 152 164 181 190 196 213 233 241 ]
125: [ 5 12 18 31 40 56 67 69 70 73 85 94 101 105 116 117 139 141 143 155 177 193 206 209 213 243 ]
126: [ 10 16 19 25 40 77 89 128 143 146 148 159 187 192 196 ]
127: [ 8 24 57 95 131 153 170 205 232 245 ]
128: [ 38 41 56 57 79 90 93 108 126 136 151 158 164 167 168 193 195 197 217 220 230 ]
129: [ 18 26 31 41 61 78 84 93 102 103 119 136 166 177 181 193 235 236 ]
130: [ 5 30 32 40 48 61 76 80 81 113 146 155 207 217 233 249 ]
131: [ 113 127 170 181 233 243 ]
132: [ 27 40 42 61 66 67 78 83 98 115 135 137 148 190 207 ]
133: [ 22 69 74 84 88 91 153 191 194 207 208 237 247 ]
134: [ 5 22 53 58 67 101 140 141 148 151 202 208 212 231 241 245 249 ]
135: [ 9 15 16 23 27 37 38 64 78 84 86 96 104 111 117 132 154 160 188 239 243 244 ]
136: [ 53 75 76 106 111 128 129 170 173 179 202 ]
137: [ 13 23 36 66 72 79 85 92 105 110 117 132 155 177 210 211 238 ]
138: [ 3 9 15 18 27 63 69 78 87 89 95 96 106 109 119 165 179 216 241 243 247 ]
139: [ 6 25 42 58 125 176 215 221 246 ]
140: [ 84 95 113 134 153 202 236 ]
141: [ 11 27 38 47 48 103 108 112 125 134 156 157 159 244 245 ]
142: [ 86 106 120 179 197 ]
143: [ 31 47 84 91 125 126 156 157 206 233 245 248 ]
144: [ 2 6 14 24 36 58 67 77 86 101 104 114 122 196 204 218 236 ]
145: [ 2 15 24 46 48 54 61 62 69 84 105 110 114 120 122 147 158 190 231 235 ]
146: [ 8 71 88 91 112 116 120 122 126 130 148 183 187 191 213 223 ]
147: [ 9 37 57 103 145 189 229 239 ]
148: [ 5 29 41 48 65 75 92 108 109 110 111 118 126 132 134 146 153 162 163 191 205 217 247 ]
149: [ 3 34 49 53 59 121 169 177 184 186 220 231 ]
150: [ 28 116 164 181 193 ]
151: [ 28 48 69 86 93 98 109 116 128 134 ]
152: [ 25 78 82 86 87 124 162 172 177 178 179 212 219 ]
153: [ 11 19 24 46 62 77 92 97 127 133 140 148 168 177 186 188 189 194 212 214 221 223 236 ]
154: [ 10 19 31 38 56 61 63 80 85 107 110 135 161 189 191 193 196 197 202 217 225 244 ]
155: [ 19 33 43 44 60 72 108 125 130 137 169 171 200 211 213 216 ]
156: [ 1 5 7 17 31 50 88 96 104 109 121 141 143 172 189 193 214 ]
157: [ 22 23 45 61 72 107 141 143 162 168 190 207 212 240 ]
158: [ 4 16 43 88 112 128 145 176 195 210 229 ]
159: [ 8 10 14 15 48 58 81 98 106 114 126 141 160 174 180 186 219 222 228 233 245 ]
160: [ 8 10 29 43 64 74 89 135 159 202 224 ]
161: [ 15 18 27 49 61 73 99 101 112 121 154 165 182 187 191 192 211 215 230 246 ]
162: [ 12 18 29 34 82 102 109 148 152 157 190 194 210 213 223 229 230 234 ]
163: [ 12 17 64 65 72 90 148 194 200 212 224 ]
164: [ 10 11 23 39 46 61 66 77 86 101 124 128 150 177 217 220 235 ]
165: [ 11 138 161 167 183 207 246 ]
166: [ 30 32 33 44 47 56 66 78 79 84 96 99 107 129 177 182 192 212 215 229 246 ]
167: [ 8 17 34 47 89 107 128 165 169 188 237 246 249 ]
168: [ 1 6 20 70 76 82 96 103 108 116 128 153 157 ]
169: [ 27 52 73 75 81 90 95 97 102 103 117 120 123 149 155 167 184 215 231 ]
170: [ 5 39 47 53 73 84 86 99 102 127 131 136 177 179 186 192 215 ]
171: [ 37 74 86 89 91 121 155 177 199 242 ]
172: [ 24 27 28 31 59 61 63 69 84 152 156 202 207 216 219 245 ]
173: [ 17 20 33 48 53 100 121 122 136 176 179 181 182 221 223 ]
174: [ 27 34 107 159 189 205 208 ]
175: [ 11 23 67 91 95 104 118 188 213 216 218 234 242 245 247 ]
176: [ 7 8 74 81 89 106 139 158 173 214 217 ]
177: [ 30 72 94 108 125 129 137 149 152 153 164 166 170 171 191 201 228 234 236 240 243 245 ]
178: [ 24 25 79 86 102 118 152 239 250 ]
179: [ 4 8 50 56 57 106 136 138 142 152 170 173 232 ]
180: [ 5 21 23 30 37 38 41 44 46 56 75 81 98 108 159 194 198 208 ]
181: [ 28 32 34 120 124 129 131 150 173 185 190 195 197 198 211 217 230 ]
182: [ 47 79 86 105 110 161 166 173 217 223 224 226 245 248 ]
183: [ 66 85 86 89 121 146 165 241 ]
184: [ 54 58 149 169 224 231 ]
185: [ 9 58 61 82 109 181 188 208 ]
186: [ 45 51 55 106 149 153 159 170 197 226 230 240 242 ]
187: [ 8 14 15 50 105 116 126 146 161 233 ]
188: [ 33 46 52 55 65 89 121 135 153 167 175 185 196 200 203 206 219 232 249 ]
189: [ 21 42 46 51 58 67 77 84 99 147 153 154 156 174 203 ]
190: [ 33 43 81 97 123 124 132 145 157 162 181 208 232 234 239 241 242 249 ]
191: [ 15 34 59 61 84 111 113 121 133 146 148 154 161 177 195 205 224 250 ]
192: [ 6 42 56 82 116 126 161 166 170 211 239 250 ]
193: [ 5 26 39 57 76 82 90 92 94 96 103 119 125 128 129 150 154 156 202 227 233 ]
194: [ 5 34 46 81 97 133 153 162 163 180 235 248 ]
195: [ 17 29 37 57 77 95 115 116 128 158 181 191 210 234 249 ]
196: [ 31 53 62 66 68 74 94 105 111 120 121 124 126 144 154 188 221 236 ]
197: [ 1 2 25 28 36 60 108 114 122 128 142 154 181 186 207 235 238 242 247 ]
198: [ 16 39 180 181 214 221 233 ]
199: [ 31 121 171 214 220 246 ]
200: [ 18 50 67 120 155 163 188 208 ]
201: [ 36 43 177 ]
202: [ 20 36 39 69 71 74 79 99 117 120 134 136 140 154 160 172 193 205 226 248 ]
203: [ 1 54 86 188 189 205 209 237 241 248 ]
204: [ 4 8 58 144 233 239 240 ]
205: [ 3 35 52 55 61 73 77 84 89 127 148 174 191 202 203 215 222 227 235 ]
206: [ 27 89 94 96 111 121 125 143 188 230 ]
207: [ 3 24 30 33 46 62 64 83 103 107 121 130 132 133 157 165 172 197 ]
208: [ 3 12 38 63 67 95 96 113 133 134 174 180 185 190 200 213 217 225 227 232 ]
209: [ 48 80 125 203 ]
210: [ 5 33 45 58 65 80 93 98 113 137 158 162 195 212 250 ]
211: [ 4 51 55 77 81 116 137 155 161 181 192 214 217 224 225 226 229 ]
212: [ 9 13 46 53 63 101 102 134 152 153 157 163 166 210 231 244 245 ]
213: [ 4 11 15 23 47 67 75 83 84 103 104 124 125 146 155 162 175 208 219 250 ]
214: [ 6 14 21 46 63 79 81 88 109 112 153 156 176 198 199 211 226 235 243 246 ]
215: [ 15 27 58 59 76 106 139 161 166 169 170 205 216 221 ]
216: [ 3 8 29 58 84 101 138 155 172 175 215 230 232 240 ]
217: [ 30 59 80 97 100 113 114 128 130 148 154 164 176 181 182 208 211 224 233 238 243 250 ]
218: [ 3 19 45 67 102 144 175 226 240 241 ]
219: [ 27 30 78 100 107 152 159 172 188 213 227 240 ]
220: [ 23 32 66 76 78 91 96 97 128 149 164 199 ]
221: [ 5 11 14 17 38 56 94 100 139 153 173 196 198 215 229 240 241 250 ]
222: [ 61 81 107 108 120 159 205 ]
223: [ 42 86 111 146 153 162 173 182 ]
224: [ 26 42 44 45 60 64 95 96 120 160 163 182 184 191 211 217 ]
225: [ 46 73 116 154 208 211 ]
226: [ 8 9 27 28 33 48 56 91 94 182 186 202 211 214 218 ]
227: [ 7 8 42 55 102 107 193 205 208 219 247 ]
228: [ 3 4 9 12 76 82 88 98 111 118 159 177 ]
229: [ 4 8 17 18 51 55 67 72 112 119 147 158 162 166 211 221 230 232 ]
230: [ 1 9 49 54 57 80 128 161 162 181 186 206 216 229 241 ]
231: [ 45 47 55 60 64 65 67 85 92 96 118 134 145 149 169 184 212 233 242 246 ]
232: [ 82 84 102 104 114 127 179 188 190 208 216 229 244 ]
233: [ 12 27 29 35 46 64 101 108 121 124 130 131 143 159 187 193 198 204 217 231 241 242 ]
234: [ 55 78 162 175 177 190 195 242 ]
235: [ 34 36 38 41 46 97 129 145 164 194 197 205 214 236 ]
236: [ 26 35 39 40 56 67 77 98 129 140 144 153 177 196 235 ]
237: [ 1 34 55 79 107 133 167 203 ]
238: [ 13 14 84 137 197 217 241 ]
239: [ 6 18 44 73 104 113 135 147 178 190 192 204 ]
240: [ 8 25 29 46 65 69 105 115 117 157 177 186 204 216 218 219 221 242 ]
241: [ 1 10 20 33 39 50 62 75 83 91 124 134 138 183 190 203 218 221 230 233 238 ]
242: [ 18 42 60 62 112 171 175 186 190 197 231 233 234 240 247 ]
243: [ 13 18 34 41 50 86 96 108 112 119 125 131 135 138 177 214 217 247 249 ]
244: [ 14 26 27 31 61 68 74 89 92 115 116 135 141 154 212 232 ]
245: [ 4 8 9 14 20 27 47 55 62 79 87 91 93 105 127 134 141 143 159 172 175 177 182 212 ]
246: [ 3 19 41 46 56 57 62 81 108 111 139 161 165 166 167 199 214 231 ]
247: [ 3 29 46 50 59 74 133 138 148 175 197 227 242 243 ]
248: [ 10 14 15 31 42 60 75 81 90 112 118 143 182 194 202 203 ]
249: [ 45 48 57 73 130 134 167 188 190 195 243 ]
250: [ 37 49 55 58 86 111 120 123 178 191 192 210 213 217 221 ]
