1: [ 48 55 69 82 98 116 124 125 159 164 176 247 249 ]
2: [ 13 94 97 155 162 169 211 248 ]
3: [ 10 12 14 21 29 31 91 93 118 142 198 215 217 250 ]
4: [ 41 86 90 111 153 156 157 195 199 214 234 ]
5: [ 16 22 42 49 85 99 103 110 149 155 156 160 171 175 191 211 239 ]
6: [ 27 29 38 52 67 84 87 99 102 114 118 134 147 149 156 183 205 208 229 231 ]
7: [ 14 59 67 71 104 117 121 124 141 158 172 173 185 190 195 201 206 217 226 242 243 ]
8: [ 10 34 45 47 58 67 87 89 102 115 160 173 184 ]
9: [ 18 23 39 42 74 97 101 133 147 148 164 170 202 203 209 225 242 ]
10: [ 3 8 12 37 60 95 117 118 125 133 139 140 174 177 180 192 196 197 214 249 ]
11: [ 13 91 99 103 116 135 200 211 217 219 ]
12: [ 3 10 20 89 118 120 123 130 141 155 157 159 173 176 197 204 205 ]
13: [ 2 11 16 19 38 39 43 54 62 74 76 84 95 104 133 139 141 154 160 162 180 182 224 ]
14: [ 3 7 26 74 89 90 107 182 190 209 ]
15: [ 18 51 55 104 144 220 ]
16: [ 5 13 24 28 39 48 52 97 120 143 144 160 177 178 185 197 205 217 ]
17: [ 47 58 136 159 170 181 198 202 209 233 ]
18: [ 9 15 40 47 54 57 69 82 104 112 117 121 127 181 185 195 208 242 243 ]
19: [ 13 20 39 51 54 66 73 74 111 114 131 158 195 203 210 213 229 230 249 ]
20: [ 12 19 22 121 148 201 214 242 ]
21: [ 3 44 67 134 135 136 173 219 220 221 223 230 238 250 ]
22: [ 5 20 43 56 57 82 83 95 111 123 138 172 174 193 211 232 239 ]
23: [ 9 62 223 245 250 ]
24: [ 16 38 51 56 62 78 94 95 108 116 125 127 157 171 187 207 246 ]
25: [ 62 149 181 226 240 ]
26: [ 14 70 72 92 94 116 144 152 174 179 218 ]
27: [ 6 47 61 66 107 127 141 153 193 194 197 202 207 ]
28: [ 16 70 153 156 157 182 187 247 ]
29: [ 3 6 36 42 46 47 48 52 53 68 83 111 121 139 157 163 172 173 175 179 180 187 206 212 217 227 242 ]
30: [ 43 86 118 151 154 175 214 242 ]
31: [ 3 35 37 44 53 61 93 98 128 142 146 184 186 204 226 239 248 ]
32: [ 42 56 64 73 98 118 119 170 178 188 195 199 222 224 ]
33: [ 86 104 150 177 193 220 224 243 ]
34: [ 8 95 129 152 185 189 191 204 ]
35: [ 31 45 128 185 209 244 ]
36: [ 29 71 90 105 150 175 209 210 224 ]
37: [ 10 31 39 65 67 97 103 142 153 171 182 197 243 249 ]
38: [ 6 13 24 46 48 59 61 62 65 70 98 116 124 125 133 139 143 183 189 229 235 ]
39: [ 9 13 16 19 37 48 54 55 84 87 122 124 140 143 144 162 202 211 ]
40: [ 18 54 94 124 136 144 157 169 171 189 ]
41: [ 4 43 57 58 80 85 89 93 94 97 105 153 186 195 197 207 216 220 224 226 239 246 248 250 ]
42: [ 5 9 29 32 56 64 66 74 88 120 125 126 148 161 162 172 185 214 230 237 240 250 ]
43: [ 13 22 30 41 56 70 87 91 105 111 158 170 172 195 220 222 238 242 247 250 ]
44: [ 21 31 86 96 111 130 145 149 217 ]
45: [ 8 35 56 58 67 87 119 122 127 145 147 151 171 175 209 215 233 247 ]
46: [ 29 38 97 121 125 164 174 ]
47: [ 8 17 18 27 29 130 138 180 201 214 224 227 243 248 ]
48: [ 1 16 29 38 39 51 61 63 81 89 128 152 154 189 200 220 234 241 ]
49: [ 5 55 65 66 80 89 92 94 108 129 134 143 185 196 212 217 226 ]
50: [ 98 136 248 ]
51: [ 15 19 24 48 52 60 72 74 79 93 96 114 115 117 141 143 147 173 210 215 221 223 231 237 ]
52: [ 6 16 29 51 53 78 103 114 122 125 128 143 156 199 230 234 ]
53: [ 29 31 52 60 63 70 99 117 122 130 144 148 154 157 181 197 199 231 236 239 241 242 243 247 ]
54: [ 13 18 19 39 40 73 75 97 98 109 111 128 158 183 187 189 219 224 245 ]
55: [ 1 15 39 49 69 78 87 102 111 124 127 142 169 173 186 206 213 226 228 237 249 ]
56: [ 22 24 32 42 43 45 69 95 96 112 129 133 138 145 148 150 167 189 200 205 215 240 ]
57: [ 18 22 41 58 59 69 119 125 136 143 162 164 168 205 214 223 ]
58: [ 8 17 41 45 57 60 72 91 137 144 151 160 171 173 174 193 213 250 ]
59: [ 7 38 57 92 103 104 143 149 177 179 192 199 200 217 221 239 ]
60: [ 10 51 53 58 61 70 85 92 99 100 155 162 172 193 200 207 210 225 ]
61: [ 27 31 38 48 60 126 131 147 187 233 238 ]
62: [ 13 23 24 25 38 68 83 127 131 136 139 152 177 196 223 231 244 ]
63: [ 48 53 70 149 164 183 210 ]
64: [ 32 42 68 70 123 124 130 148 151 159 161 164 173 179 186 200 241 243 ]
65: [ 37 38 49 76 80 81 82 110 120 125 142 143 148 168 191 223 250 ]
66: [ 19 27 42 49 82 83 93 156 174 186 191 204 206 216 ]
67: [ 6 7 8 21 37 45 71 117 142 158 163 171 175 180 199 207 208 212 214 229 231 235 237 242 ]
68: [ 29 62 64 164 209 216 233 247 ]
69: [ 1 18 55 56 57 76 87 94 99 117 123 147 162 173 187 195 205 226 227 228 238 240 ]
70: [ 26 28 38 43 53 60 63 64 73 75 126 128 139 154 183 190 197 205 211 235 ]
71: [ 7 36 67 89 103 132 153 165 171 204 211 240 ]
72: [ 26 51 58 137 177 224 232 ]
73: [ 19 32 54 70 117 133 142 144 149 159 177 232 240 243 247 ]
74: [ 9 13 14 19 42 51 89 102 104 123 127 128 130 148 159 187 188 201 225 229 246 ]
75: [ 54 70 155 180 208 217 233 250 ]
76: [ 13 65 69 91 102 112 114 136 141 170 187 197 203 215 219 225 238 243 ]
77: [ 89 106 118 126 136 159 166 179 209 229 247 250 ]
78: [ 24 52 55 158 162 170 175 191 196 204 211 229 242 ]
79: [ 51 90 94 95 99 138 173 177 222 225 235 ]
80: [ 41 49 65 83 84 86 102 111 112 114 138 185 205 233 245 ]
81: [ 48 65 107 131 152 189 234 243 ]
82: [ 1 18 22 65 66 113 115 128 146 169 176 183 205 219 233 245 ]
83: [ 22 29 62 66 80 84 95 101 120 175 195 199 219 ]
84: [ 6 13 39 80 83 91 104 120 157 170 176 195 201 202 219 250 ]
85: [ 5 41 60 100 101 107 130 137 143 184 193 ]
86: [ 4 30 33 44 80 96 98 110 114 123 124 155 178 180 188 195 224 ]
87: [ 6 8 39 43 45 55 69 91 103 121 122 151 171 196 206 216 221 229 ]
88: [ 42 93 105 109 128 141 162 173 196 198 202 214 220 225 245 ]
89: [ 8 12 14 41 48 49 71 74 77 104 107 123 127 167 171 214 246 ]
90: [ 4 14 36 79 130 133 152 159 176 186 213 ]
91: [ 3 11 43 58 76 84 87 108 192 201 225 226 237 ]
92: [ 26 49 59 60 96 101 104 121 132 134 138 157 169 179 200 206 216 ]
93: [ 3 31 41 51 66 88 95 98 105 109 149 150 153 162 166 177 179 223 232 ]
94: [ 2 24 26 40 41 49 69 79 185 201 203 211 228 ]
95: [ 10 13 22 24 34 56 79 83 93 103 107 116 118 141 153 175 184 191 201 213 229 249 ]
96: [ 44 51 56 86 92 98 112 118 125 126 152 173 177 182 183 194 206 217 224 233 235 250 ]
97: [ 2 9 16 37 41 46 54 102 107 111 151 166 196 215 231 240 ]
98: [ 1 31 32 38 50 54 86 93 96 99 105 138 156 168 173 179 207 214 222 232 236 246 ]
99: [ 5 6 11 53 60 69 79 98 166 176 196 199 222 229 ]
100: [ 60 85 139 152 179 186 196 240 243 250 ]
101: [ 9 83 85 92 117 165 189 212 229 ]
102: [ 6 8 55 74 76 80 97 118 141 198 206 210 224 229 ]
103: [ 5 11 37 52 59 71 87 95 116 126 134 151 162 165 174 175 198 214 228 230 ]
104: [ 7 13 15 18 33 59 74 84 89 92 125 126 148 150 178 201 ]
105: [ 36 41 43 88 93 98 118 164 166 ]
106: [ 77 159 203 205 206 213 ]
107: [ 14 27 81 85 89 95 97 122 146 159 183 185 217 222 231 235 ]
108: [ 24 49 91 136 152 164 183 185 212 ]
109: [ 54 88 93 118 136 148 156 169 197 200 205 240 248 ]
110: [ 5 65 86 119 146 151 156 176 179 198 205 218 226 232 235 ]
111: [ 4 19 22 29 43 44 54 55 80 97 125 149 153 187 192 199 210 225 248 ]
112: [ 18 56 76 80 96 113 130 155 177 187 191 215 225 237 240 247 248 ]
113: [ 82 112 135 153 174 217 238 248 ]
114: [ 6 19 51 52 76 80 86 117 127 162 195 196 234 242 ]
115: [ 8 51 82 119 148 154 157 176 197 212 ]
116: [ 1 11 24 26 38 95 103 136 140 155 163 165 186 192 226 243 ]
117: [ 7 10 18 51 53 67 69 73 101 114 123 131 137 173 177 184 205 211 217 219 ]
118: [ 3 6 10 12 30 32 77 95 96 102 105 109 122 123 128 140 159 173 197 248 ]
119: [ 32 45 57 110 115 124 125 127 137 142 159 160 166 169 191 196 197 230 236 ]
120: [ 12 16 42 65 83 84 132 159 166 171 180 181 187 196 207 214 221 226 ]
121: [ 7 18 20 29 46 87 92 132 158 161 184 198 199 236 248 ]
122: [ 39 45 52 53 87 107 118 128 152 176 180 195 208 ]
123: [ 12 22 64 69 74 86 89 117 118 125 149 159 162 202 209 213 234 236 248 ]
124: [ 1 7 38 39 40 55 64 86 119 138 142 153 172 178 213 223 230 249 250 ]
125: [ 1 10 24 38 42 46 52 57 65 96 104 111 119 123 142 143 149 165 176 177 186 196 200 210 211 219 222 237 247 ]
126: [ 42 61 70 77 96 103 104 149 163 187 195 224 226 227 230 250 ]
127: [ 18 24 27 45 55 62 74 89 114 119 129 130 134 145 192 205 210 211 213 237 241 ]
128: [ 31 35 48 52 54 70 74 82 88 118 122 151 170 221 ]
129: [ 34 49 56 127 138 143 180 226 235 239 240 ]
130: [ 12 44 47 53 64 74 85 90 112 127 136 148 152 172 179 182 187 191 200 220 226 228 231 233 239 245 ]
131: [ 19 61 62 81 117 162 163 168 180 197 204 207 240 ]
132: [ 71 92 120 121 153 161 167 213 250 ]
133: [ 9 10 13 38 56 73 90 135 147 149 153 162 181 189 212 249 ]
134: [ 6 21 49 92 103 127 164 176 183 195 199 210 223 227 248 ]
135: [ 11 21 113 133 139 249 ]
136: [ 17 21 40 50 57 62 76 77 108 109 116 130 138 160 164 180 183 189 194 ]
137: [ 58 72 85 117 119 151 196 212 217 220 224 242 247 ]
138: [ 22 47 56 79 80 92 98 124 129 136 141 178 188 206 210 211 235 ]
139: [ 10 13 29 38 62 70 100 135 146 162 167 201 225 ]
140: [ 10 39 116 118 147 169 178 186 195 233 ]
141: [ 7 12 13 27 51 76 88 95 102 138 175 180 186 211 212 214 217 ]
142: [ 3 31 37 55 65 67 73 119 124 125 193 212 228 ]
143: [ 16 38 39 49 51 52 57 59 65 85 125 129 160 174 181 187 215 229 237 246 ]
144: [ 15 16 26 39 40 53 58 73 202 208 215 232 ]
145: [ 44 45 56 127 148 162 194 198 215 ]
146: [ 31 82 107 110 139 198 201 242 ]
147: [ 6 9 45 51 61 69 133 140 164 166 176 181 183 195 196 198 204 221 225 245 ]
148: [ 9 20 42 53 56 64 65 74 104 109 115 130 145 195 196 205 224 240 241 ]
149: [ 5 6 25 44 59 63 73 93 111 123 125 126 133 165 167 192 204 234 236 240 244 ]
150: [ 33 36 56 93 104 207 212 226 232 ]
151: [ 30 45 58 64 87 97 103 110 128 137 187 190 202 226 234 ]
152: [ 26 34 48 62 81 90 96 100 108 122 130 165 200 ]
153: [ 4 27 28 37 41 71 93 95 111 113 124 132 133 154 179 233 242 ]
154: [ 13 30 48 53 70 115 153 157 159 160 166 187 201 215 ]
155: [ 2 5 12 60 75 86 112 116 156 179 181 190 200 235 243 ]
156: [ 4 5 6 28 52 66 98 109 110 155 192 209 210 212 214 248 ]
157: [ 4 12 24 28 29 40 53 84 92 115 154 174 175 179 180 216 231 ]
158: [ 7 19 43 54 67 78 121 162 172 174 195 197 203 248 ]
159: [ 1 12 17 64 73 74 77 90 106 107 118 119 120 123 154 180 198 202 205 230 241 247 250 ]
160: [ 5 8 13 16 58 119 136 143 154 173 176 ]
161: [ 42 64 121 132 239 ]
162: [ 2 13 39 42 57 60 69 78 88 93 103 114 123 131 133 139 145 158 168 187 195 204 205 215 248 ]
163: [ 29 67 116 126 131 202 208 ]
164: [ 1 9 46 57 63 64 68 105 108 134 136 147 187 196 201 217 226 227 232 239 246 ]
165: [ 71 101 103 116 125 149 152 167 169 187 206 208 210 211 247 249 ]
166: [ 77 93 97 99 105 119 120 147 154 183 235 ]
167: [ 56 89 132 139 149 165 181 192 200 245 ]
168: [ 57 65 98 131 162 221 232 ]
169: [ 2 40 55 82 92 109 119 140 165 180 189 191 ]
170: [ 9 17 32 43 76 78 84 128 179 181 201 207 230 235 247 ]
171: [ 5 24 37 40 45 58 67 71 87 89 120 206 209 217 232 247 249 ]
172: [ 7 22 29 42 43 60 124 130 158 184 190 209 221 223 228 233 242 ]
173: [ 7 8 12 21 29 51 55 58 64 69 79 88 96 98 117 118 160 202 217 229 237 238 248 ]
174: [ 10 22 26 46 58 66 103 113 143 157 158 184 189 195 205 230 245 248 ]
175: [ 5 29 30 36 45 67 78 83 95 103 141 157 183 190 211 212 240 ]
176: [ 1 12 82 84 90 99 110 115 122 125 134 147 160 220 242 ]
177: [ 10 16 33 59 62 72 73 79 93 96 112 117 125 181 214 215 223 245 ]
178: [ 16 32 86 104 124 138 140 240 243 ]
179: [ 26 29 59 64 77 92 93 98 100 110 130 153 155 157 170 181 196 210 224 231 232 238 ]
180: [ 10 13 29 47 67 75 86 120 122 129 131 136 141 157 159 169 197 205 243 ]
181: [ 17 18 25 53 120 133 143 147 155 167 170 177 179 196 209 222 234 244 250 ]
182: [ 13 14 28 37 96 130 ]
183: [ 6 38 54 63 70 82 96 107 108 134 136 147 166 175 187 191 ]
184: [ 8 31 85 95 117 121 172 174 206 219 237 ]
185: [ 7 16 18 34 35 42 49 80 94 107 108 240 250 ]
186: [ 31 41 55 64 66 90 100 116 125 140 141 196 202 ]
187: [ 24 28 29 54 61 69 74 76 111 112 120 126 130 143 151 154 162 164 165 183 192 197 198 207 220 239 246 ]
188: [ 32 74 86 138 212 219 227 230 ]
189: [ 34 38 40 48 54 56 81 101 133 136 169 174 192 198 199 201 202 205 223 231 242 ]
190: [ 7 14 70 151 155 172 175 192 208 224 230 232 ]
191: [ 5 34 65 66 78 95 112 119 130 169 183 202 204 206 211 215 242 248 250 ]
192: [ 10 59 91 111 116 127 149 156 167 187 189 190 196 246 ]
193: [ 22 27 33 58 60 85 142 208 226 ]
194: [ 27 96 136 145 203 224 239 242 246 ]
195: [ 4 7 18 19 32 41 43 69 83 84 86 114 122 126 134 140 147 148 158 162 174 196 201 223 225 250 ]
196: [ 10 49 62 78 87 88 97 99 100 114 119 120 125 137 147 148 164 179 181 186 192 195 206 229 241 249 ]
197: [ 10 12 16 27 37 41 53 70 76 109 115 118 119 131 158 180 187 202 217 224 231 232 ]
198: [ 3 17 88 102 103 110 121 145 146 147 159 187 189 207 222 225 248 ]
199: [ 4 32 52 53 59 67 83 99 111 121 134 189 212 217 234 ]
200: [ 11 48 56 59 60 64 92 109 125 130 152 155 167 212 214 215 218 225 237 242 243 ]
201: [ 7 20 47 74 84 91 94 95 104 139 146 154 164 170 189 195 223 224 225 231 235 239 249 ]
202: [ 9 17 27 39 84 88 123 144 151 159 163 173 186 189 191 197 204 228 ]
203: [ 9 19 76 94 106 158 194 204 212 214 ]
204: [ 12 31 34 66 71 78 131 147 149 162 191 202 203 230 231 ]
205: [ 6 12 16 56 57 69 70 80 82 106 109 110 117 127 148 159 162 174 180 189 ]
206: [ 7 29 55 66 87 92 96 102 106 138 165 171 184 191 196 219 224 229 233 237 248 ]
207: [ 24 27 41 60 67 98 120 131 150 170 187 198 210 228 241 ]
208: [ 6 18 67 75 122 144 163 165 190 193 216 241 ]
209: [ 9 14 17 35 36 45 68 77 123 156 171 172 181 229 240 242 ]
210: [ 19 36 51 60 63 102 111 125 127 134 138 156 165 179 207 214 229 232 236 239 242 247 ]
211: [ 2 5 11 22 39 70 71 78 94 117 125 127 138 141 165 175 191 219 228 235 ]
212: [ 29 49 67 101 108 115 133 137 141 142 150 156 175 188 199 200 203 236 239 246 ]
213: [ 19 55 58 90 95 106 123 124 127 132 225 240 ]
214: [ 4 10 20 30 42 47 57 67 88 89 98 103 120 141 156 177 200 203 210 226 228 249 ]
215: [ 3 45 51 56 76 97 112 143 144 145 154 162 177 191 200 239 245 ]
216: [ 41 66 68 87 92 157 208 231 ]
217: [ 3 7 11 16 29 44 49 59 75 96 107 113 117 137 141 164 171 173 197 199 222 238 242 ]
218: [ 26 110 200 228 ]
219: [ 11 21 54 76 82 83 84 117 125 184 188 206 211 ]
220: [ 15 21 33 41 43 48 88 130 137 176 187 243 ]
221: [ 21 51 59 87 120 128 147 168 172 ]
222: [ 32 43 79 98 99 107 125 181 198 217 244 249 ]
223: [ 21 23 51 57 62 65 93 124 134 172 177 189 195 201 227 231 ]
224: [ 13 32 33 36 41 47 54 72 86 96 102 126 137 148 179 190 194 197 201 206 241 ]
225: [ 9 60 74 76 79 88 91 111 112 139 147 195 198 200 201 213 ]
226: [ 7 25 31 41 49 55 69 91 110 116 120 126 129 130 150 151 164 193 214 234 ]
227: [ 29 47 69 126 134 164 188 223 231 238 ]
228: [ 55 69 94 103 130 142 172 202 207 211 214 218 234 238 245 ]
229: [ 6 19 38 67 74 77 78 87 95 99 101 102 143 173 196 206 209 210 ]
230: [ 19 21 42 52 103 119 124 126 159 170 174 188 190 204 243 ]
231: [ 6 51 53 62 67 97 107 130 157 179 189 197 201 204 216 223 227 240 ]
232: [ 22 72 73 93 98 110 144 150 164 168 171 179 190 197 210 248 ]
233: [ 17 45 61 68 75 80 82 96 130 140 153 172 206 ]
234: [ 4 48 52 81 114 123 149 151 181 199 226 228 240 247 ]
235: [ 38 67 70 79 96 107 110 129 138 155 166 170 201 211 236 ]
236: [ 53 98 119 121 123 149 210 212 235 ]
237: [ 42 51 55 67 91 112 125 127 143 173 184 200 206 245 ]
238: [ 21 43 61 69 76 113 173 179 217 227 228 ]
239: [ 5 22 31 41 53 59 129 130 161 164 187 194 201 210 212 215 ]
240: [ 25 42 56 69 71 73 97 100 109 112 129 131 148 149 175 178 185 209 213 231 234 250 ]
241: [ 48 53 64 127 148 159 196 207 208 224 ]
242: [ 7 9 18 20 29 30 43 53 67 78 114 137 146 153 172 176 189 191 194 200 209 210 217 ]
243: [ 7 18 33 37 47 53 64 73 76 81 100 116 155 178 180 200 220 230 247 ]
244: [ 35 62 149 181 222 ]
245: [ 23 54 80 82 88 130 147 167 174 177 215 228 237 ]
246: [ 24 41 74 89 98 143 164 187 192 194 212 ]
247: [ 1 28 43 45 53 68 73 77 112 125 137 159 165 170 171 210 234 243 ]
248: [ 2 31 41 47 50 109 111 112 113 118 121 123 134 156 158 162 173 174 191 198 206 232 ]
249: [ 1 10 19 37 55 95 124 133 135 165 171 196 201 214 222 250 ]
250: [ 3 21 23 41 42 43 58 65 75 77 84 96 100 124 126 132 159 181 185 191 195 240 249 ]
