1: [ 51 57 74 90 133 137 143 162 ]
2: [ 3 6 7 12 25 66 78 88 94 126 129 131 143 185 199 202 206 233 246 ]
3: [ 2 41 50 51 71 74 106 114 116 129 142 156 160 174 197 203 241 ]
4: [ 57 60 78 98 106 118 179 198 212 ]
5: [ 14 17 28 45 46 54 62 64 70 72 88 95 116 124 131 185 189 210 ]
6: [ 2 9 13 51 62 79 134 137 164 167 168 171 175 187 191 225 245 ]
7: [ 2 38 45 70 80 93 95 124 127 140 144 150 151 156 158 162 210 221 248 249 ]
8: [ 29 30 38 46 54 65 106 117 118 122 137 162 170 187 213 242 250 ]
9: [ 6 22 23 26 70 98 102 105 126 128 154 161 168 177 198 206 224 229 235 ]
10: [ 25 57 69 92 108 126 146 165 168 190 194 202 206 208 220 230 ]
11: [ 23 26 40 61 65 72 94 106 109 113 131 135 168 212 226 231 ]
12: [ 2 15 45 47 53 55 72 88 96 98 102 117 133 150 158 171 179 186 201 ]
13: [ 6 17 36 37 54 73 81 101 102 171 186 187 213 234 ]
14: [ 5 27 96 106 115 137 174 181 190 194 203 236 ]
15: [ 12 25 45 60 63 92 101 107 121 157 200 204 206 239 ]
16: [ 23 140 175 186 197 203 230 ]
17: [ 5 13 21 30 33 66 93 111 129 141 232 250 ]
18: [ 46 93 103 140 192 217 ]
19: [ 21 38 72 117 130 156 216 225 ]
20: [ 36 58 73 83 84 115 153 162 175 193 200 234 236 246 ]
21: [ 17 19 34 45 54 98 124 149 150 156 164 176 184 203 208 215 240 244 ]
22: [ 9 27 31 32 36 49 51 70 112 122 146 166 187 191 250 ]
23: [ 9 11 16 28 32 46 52 77 101 119 126 132 147 182 184 198 220 234 ]
24: [ 32 67 76 86 112 117 150 157 159 167 169 196 198 214 236 239 ]
25: [ 2 10 15 33 41 70 120 130 155 161 200 232 240 245 ]
26: [ 9 11 36 63 74 85 94 97 100 103 112 116 124 164 193 212 223 240 ]
27: [ 14 22 33 42 43 47 115 120 125 137 138 152 158 162 164 227 246 247 250 ]
28: [ 5 23 170 194 200 212 ]
29: [ 8 32 42 43 46 48 54 59 101 105 116 138 144 153 154 155 193 195 197 203 210 215 232 ]
30: [ 8 17 46 51 68 78 90 93 99 101 122 123 147 148 179 198 207 208 ]
31: [ 22 54 77 91 104 106 113 153 204 229 ]
32: [ 22 23 24 29 62 67 97 102 104 147 165 182 189 199 202 208 214 215 224 235 ]
33: [ 17 25 27 63 64 76 77 81 83 96 107 108 111 117 129 137 151 159 183 187 201 216 217 219 229 246 ]
34: [ 21 43 100 144 147 180 203 221 228 ]
35: [ 48 51 58 66 73 90 180 192 216 ]
36: [ 13 20 22 26 64 66 79 88 103 104 118 119 120 122 150 154 164 165 168 176 185 190 240 246 ]
37: [ 13 55 81 88 91 102 124 130 138 147 162 164 192 235 239 247 ]
38: [ 7 8 19 40 50 55 59 77 84 92 94 108 141 144 158 163 182 196 204 213 220 233 249 ]
39: [ 69 113 119 126 156 174 228 236 242 ]
40: [ 11 38 64 83 84 85 94 100 113 116 184 204 228 230 233 ]
41: [ 3 25 43 47 56 69 121 126 152 163 174 199 221 234 ]
42: [ 27 29 50 59 113 125 164 168 169 178 188 250 ]
43: [ 27 29 34 41 70 74 110 117 134 137 138 153 157 169 192 206 214 ]
44: [ 48 62 67 125 182 229 239 ]
45: [ 5 7 12 15 21 49 74 78 90 102 119 123 129 131 139 145 172 184 198 222 228 229 237 244 247 ]
46: [ 5 8 18 23 29 30 50 51 52 56 96 102 114 116 120 154 160 161 166 207 212 233 244 ]
47: [ 12 27 41 48 52 59 68 94 103 104 127 150 153 158 178 197 199 208 212 223 239 ]
48: [ 29 35 44 47 50 53 82 86 111 117 124 131 137 147 152 161 171 173 178 182 192 224 ]
49: [ 22 45 72 73 136 143 151 154 186 194 197 208 213 218 222 236 242 247 ]
50: [ 3 38 42 46 48 56 69 81 99 102 104 110 111 120 149 153 182 215 222 245 ]
51: [ 1 3 6 22 30 35 46 53 62 88 96 109 121 161 169 192 195 197 203 223 225 229 245 247 ]
52: [ 23 46 47 62 78 84 131 132 183 184 191 226 232 241 243 ]
53: [ 12 48 51 57 64 65 77 131 154 189 244 247 ]
54: [ 5 8 13 21 29 31 55 66 81 83 84 93 152 165 169 177 189 190 210 226 230 242 ]
55: [ 12 37 38 54 65 106 108 151 155 161 178 199 203 212 220 227 ]
56: [ 41 46 50 69 102 108 123 135 147 150 173 199 214 220 230 242 ]
57: [ 1 4 10 53 68 70 87 101 106 108 150 172 180 186 198 226 237 241 248 ]
58: [ 20 35 59 64 80 93 96 124 137 149 155 175 186 189 195 ]
59: [ 29 38 42 47 58 94 106 107 108 113 115 119 125 129 166 173 179 188 189 192 193 197 205 234 236 243 ]
60: [ 4 15 64 79 120 174 176 179 183 225 229 250 ]
61: [ 11 64 99 117 125 147 176 178 194 202 220 ]
62: [ 5 6 32 44 51 52 88 107 110 111 156 162 219 ]
63: [ 15 26 33 73 84 93 101 108 111 114 122 125 128 141 164 166 171 181 188 213 221 224 230 ]
64: [ 5 33 36 40 53 58 60 61 87 88 115 127 136 151 166 204 206 210 233 235 248 ]
65: [ 8 11 53 55 73 87 95 106 109 118 139 158 159 166 184 186 190 204 206 207 212 214 228 236 ]
66: [ 2 17 35 36 54 76 85 94 104 144 154 164 188 196 211 215 226 237 242 245 ]
67: [ 24 32 44 98 110 124 125 130 150 179 180 186 195 207 235 241 ]
68: [ 30 47 57 94 108 120 144 147 206 226 ]
69: [ 10 39 41 50 56 74 83 86 88 158 177 179 195 206 208 230 241 243 ]
70: [ 5 7 9 22 25 43 57 76 89 92 98 107 130 136 150 153 163 174 195 239 250 ]
71: [ 3 126 151 152 154 189 208 250 ]
72: [ 5 11 12 19 49 84 146 150 154 182 194 198 199 207 ]
73: [ 13 20 35 49 63 65 84 94 96 118 121 129 135 143 162 167 171 173 194 195 223 245 ]
74: [ 1 3 26 43 45 69 94 121 123 151 170 188 204 215 230 239 ]
75: [ 191 195 208 212 218 229 ]
76: [ 24 33 66 70 82 85 118 126 134 147 158 172 178 181 220 ]
77: [ 23 31 33 38 53 100 116 124 126 132 139 143 146 157 176 182 189 198 208 224 229 ]
78: [ 2 4 30 45 52 86 92 96 99 100 115 132 147 149 154 162 167 175 181 214 242 247 250 ]
79: [ 6 36 60 92 99 103 136 147 171 185 188 194 211 214 230 238 239 ]
80: [ 7 58 121 153 157 189 223 ]
81: [ 13 33 37 50 54 93 102 105 120 125 126 133 140 151 152 158 180 182 184 186 195 203 225 233 247 ]
82: [ 48 76 92 108 112 124 147 167 210 238 239 ]
83: [ 20 33 40 54 69 90 117 128 129 146 149 166 169 211 221 236 244 ]
84: [ 20 38 40 52 54 63 72 73 95 120 126 170 175 194 201 204 217 224 236 ]
85: [ 26 40 66 76 121 130 134 138 168 214 239 ]
86: [ 24 48 69 78 156 160 171 203 228 230 234 238 ]
87: [ 57 64 65 93 109 112 127 137 162 171 173 226 238 246 247 ]
88: [ 2 5 12 36 37 51 62 64 69 92 100 107 108 109 136 144 147 150 154 171 202 223 225 242 ]
89: [ 70 117 118 155 162 166 178 ]
90: [ 1 30 35 45 83 120 122 207 227 234 245 ]
91: [ 31 37 94 130 143 146 150 161 186 198 207 ]
92: [ 10 15 38 70 78 79 82 88 119 138 140 146 148 150 168 189 208 216 240 246 248 ]
93: [ 7 17 18 30 54 58 63 81 87 95 132 171 176 190 234 245 246 ]
94: [ 2 11 26 38 40 47 59 66 68 73 74 91 108 114 117 119 121 130 137 140 143 149 184 207 230 ]
95: [ 5 7 65 84 93 121 129 131 136 138 169 171 236 237 243 ]
96: [ 12 14 33 46 51 58 73 78 189 209 223 230 239 240 ]
97: [ 26 32 100 ]
98: [ 4 9 12 21 67 70 103 109 141 199 246 ]
99: [ 30 50 61 78 79 121 172 175 197 202 203 207 228 250 ]
100: [ 26 34 40 77 78 88 97 105 113 115 135 143 153 156 179 184 191 208 239 242 246 ]
101: [ 13 15 23 29 30 57 63 104 114 121 130 145 151 154 156 174 188 196 199 206 226 228 233 ]
102: [ 9 12 13 32 37 45 46 50 56 81 116 128 136 147 150 152 155 167 168 191 211 220 238 248 ]
103: [ 18 26 36 47 79 98 119 121 137 138 148 159 161 163 170 182 215 232 235 248 ]
104: [ 31 32 36 47 50 66 101 117 175 211 231 233 ]
105: [ 9 29 81 100 116 155 208 ]
106: [ 3 4 8 11 14 31 55 57 59 65 111 115 163 188 189 228 ]
107: [ 15 33 59 62 70 88 141 171 172 205 212 224 236 ]
108: [ 10 33 38 55 56 57 59 63 68 82 88 94 128 139 168 194 ]
109: [ 11 51 65 87 88 98 150 154 155 160 161 174 175 183 198 245 ]
110: [ 43 50 62 67 117 153 192 197 203 207 213 239 ]
111: [ 17 33 48 50 62 63 106 134 198 213 233 ]
112: [ 22 24 26 82 87 120 158 172 191 195 224 ]
113: [ 11 31 39 40 42 59 100 116 130 138 143 147 152 156 174 175 182 191 230 240 245 ]
114: [ 3 46 63 94 101 154 165 173 197 227 248 249 ]
115: [ 14 20 27 59 64 78 100 106 120 184 188 189 199 218 233 247 ]
116: [ 3 5 26 29 40 46 77 102 105 113 124 127 156 162 183 184 193 206 214 224 228 ]
117: [ 8 12 19 24 33 43 48 61 83 89 94 104 110 118 121 124 134 142 184 185 190 193 217 226 233 238 ]
118: [ 4 8 36 65 73 76 89 117 137 148 169 182 200 ]
119: [ 23 36 39 45 59 92 94 103 120 138 153 160 171 196 208 213 221 225 226 235 ]
120: [ 25 27 36 46 50 60 68 81 84 90 112 115 119 123 148 177 192 196 197 202 208 214 232 243 246 ]
121: [ 15 41 51 73 74 80 85 94 95 99 101 103 117 136 139 148 149 158 169 185 195 199 212 239 ]
122: [ 8 22 30 36 63 90 124 138 147 164 224 ]
123: [ 30 45 56 74 120 147 175 185 ]
124: [ 5 7 21 26 37 48 58 67 77 82 116 117 122 126 128 133 189 195 222 223 243 ]
125: [ 27 42 44 59 61 63 67 81 127 128 141 149 161 168 178 188 209 232 240 ]
126: [ 2 9 10 23 39 41 71 76 77 81 84 124 131 195 230 ]
127: [ 7 47 64 87 116 125 129 140 144 181 198 199 201 206 226 ]
128: [ 9 63 83 102 108 124 125 148 163 191 197 202 203 204 212 229 233 246 247 250 ]
129: [ 2 3 17 33 45 59 73 83 95 127 190 214 216 236 ]
130: [ 19 25 37 67 70 85 91 94 101 113 177 185 199 208 224 232 237 242 244 245 ]
131: [ 2 5 11 45 48 52 53 95 126 146 153 154 158 163 174 176 242 246 247 ]
132: [ 23 52 77 78 93 139 151 155 157 162 175 185 190 237 246 ]
133: [ 1 12 81 124 163 212 214 224 241 ]
134: [ 6 43 76 85 111 117 167 173 179 180 184 190 193 212 236 245 ]
135: [ 11 56 73 100 174 176 191 237 ]
136: [ 49 64 70 79 88 95 102 121 146 150 180 183 188 211 234 ]
137: [ 1 6 8 14 27 33 43 48 58 87 94 103 118 150 152 164 165 173 203 222 234 246 ]
138: [ 27 29 37 43 85 92 95 103 113 119 122 152 164 180 191 195 238 ]
139: [ 45 65 77 108 121 132 153 159 172 174 187 188 198 222 224 ]
140: [ 7 16 18 81 92 94 127 146 157 158 165 166 168 227 244 250 ]
141: [ 17 38 63 98 107 125 163 180 192 210 221 236 243 ]
142: [ 3 117 158 166 194 241 243 245 ]
143: [ 1 2 49 73 77 91 94 100 113 173 190 212 ]
144: [ 7 29 34 38 66 68 88 127 185 210 214 219 233 ]
145: [ 45 101 173 204 ]
146: [ 10 22 72 77 83 91 92 131 136 140 160 194 197 203 212 213 226 232 236 248 ]
147: [ 23 30 32 34 37 48 56 61 68 76 78 79 82 88 102 113 122 123 159 171 180 186 200 210 ]
148: [ 30 92 103 118 120 121 128 150 157 161 173 181 182 196 225 ]
149: [ 21 50 58 78 83 94 121 125 151 191 225 227 228 247 248 ]
150: [ 7 12 21 24 36 47 56 57 67 70 72 88 91 92 102 109 136 137 148 162 208 215 222 227 236 249 ]
151: [ 7 33 49 55 64 71 74 81 101 132 149 156 198 206 210 244 ]
152: [ 27 41 48 54 71 81 102 113 137 138 179 207 210 239 245 ]
153: [ 20 29 31 43 47 50 70 80 100 110 119 131 139 161 169 175 181 183 185 186 194 205 236 237 239 ]
154: [ 9 29 36 46 49 53 66 71 72 78 88 101 109 114 131 158 165 171 178 193 220 236 242 ]
155: [ 25 29 55 58 89 102 105 109 132 186 195 198 203 216 232 246 ]
156: [ 3 7 19 21 39 62 86 100 101 113 116 151 175 180 195 196 203 228 ]
157: [ 15 24 43 77 80 132 140 148 173 178 196 241 ]
158: [ 7 12 27 38 47 65 69 76 81 112 121 131 140 142 154 164 182 200 221 225 227 237 ]
159: [ 24 33 65 103 139 147 181 199 227 ]
160: [ 3 46 86 109 119 146 184 193 198 203 207 213 215 ]
161: [ 9 25 46 48 51 55 91 103 109 125 148 153 174 183 ]
162: [ 1 7 8 20 27 37 62 73 78 87 89 116 132 150 172 184 215 236 ]
163: [ 38 41 70 103 106 128 131 133 141 192 216 229 234 238 ]
164: [ 6 21 26 27 36 37 42 63 66 122 137 138 158 173 176 179 197 221 235 ]
165: [ 10 32 36 54 114 137 140 154 190 191 225 247 ]
166: [ 22 46 59 63 64 65 83 89 140 142 178 197 208 212 ]
167: [ 6 24 73 78 82 102 134 209 215 226 233 234 ]
168: [ 6 9 10 11 36 42 85 92 102 108 125 140 171 172 183 191 198 207 228 ]
169: [ 24 42 43 51 54 83 95 118 121 153 195 204 209 237 ]
170: [ 8 28 74 84 103 190 202 ]
171: [ 6 12 13 48 63 73 79 86 87 88 93 95 107 119 147 154 168 188 193 198 220 227 ]
172: [ 45 57 76 99 107 112 139 162 168 185 188 193 198 201 219 242 245 247 248 ]
173: [ 48 56 59 73 87 114 134 137 143 145 148 157 164 180 184 187 210 224 241 244 ]
174: [ 3 14 39 41 60 70 101 109 113 131 135 139 161 187 246 ]
175: [ 6 16 20 58 78 84 99 104 109 113 123 132 153 156 184 187 191 212 232 247 ]
176: [ 21 36 60 61 77 93 131 135 164 ]
177: [ 9 54 69 120 130 204 214 240 ]
178: [ 42 47 48 55 61 76 89 125 154 157 166 187 194 226 228 238 ]
179: [ 4 12 30 59 60 67 69 100 134 152 164 182 206 210 213 220 227 234 248 ]
180: [ 34 35 57 67 81 134 136 138 141 147 156 173 184 204 205 206 226 234 244 248 ]
181: [ 14 63 76 78 127 148 153 159 204 243 ]
182: [ 23 32 38 44 48 50 72 77 81 103 113 118 148 158 179 185 192 216 223 232 249 ]
183: [ 33 52 60 109 116 136 153 161 168 191 201 212 215 220 ]
184: [ 21 23 40 45 52 65 81 94 100 115 116 117 134 160 162 173 175 180 193 214 227 231 239 241 ]
185: [ 2 5 36 79 117 121 123 130 132 144 153 172 182 188 189 210 215 229 ]
186: [ 12 13 16 49 57 58 65 67 81 91 147 153 155 189 203 213 216 221 226 228 245 ]
187: [ 6 8 13 22 33 139 173 174 175 178 202 217 224 227 236 ]
188: [ 42 59 63 66 74 79 101 106 115 125 136 139 171 172 185 190 199 242 248 ]
189: [ 5 32 53 54 58 59 71 77 80 92 96 106 115 124 185 186 ]
190: [ 10 14 36 54 65 93 117 129 132 134 143 165 170 188 204 207 212 230 231 235 ]
191: [ 6 22 52 75 100 102 112 113 128 135 138 149 165 168 175 183 194 205 ]
192: [ 18 35 37 43 48 51 59 110 120 141 163 182 194 198 203 214 228 243 ]
193: [ 20 26 29 59 116 117 134 154 160 171 172 184 199 234 249 ]
194: [ 10 14 28 49 61 72 73 79 84 108 142 146 153 178 191 192 211 217 224 ]
195: [ 29 51 58 67 69 70 73 75 81 112 121 124 126 138 155 156 169 203 204 208 210 239 244 ]
196: [ 24 38 66 101 119 120 148 156 157 212 229 239 ]
197: [ 3 16 29 47 49 51 59 99 110 114 120 128 146 164 166 204 216 218 223 231 236 243 ]
198: [ 4 9 23 24 30 45 57 72 77 91 109 111 127 139 151 155 160 168 171 172 192 206 208 227 244 ]
199: [ 2 32 41 47 55 56 72 98 101 115 121 127 130 159 188 193 211 219 ]
200: [ 15 20 25 28 118 147 158 230 240 247 ]
201: [ 12 33 84 127 172 183 218 237 ]
202: [ 2 10 32 61 88 99 120 128 170 187 214 237 ]
203: [ 3 14 16 21 29 34 51 55 81 86 99 110 128 137 146 155 156 160 186 192 195 218 233 236 ]
204: [ 15 31 38 40 64 65 74 84 128 145 169 177 180 181 190 195 197 211 216 ]
205: [ 59 107 153 180 191 228 ]
206: [ 2 9 10 15 43 64 65 68 69 101 116 127 151 179 180 198 219 226 227 234 243 ]
207: [ 30 46 65 67 72 90 91 94 99 110 152 160 168 190 213 238 248 249 ]
208: [ 10 21 30 32 47 49 69 71 75 77 92 100 105 119 120 130 150 166 195 198 243 249 ]
209: [ 96 125 167 169 216 ]
210: [ 5 7 29 54 64 82 141 144 147 151 152 173 179 185 195 215 225 238 241 246 ]
211: [ 66 79 83 102 104 136 194 199 204 215 237 ]
212: [ 4 11 26 28 46 47 55 65 75 107 121 128 133 134 143 146 166 175 183 190 196 227 241 ]
213: [ 8 13 38 49 63 110 111 119 146 160 179 186 207 ]
214: [ 24 32 43 56 65 78 79 85 116 120 129 133 144 177 184 192 202 219 224 228 236 246 ]
215: [ 21 29 32 50 66 74 103 150 160 162 167 183 185 210 211 228 ]
216: [ 19 33 35 92 129 155 163 182 186 197 204 209 237 244 ]
217: [ 18 33 84 117 187 194 248 ]
218: [ 49 75 115 197 201 203 ]
219: [ 33 62 144 172 199 206 214 221 234 ]
220: [ 10 23 38 55 56 61 76 102 154 171 179 183 223 225 230 239 ]
221: [ 7 34 41 63 83 119 141 158 164 186 219 ]
222: [ 45 49 50 124 137 139 150 242 249 ]
223: [ 26 47 51 73 80 88 96 124 182 197 220 226 235 241 249 ]
224: [ 9 32 48 63 77 84 107 112 116 122 130 133 139 173 187 194 214 ]
225: [ 6 19 51 60 81 88 119 148 149 158 165 210 220 239 246 ]
226: [ 11 52 54 57 66 68 87 101 117 119 127 146 167 178 180 186 206 223 233 ]
227: [ 27 55 90 114 140 149 150 158 159 171 179 184 187 198 206 212 241 ]
228: [ 34 39 40 45 65 86 99 101 106 116 149 156 168 178 186 192 205 214 215 232 ]
229: [ 9 31 33 44 45 51 60 75 77 128 163 185 196 250 ]
230: [ 10 16 40 54 56 63 69 74 79 86 94 96 113 126 190 200 220 237 ]
231: [ 11 104 184 190 197 243 ]
232: [ 17 25 29 52 103 120 125 130 146 155 175 182 228 233 250 ]
233: [ 2 38 40 46 64 81 101 104 111 115 117 128 144 167 203 226 232 238 ]
234: [ 13 20 23 41 59 86 90 93 136 137 163 167 179 180 193 206 219 239 244 245 ]
235: [ 9 32 37 64 67 103 119 164 190 223 246 ]
236: [ 14 20 24 39 49 59 65 83 84 95 107 129 134 141 146 150 153 154 162 187 197 203 214 242 ]
237: [ 45 57 66 95 130 132 135 153 158 169 201 202 211 216 230 242 ]
238: [ 79 82 86 87 102 117 138 163 178 207 210 233 ]
239: [ 15 24 37 44 47 70 74 79 82 85 96 100 110 121 152 153 184 195 196 220 225 234 ]
240: [ 21 25 26 36 92 96 113 125 177 200 ]
241: [ 3 52 57 67 69 133 142 157 173 184 210 212 223 227 247 ]
242: [ 8 39 49 54 56 66 78 88 100 130 131 154 172 188 222 236 237 ]
243: [ 52 59 69 95 120 124 141 142 181 192 197 206 208 231 248 250 ]
244: [ 21 45 46 53 83 130 140 151 173 180 195 198 216 234 ]
245: [ 6 25 50 51 66 73 90 93 109 113 130 134 142 152 172 186 234 ]
246: [ 2 20 27 33 36 87 92 93 98 100 120 128 131 132 137 155 174 210 214 225 235 ]
247: [ 27 37 45 49 51 53 78 81 87 115 128 131 149 165 172 175 200 241 ]
248: [ 7 57 64 92 102 103 114 146 149 172 179 180 188 207 217 243 ]
249: [ 7 38 114 150 182 193 207 208 222 223 ]
250: [ 8 17 22 27 42 60 70 71 78 99 128 140 229 232 243 ]
