1: [ 6 30 65 91 92 98 104 127 136 143 157 184 197 200 209 212 ]
2: [ 8 24 31 35 65 73 76 85 89 99 101 102 119 146 158 167 169 178 195 204 239 244 ]
3: [ 4 27 34 37 58 62 82 114 119 122 132 136 148 165 174 232 235 ]
4: [ 3 10 70 89 92 97 133 138 175 176 213 ]
5: [ 8 18 24 29 90 105 123 131 144 148 160 166 171 215 217 222 225 229 231 236 246 ]
6: [ 1 12 29 52 54 97 101 111 149 150 156 174 177 178 219 241 250 ]
7: [ 11 53 79 81 92 93 102 172 225 226 ]
8: [ 2 5 11 14 36 62 77 87 98 100 101 114 118 122 123 143 149 154 156 158 178 217 225 ]
9: [ 42 51 58 62 76 89 126 134 150 165 191 213 235 244 ]
10: [ 4 49 101 122 164 170 178 192 195 242 ]
11: [ 7 8 41 63 73 78 87 118 170 221 222 231 ]
12: [ 6 15 16 18 28 31 72 103 115 126 150 194 205 ]
13: [ 31 34 86 105 117 130 132 158 159 203 ]
14: [ 8 38 43 51 95 124 170 186 196 202 243 244 249 ]
15: [ 12 48 96 112 116 124 126 153 163 165 171 177 180 182 194 195 208 216 244 ]
16: [ 12 25 51 102 130 137 157 184 189 211 226 247 ]
17: [ 40 81 93 95 113 124 155 176 192 205 216 ]
18: [ 5 12 19 51 69 71 78 87 100 102 126 148 155 162 178 189 197 212 220 231 ]
19: [ 18 32 84 89 97 110 117 140 144 155 158 162 178 200 225 239 ]
20: [ 39 43 52 53 85 108 115 137 140 170 187 223 241 247 249 ]
21: [ 28 55 70 85 123 145 183 192 239 240 242 249 ]
22: [ 24 50 74 132 134 151 154 183 239 248 ]
23: [ 34 52 77 106 153 160 165 219 245 ]
24: [ 2 5 22 39 51 66 71 72 85 91 100 105 114 117 152 160 221 234 243 247 ]
25: [ 16 34 58 59 69 81 118 127 131 151 174 190 212 ]
26: [ 36 44 48 66 113 114 118 123 124 134 154 156 170 174 183 200 245 ]
27: [ 3 33 42 44 51 66 85 107 110 119 130 153 158 163 166 186 207 218 238 ]
28: [ 12 21 57 87 119 122 127 128 142 186 229 250 ]
29: [ 5 6 30 42 47 57 67 70 83 95 110 134 143 156 179 209 215 220 232 ]
30: [ 1 29 44 90 141 166 171 237 239 241 ]
31: [ 2 12 13 41 52 125 126 128 131 153 174 183 208 231 ]
32: [ 19 39 61 92 126 157 217 236 ]
33: [ 27 60 88 107 112 124 127 133 137 140 169 177 197 199 207 210 228 235 238 239 246 ]
34: [ 3 13 23 25 40 43 48 99 102 111 116 118 160 195 201 210 217 222 ]
35: [ 2 41 79 110 122 170 174 177 221 249 ]
36: [ 8 26 79 100 127 156 157 174 177 178 195 ]
37: [ 3 47 56 90 122 123 126 141 211 214 216 222 248 ]
38: [ 14 40 44 51 74 105 108 122 131 168 189 215 232 250 ]
39: [ 20 24 32 44 49 54 71 72 87 97 104 143 152 178 216 ]
40: [ 17 34 38 42 50 61 80 94 99 116 131 142 160 210 228 ]
41: [ 11 31 35 73 85 95 102 116 119 158 171 178 215 ]
42: [ 9 27 29 40 77 153 158 189 230 ]
43: [ 14 20 34 51 62 86 119 123 173 175 179 212 223 243 ]
44: [ 26 27 30 38 39 51 53 59 60 74 89 105 118 136 172 191 193 206 208 210 220 228 232 ]
45: [ 105 119 131 149 174 215 238 ]
46: [ 154 166 170 228 ]
47: [ 29 37 57 60 64 78 112 118 124 167 204 206 220 236 ]
48: [ 15 26 34 60 107 146 160 166 174 178 184 195 204 219 237 ]
49: [ 10 39 59 85 140 146 ]
50: [ 22 40 55 62 96 106 123 138 151 152 164 165 166 190 192 197 200 205 ]
51: [ 9 14 16 18 24 27 38 43 44 55 74 89 105 106 110 130 153 185 190 197 214 217 218 225 236 239 244 ]
52: [ 6 20 23 31 133 136 211 ]
53: [ 7 20 44 78 83 88 103 104 109 118 138 156 172 191 193 222 234 243 ]
54: [ 6 39 85 119 130 156 161 165 216 221 222 231 240 ]
55: [ 21 50 51 79 80 86 87 98 117 151 153 180 195 199 208 217 223 248 ]
56: [ 37 174 176 193 207 ]
57: [ 28 29 47 60 73 112 133 151 160 164 177 184 198 211 226 ]
58: [ 3 9 25 79 97 112 120 122 128 129 157 168 174 193 223 249 ]
59: [ 25 44 49 69 99 116 118 119 158 165 170 181 192 226 237 ]
60: [ 33 44 47 48 57 75 87 90 91 126 158 186 187 190 201 207 231 233 ]
61: [ 32 40 63 70 72 74 76 98 116 141 149 156 180 188 218 229 ]
62: [ 3 8 9 43 50 65 103 120 121 126 163 177 179 201 237 242 ]
63: [ 11 61 67 80 84 92 119 134 138 148 157 180 187 226 227 236 ]
64: [ 47 79 101 102 120 137 218 229 240 247 ]
65: [ 1 2 62 85 91 104 110 114 130 140 146 178 180 199 207 211 212 225 242 250 ]
66: [ 24 26 27 134 177 183 191 204 221 238 246 ]
67: [ 29 63 81 105 144 150 171 183 197 202 214 227 ]
68: [ 95 102 113 138 142 151 152 163 172 203 214 229 230 247 ]
69: [ 18 25 59 70 112 119 165 206 225 226 ]
70: [ 4 21 29 61 69 73 75 91 98 104 106 113 131 156 158 166 175 206 208 212 226 248 ]
71: [ 18 24 39 82 85 99 107 118 125 127 133 141 161 181 212 214 220 224 246 247 ]
72: [ 12 24 39 61 73 76 105 106 109 111 136 141 151 154 163 165 167 176 212 219 ]
73: [ 2 11 41 57 70 72 89 98 111 123 131 133 136 144 152 155 157 162 197 209 214 217 242 248 ]
74: [ 22 38 44 51 61 95 112 129 141 151 159 165 179 181 182 194 211 213 236 ]
75: [ 60 70 77 83 172 173 174 179 192 209 ]
76: [ 2 9 61 72 88 145 163 180 192 205 217 ]
77: [ 8 23 42 75 83 91 93 95 111 124 154 161 182 202 204 205 223 228 240 ]
78: [ 11 18 47 53 85 101 148 195 202 209 223 ]
79: [ 7 35 36 55 58 64 86 89 104 125 128 130 141 158 173 212 222 238 248 ]
80: [ 40 55 63 84 103 109 123 126 139 150 152 158 181 190 228 246 ]
81: [ 7 17 25 67 143 154 158 206 221 249 ]
82: [ 3 71 101 114 146 180 183 215 234 245 ]
83: [ 29 53 75 77 87 113 114 115 116 148 150 151 162 166 171 215 239 ]
84: [ 19 63 80 89 122 131 140 145 151 157 165 209 226 227 229 ]
85: [ 2 20 21 24 27 41 49 54 65 71 78 101 128 154 171 174 183 211 227 234 ]
86: [ 13 43 55 79 111 131 134 138 142 161 163 229 243 ]
87: [ 8 11 18 28 39 55 60 83 90 91 92 93 115 122 166 167 170 196 202 206 218 224 228 ]
88: [ 33 53 76 103 112 177 188 217 ]
89: [ 2 4 9 19 44 51 73 79 84 104 122 123 126 132 178 185 198 232 235 239 248 249 ]
90: [ 5 30 37 60 87 102 108 114 120 ]
91: [ 1 24 60 65 70 77 87 92 104 107 159 163 224 ]
92: [ 1 4 7 32 63 87 91 95 100 112 132 141 142 156 177 184 197 230 ]
93: [ 7 17 77 87 97 123 154 176 211 226 230 231 ]
94: [ 40 95 98 99 111 128 132 138 151 189 193 210 237 ]
95: [ 14 17 29 41 68 74 77 92 94 116 189 209 211 230 244 ]
96: [ 15 50 110 134 135 147 195 213 ]
97: [ 4 6 19 39 58 93 116 136 142 161 171 203 211 247 ]
98: [ 1 8 55 61 70 73 94 101 103 111 115 131 152 155 161 163 167 183 186 201 205 240 ]
99: [ 2 34 40 59 71 94 115 149 182 192 194 197 203 242 245 ]
100: [ 8 18 24 36 92 110 126 134 147 203 206 214 217 ]
101: [ 2 6 8 10 64 78 82 85 98 124 125 176 178 180 214 237 ]
102: [ 2 7 16 18 34 41 64 68 90 114 140 142 147 150 158 182 185 215 219 225 226 ]
103: [ 12 53 62 80 88 98 106 111 151 156 187 197 219 223 225 ]
104: [ 1 39 53 65 70 79 89 91 106 123 137 146 160 168 170 173 174 197 217 224 225 228 234 240 246 ]
105: [ 5 13 24 38 44 45 51 67 72 111 114 118 125 132 164 165 174 196 221 248 ]
106: [ 23 50 51 70 72 103 104 115 228 248 ]
107: [ 27 33 48 71 91 114 124 155 192 203 220 224 228 231 239 244 ]
108: [ 20 38 90 113 125 162 187 193 218 233 ]
109: [ 53 72 80 115 123 135 136 148 170 224 226 237 ]
110: [ 19 27 29 35 51 65 96 100 143 148 160 204 209 223 249 250 ]
111: [ 6 34 72 73 77 86 94 98 103 105 124 132 137 146 152 172 174 206 226 244 ]
112: [ 15 33 47 57 58 69 74 88 92 124 128 129 130 140 164 167 182 201 207 218 226 231 233 ]
113: [ 17 26 68 70 83 108 139 151 166 189 210 221 ]
114: [ 3 8 24 26 65 82 83 90 102 105 107 129 138 207 ]
115: [ 12 20 83 87 98 99 106 109 138 156 160 195 230 233 241 247 ]
116: [ 15 34 40 41 59 61 83 95 97 158 238 ]
117: [ 13 19 24 55 174 189 196 202 211 215 229 235 238 245 ]
118: [ 8 11 25 26 34 44 47 53 59 71 105 163 176 184 205 229 234 235 239 ]
119: [ 2 3 27 28 41 43 45 54 59 63 69 139 158 189 194 195 198 204 227 239 ]
120: [ 58 62 64 90 143 239 ]
121: [ 62 132 150 206 222 ]
122: [ 3 8 10 28 35 37 38 58 84 87 89 150 156 157 160 175 177 189 237 242 245 ]
123: [ 5 8 21 26 37 43 50 73 80 89 93 104 109 128 144 155 171 208 218 242 ]
124: [ 14 15 17 26 33 47 77 101 107 111 112 136 137 160 180 183 204 206 215 225 237 ]
125: [ 31 71 79 101 105 108 153 235 ]
126: [ 9 12 15 18 31 32 37 60 62 80 89 100 135 138 157 163 211 216 225 227 231 ]
127: [ 1 25 28 33 36 71 132 139 140 142 172 194 214 242 249 ]
128: [ 28 31 58 79 85 94 112 123 151 157 168 190 240 248 ]
129: [ 58 74 112 114 196 199 243 245 ]
130: [ 13 16 27 51 54 65 79 112 204 ]
131: [ 5 25 31 38 40 45 70 73 84 86 98 133 154 159 166 191 198 211 236 240 ]
132: [ 3 13 22 89 92 94 105 111 121 127 182 183 190 191 198 226 235 245 ]
133: [ 4 33 52 57 71 73 131 199 205 207 232 ]
134: [ 9 22 26 29 63 66 86 96 100 136 158 194 195 205 216 224 ]
135: [ 96 109 126 147 156 180 183 197 214 238 239 ]
136: [ 1 3 44 52 72 73 97 109 124 134 137 155 199 242 244 247 ]
137: [ 16 20 33 64 104 111 124 136 171 215 223 226 236 248 ]
138: [ 4 50 53 63 68 86 94 114 115 126 140 158 168 176 196 209 215 228 229 234 ]
139: [ 80 113 119 127 149 155 183 216 248 ]
140: [ 19 20 33 49 65 84 102 112 127 138 145 149 150 151 154 156 168 179 206 211 221 237 250 ]
141: [ 30 37 61 71 72 74 79 92 176 188 200 213 ]
142: [ 28 40 68 86 92 97 102 127 203 227 240 ]
143: [ 1 8 29 39 81 110 120 146 177 225 232 235 238 ]
144: [ 5 19 67 73 123 149 165 198 199 226 241 ]
145: [ 21 76 84 140 167 234 247 250 ]
146: [ 2 48 49 65 82 104 111 143 159 164 172 213 218 229 ]
147: [ 96 100 102 135 154 163 166 180 ]
148: [ 3 5 18 63 78 83 109 110 163 182 185 ]
149: [ 6 8 45 61 99 139 140 144 172 183 187 221 225 ]
150: [ 6 9 12 67 80 83 102 121 122 140 153 166 176 206 218 222 239 ]
151: [ 22 25 50 55 57 68 72 74 83 84 94 103 113 128 140 188 194 208 224 226 238 247 249 ]
152: [ 24 39 50 68 73 80 98 111 162 165 189 208 234 ]
153: [ 15 23 27 31 42 51 55 125 150 160 175 185 211 231 236 243 ]
154: [ 8 22 26 46 72 77 81 85 93 131 140 147 160 188 203 210 212 221 222 228 237 238 ]
155: [ 17 18 19 73 98 107 123 136 139 165 170 177 178 190 246 248 ]
156: [ 6 8 26 29 36 53 54 61 70 92 103 115 122 135 140 158 188 203 216 218 224 228 234 ]
157: [ 1 16 32 36 58 63 73 84 122 126 128 159 180 181 210 214 218 221 226 248 ]
158: [ 2 8 13 19 27 41 42 59 60 70 79 80 81 102 116 119 134 138 156 202 212 237 ]
159: [ 13 74 91 131 146 157 162 179 186 189 202 235 239 ]
160: [ 5 23 24 34 40 48 57 104 110 115 122 124 153 154 198 208 223 238 243 ]
161: [ 54 71 77 86 97 98 176 190 197 215 248 249 ]
162: [ 18 19 73 83 108 152 159 193 225 230 247 ]
163: [ 15 27 62 68 72 76 86 91 98 118 126 147 148 164 185 190 206 214 242 ]
164: [ 10 50 57 105 112 146 163 205 208 226 236 ]
165: [ 3 9 15 23 50 54 59 69 72 74 84 105 144 152 155 226 ]
166: [ 5 27 30 46 48 50 70 83 87 113 131 147 150 181 184 188 192 205 207 208 219 232 247 ]
167: [ 2 47 72 87 98 112 145 176 196 241 ]
168: [ 38 58 104 128 138 140 209 ]
169: [ 2 33 180 189 216 228 229 237 244 ]
170: [ 10 11 14 20 26 35 46 59 87 104 109 155 180 189 191 206 208 239 ]
171: [ 5 15 30 41 67 83 85 97 123 137 227 228 ]
172: [ 7 44 53 68 75 111 127 146 149 179 182 221 238 ]
173: [ 43 75 79 104 207 219 ]
174: [ 3 6 25 26 31 35 36 45 48 56 58 75 85 104 105 111 117 181 184 187 189 197 210 219 240 246 ]
175: [ 4 43 70 122 153 194 202 204 217 242 ]
176: [ 4 17 56 72 93 101 118 138 141 150 161 167 178 182 193 197 205 210 212 242 249 ]
177: [ 6 15 33 35 36 57 62 66 88 92 122 143 155 184 224 228 240 ]
178: [ 2 6 8 10 18 19 36 39 41 48 65 89 101 155 176 192 202 215 218 ]
179: [ 29 43 62 74 75 140 159 172 180 212 237 ]
180: [ 15 55 61 63 65 76 82 101 124 135 147 157 169 170 179 182 228 244 ]
181: [ 59 71 74 80 157 166 174 245 ]
182: [ 15 74 77 99 102 112 132 148 172 176 180 186 187 188 199 214 219 235 ]
183: [ 21 22 26 31 66 67 82 85 98 124 132 135 139 149 189 192 196 207 222 234 ]
184: [ 1 16 48 57 92 118 166 174 177 186 213 235 237 248 ]
185: [ 51 89 102 148 153 163 199 219 227 228 242 ]
186: [ 14 27 28 60 98 159 182 184 212 231 235 ]
187: [ 20 60 63 103 108 149 174 182 194 195 203 205 210 217 229 ]
188: [ 61 88 141 151 154 156 166 182 221 238 242 ]
189: [ 16 18 38 42 94 95 113 117 119 122 152 159 169 170 174 183 198 210 211 220 222 237 ]
190: [ 25 50 51 60 80 128 132 155 161 163 ]
191: [ 9 44 53 66 131 132 170 223 ]
192: [ 10 17 21 50 59 75 76 99 107 166 178 183 208 217 245 ]
193: [ 44 53 56 58 94 108 162 176 197 211 215 221 240 ]
194: [ 12 15 74 99 119 127 134 151 175 187 206 207 ]
195: [ 2 10 15 34 36 48 55 78 96 115 119 134 187 206 211 215 ]
196: [ 14 87 105 117 129 138 167 183 ]
197: [ 1 18 33 50 51 67 73 92 99 103 104 135 161 174 176 193 199 200 204 205 210 225 228 ]
198: [ 57 89 119 131 132 144 160 189 209 219 ]
199: [ 33 55 65 129 133 136 144 182 185 197 221 226 ]
200: [ 1 19 26 50 141 197 225 249 ]
201: [ 34 60 62 98 112 220 239 ]
202: [ 14 67 77 78 87 117 158 159 175 178 231 ]
203: [ 13 68 97 99 100 107 142 154 156 187 214 223 ]
204: [ 2 47 48 66 77 110 119 124 130 175 197 211 231 242 ]
205: [ 12 17 50 76 77 98 118 133 134 164 166 176 187 197 211 239 ]
206: [ 44 47 69 70 81 87 100 111 121 124 140 150 163 170 194 195 209 213 224 245 246 ]
207: [ 27 33 56 60 65 112 114 133 166 173 183 194 209 215 228 235 242 ]
208: [ 15 31 44 55 70 123 151 152 160 164 166 170 192 222 223 246 ]
209: [ 1 29 73 75 78 84 95 110 138 168 198 206 207 213 248 ]
210: [ 33 34 40 44 94 113 154 157 174 176 187 189 197 214 ]
211: [ 16 37 52 57 65 74 85 93 95 97 117 126 131 140 153 189 193 195 204 205 ]
212: [ 1 18 25 43 65 70 71 72 79 154 158 176 179 186 218 231 240 ]
213: [ 4 9 74 96 141 146 184 206 209 242 248 ]
214: [ 37 51 67 68 71 73 100 101 127 135 157 163 182 203 210 223 227 240 ]
215: [ 5 29 38 41 45 82 83 102 117 124 137 138 161 178 193 195 207 217 218 224 234 238 ]
216: [ 15 17 37 39 54 126 134 139 156 169 219 222 237 ]
217: [ 5 8 32 34 51 55 73 76 88 100 104 175 187 192 215 221 230 ]
218: [ 27 51 61 64 87 108 112 123 146 150 156 157 178 212 215 ]
219: [ 6 23 48 72 102 103 166 173 174 182 185 198 216 224 235 242 ]
220: [ 18 29 44 47 71 107 189 201 ]
221: [ 11 24 35 54 66 81 105 113 140 149 154 157 172 188 193 199 217 246 ]
222: [ 5 11 34 37 53 54 79 121 150 154 183 189 208 216 239 ]
223: [ 20 43 55 58 77 78 103 110 137 160 191 203 208 214 231 234 239 ]
224: [ 71 87 91 104 107 109 134 151 156 177 206 215 219 240 243 244 247 ]
225: [ 5 7 8 19 51 65 69 102 103 104 124 126 143 149 162 197 200 237 249 ]
226: [ 7 16 57 59 63 69 70 84 93 102 109 111 112 132 137 144 151 157 164 165 199 238 242 ]
227: [ 63 67 84 85 119 126 142 171 185 214 240 ]
228: [ 33 40 44 46 77 80 87 104 106 107 138 154 156 169 171 177 180 185 197 207 246 250 ]
229: [ 5 28 61 64 68 84 86 117 118 138 146 169 187 235 ]
230: [ 42 68 92 93 95 115 162 217 242 ]
231: [ 5 11 18 31 54 60 93 107 112 126 153 186 202 204 212 223 ]
232: [ 3 29 38 44 89 133 143 166 ]
233: [ 60 108 112 115 ]
234: [ 24 53 82 85 104 118 138 145 152 156 183 215 223 ]
235: [ 3 9 33 89 117 118 125 132 143 159 182 184 186 207 219 229 236 238 ]
236: [ 5 32 47 51 63 74 131 137 153 164 235 248 ]
237: [ 30 48 59 62 94 101 109 122 124 140 154 158 169 179 184 189 216 225 238 249 ]
238: [ 27 33 45 66 79 116 117 135 143 151 154 160 172 188 215 226 235 237 ]
239: [ 2 19 21 22 30 33 51 83 89 107 118 119 120 135 150 159 170 201 205 222 223 240 242 ]
240: [ 21 54 64 77 98 104 128 131 142 174 177 193 212 214 224 227 239 ]
241: [ 6 20 30 115 144 167 248 ]
242: [ 10 21 62 65 73 99 122 123 127 136 163 175 176 185 188 204 207 213 219 226 230 239 ]
243: [ 14 24 43 53 86 129 153 160 224 ]
244: [ 2 9 14 15 51 95 107 111 136 169 180 224 ]
245: [ 23 26 82 99 117 122 129 132 181 192 206 ]
246: [ 5 33 66 71 80 104 155 174 206 208 221 228 ]
247: [ 16 20 24 64 68 71 97 115 136 145 151 162 166 224 250 ]
248: [ 22 37 55 70 73 79 89 105 106 128 137 139 155 157 161 184 209 213 236 241 ]
249: [ 14 20 21 35 58 81 89 110 127 151 161 176 200 225 237 ]
250: [ 6 28 38 65 110 140 145 228 247 ]
