1: [ 10 30 45 46 88 96 101 104 106 ]
2: [ 6 22 26 28 51 60 67 78 87 100 106 117 140 153 181 185 188 191 200 ]
3: [ 7 18 27 73 81 89 115 172 189 ]
4: [ 39 52 54 69 82 88 97 187 222 ]
5: [ 8 17 25 44 57 61 77 94 127 130 156 175 189 203 214 250 ]
6: [ 2 55 60 61 76 81 88 137 210 238 242 247 248 ]
7: [ 3 32 34 35 45 56 58 74 82 83 90 100 122 136 149 200 208 216 250 ]
8: [ 5 45 55 59 81 90 94 162 211 248 ]
9: [ 35 45 49 63 64 65 75 83 100 106 138 139 147 179 182 205 208 ]
10: [ 1 18 38 40 58 73 89 146 185 216 234 247 ]
11: [ 50 94 114 115 128 179 185 211 212 215 239 ]
12: [ 15 25 45 51 83 92 123 134 135 156 198 233 250 ]
13: [ 21 25 71 72 75 90 104 107 116 117 127 133 175 183 196 220 231 243 ]
14: [ 42 53 61 81 101 142 154 166 200 224 231 239 ]
15: [ 12 36 39 48 66 76 85 88 92 135 156 163 175 177 203 215 ]
16: [ 22 28 56 58 65 69 73 76 77 80 104 140 165 170 173 192 198 208 223 225 ]
17: [ 5 21 50 53 84 86 98 100 110 119 166 211 218 224 ]
18: [ 3 10 28 65 85 97 101 122 134 139 157 163 175 190 221 237 247 ]
19: [ 43 63 75 91 100 106 115 122 145 156 164 176 187 188 212 217 229 235 238 ]
20: [ 66 70 77 81 99 102 129 192 194 222 248 ]
21: [ 13 17 28 33 34 39 41 46 47 115 117 125 156 162 168 174 177 198 211 233 ]
22: [ 2 16 37 67 84 117 124 130 151 179 188 192 205 207 218 222 224 245 ]
23: [ 25 53 57 130 150 154 169 186 217 223 ]
24: [ 30 41 45 81 84 96 114 117 127 149 160 175 179 184 198 228 238 ]
25: [ 5 12 13 23 43 82 83 101 134 149 152 156 179 180 200 210 221 228 232 249 ]
26: [ 2 41 64 92 134 199 203 215 235 238 ]
27: [ 3 30 31 63 150 208 222 ]
28: [ 2 16 18 21 81 92 97 118 129 142 171 172 187 194 201 243 ]
29: [ 39 42 44 52 65 110 123 137 143 182 198 200 ]
30: [ 1 24 27 66 69 74 89 126 132 133 160 192 194 231 ]
31: [ 27 36 43 47 56 114 159 170 185 200 203 204 214 223 231 248 ]
32: [ 7 43 61 62 74 75 79 86 97 145 170 188 190 203 221 231 235 250 ]
33: [ 21 97 107 165 167 192 239 240 245 ]
34: [ 7 21 37 68 82 122 164 174 221 239 241 ]
35: [ 7 9 40 113 188 ]
36: [ 15 31 81 115 119 131 160 185 186 223 225 240 ]
37: [ 22 34 40 47 62 67 69 83 101 114 117 120 121 125 138 145 151 158 160 182 200 204 228 234 235 ]
38: [ 10 43 79 116 240 ]
39: [ 4 15 21 29 60 71 99 119 128 176 185 215 219 223 235 250 ]
40: [ 10 35 37 61 83 96 139 154 166 171 195 211 215 239 240 ]
41: [ 21 24 26 46 65 121 134 179 241 ]
42: [ 14 29 43 65 74 84 97 132 136 149 152 160 165 181 186 205 213 ]
43: [ 19 25 31 32 38 42 50 55 59 63 127 142 144 174 228 233 239 ]
44: [ 5 29 46 59 76 96 136 157 165 174 203 222 241 246 ]
45: [ 1 7 8 9 12 24 73 81 114 122 130 139 147 155 170 171 174 186 192 222 240 249 ]
46: [ 1 21 41 44 104 106 152 173 195 205 215 223 235 ]
47: [ 21 31 37 76 110 120 156 159 182 186 235 ]
48: [ 15 73 95 100 124 142 204 207 218 241 242 ]
49: [ 9 69 95 116 117 135 151 156 176 183 218 238 ]
50: [ 11 17 43 73 115 116 152 171 173 176 ]
51: [ 2 12 53 90 126 137 175 177 219 ]
52: [ 4 29 61 63 105 130 137 159 183 238 ]
53: [ 14 17 23 51 75 94 124 131 170 194 ]
54: [ 4 63 65 81 111 138 171 182 192 198 199 227 244 248 ]
55: [ 6 8 43 57 104 105 113 114 135 173 183 189 231 236 240 ]
56: [ 7 16 31 64 66 88 113 151 166 169 176 193 194 204 248 ]
57: [ 5 23 55 90 104 106 107 118 124 135 167 181 200 216 243 246 ]
58: [ 7 10 16 81 84 109 121 135 150 180 185 206 ]
59: [ 8 43 44 61 89 101 122 142 ]
60: [ 2 6 39 67 84 100 105 138 160 173 205 208 233 242 ]
61: [ 5 6 14 32 40 52 59 80 116 134 135 142 154 161 171 176 181 183 184 191 220 225 230 ]
62: [ 32 37 65 102 139 141 242 245 ]
63: [ 9 19 27 43 52 54 65 67 74 90 98 161 165 179 181 ]
64: [ 9 26 56 71 77 80 81 101 141 146 192 194 201 203 219 231 235 247 248 ]
65: [ 9 16 18 29 41 42 54 62 63 73 93 115 123 146 159 161 179 200 212 235 246 ]
66: [ 15 20 30 56 77 89 99 121 132 156 168 170 173 180 192 200 201 208 ]
67: [ 2 22 37 60 63 82 86 91 146 161 170 186 190 192 194 219 221 225 ]
68: [ 34 72 97 101 106 121 155 175 209 230 236 ]
69: [ 4 16 30 37 49 102 117 126 132 161 215 228 233 234 242 249 ]
70: [ 20 142 ]
71: [ 13 39 64 96 194 195 197 ]
72: [ 13 68 86 89 114 118 121 128 143 146 184 194 196 219 230 239 ]
73: [ 3 10 16 45 48 50 65 79 96 99 132 151 161 176 182 186 187 195 200 202 240 ]
74: [ 7 30 32 42 63 89 90 92 94 102 116 117 132 141 145 167 198 212 216 230 243 245 ]
75: [ 9 13 19 32 53 79 88 89 91 118 131 139 185 188 192 207 217 ]
76: [ 6 15 16 44 47 101 106 119 126 134 137 196 213 216 ]
77: [ 5 16 20 64 66 105 106 113 117 161 171 200 225 233 ]
78: [ 2 85 91 94 96 135 195 202 222 226 247 ]
79: [ 32 38 73 75 94 122 131 176 223 225 ]
80: [ 16 61 64 88 97 100 102 104 105 110 117 162 199 221 226 228 230 238 ]
81: [ 3 6 8 14 20 24 28 36 45 54 58 64 111 160 161 177 181 223 ]
82: [ 4 7 25 34 67 85 97 118 132 133 137 165 194 198 202 203 210 216 224 ]
83: [ 7 9 12 25 37 40 99 143 149 156 ]
84: [ 17 22 24 42 58 60 94 104 113 114 169 215 217 230 236 240 ]
85: [ 15 18 78 82 88 105 135 171 180 193 ]
86: [ 17 32 67 72 89 120 131 132 227 241 ]
87: [ 2 92 170 212 216 217 ]
88: [ 1 4 6 15 56 75 80 85 101 121 124 128 132 156 194 205 214 220 224 246 ]
89: [ 3 10 30 59 66 72 74 75 86 93 106 121 124 145 147 149 177 196 211 225 240 ]
90: [ 7 8 13 51 57 63 74 104 118 213 215 239 245 ]
91: [ 19 67 75 78 100 103 107 131 140 146 196 217 240 ]
92: [ 12 15 26 28 74 87 109 117 123 142 176 194 221 225 242 ]
93: [ 65 89 104 110 151 162 200 202 214 223 241 245 246 ]
94: [ 5 8 11 53 74 78 79 84 101 139 152 165 170 171 182 195 243 ]
95: [ 48 49 192 231 ]
96: [ 1 24 40 44 71 73 78 119 127 128 129 131 145 163 176 199 223 226 235 ]
97: [ 4 18 28 32 33 42 68 80 82 100 120 148 164 191 203 213 239 ]
98: [ 17 63 119 120 122 198 ]
99: [ 20 39 66 73 83 117 141 157 170 175 189 206 227 230 238 249 ]
100: [ 2 7 9 17 19 48 60 80 91 97 101 109 142 170 176 195 203 230 235 242 ]
101: [ 1 14 18 25 37 59 64 68 76 88 94 100 105 107 109 122 123 124 137 173 198 ]
102: [ 20 62 69 74 80 122 147 207 236 ]
103: [ 91 120 156 194 221 226 ]
104: [ 1 13 16 46 55 57 80 84 90 93 119 132 149 151 173 184 203 209 248 ]
105: [ 52 55 60 77 80 85 101 115 123 134 148 149 159 168 195 233 ]
106: [ 1 2 9 19 46 57 68 76 77 89 142 145 151 180 202 213 245 ]
107: [ 13 33 57 91 101 116 125 135 163 192 206 221 238 ]
108: [ 111 156 172 177 204 216 217 246 ]
109: [ 58 92 100 101 141 155 208 214 229 ]
110: [ 17 29 47 80 93 147 149 157 175 181 205 ]
111: [ 54 81 108 127 136 138 142 186 204 ]
112: [ 114 149 157 160 163 165 167 187 189 239 249 ]
113: [ 35 55 56 77 84 127 137 141 149 185 211 217 221 228 ]
114: [ 11 24 31 37 45 55 72 84 112 118 124 131 134 155 165 179 180 197 209 226 239 242 ]
115: [ 3 11 19 21 36 50 65 105 130 134 136 147 157 166 179 191 225 246 ]
116: [ 13 38 49 50 61 74 107 160 163 181 186 187 212 217 221 250 ]
117: [ 2 13 21 22 24 37 49 69 74 77 80 92 99 169 170 174 176 207 222 225 228 247 ]
118: [ 28 57 72 75 82 90 114 152 173 174 175 179 186 201 209 216 224 226 ]
119: [ 17 36 39 76 96 98 104 121 137 143 187 188 193 216 217 222 227 247 ]
120: [ 37 47 86 97 98 103 123 175 195 207 225 240 ]
121: [ 37 41 58 66 68 72 88 89 119 126 128 129 145 168 204 227 241 249 ]
122: [ 7 18 19 34 45 59 79 98 101 102 150 152 179 194 204 228 233 ]
123: [ 12 29 65 92 101 105 120 134 160 165 176 ]
124: [ 22 48 53 57 88 89 101 114 137 172 190 193 199 212 221 246 247 ]
125: [ 21 37 107 126 127 139 205 220 221 ]
126: [ 30 51 69 76 121 125 131 170 172 183 205 210 224 245 246 ]
127: [ 5 13 24 43 96 111 113 125 128 140 160 207 215 222 227 229 242 ]
128: [ 11 39 72 88 96 121 127 ]
129: [ 20 28 96 121 131 206 211 213 ]
130: [ 5 22 23 45 52 115 145 159 168 170 195 200 203 ]
131: [ 36 53 75 79 86 91 96 114 126 129 132 165 175 176 181 189 191 195 229 239 ]
132: [ 30 42 66 69 73 74 82 86 88 104 131 155 156 166 171 191 195 212 215 221 ]
133: [ 13 30 82 161 181 231 246 ]
134: [ 12 18 25 26 41 61 76 105 114 115 123 137 140 147 182 190 192 218 224 227 230 231 240 ]
135: [ 12 15 49 55 57 58 61 78 85 107 164 168 171 185 192 204 221 222 ]
136: [ 7 42 44 111 115 142 165 166 190 192 233 234 ]
137: [ 6 29 51 52 76 82 101 113 119 124 134 154 159 176 181 187 191 193 218 232 240 245 ]
138: [ 9 37 54 60 111 176 194 195 225 ]
139: [ 9 18 40 45 62 75 94 125 141 162 163 169 171 180 186 187 205 212 222 228 ]
140: [ 2 16 91 127 134 172 175 220 228 235 245 ]
141: [ 62 64 74 99 109 113 139 165 169 226 241 ]
142: [ 14 28 43 48 59 61 70 92 100 106 111 136 151 153 159 170 176 181 214 221 225 234 ]
143: [ 29 72 83 119 169 171 173 242 ]
144: [ 43 167 ]
145: [ 19 32 37 74 89 96 106 121 130 159 181 192 205 210 228 237 ]
146: [ 10 64 65 67 72 91 152 181 215 250 ]
147: [ 9 45 89 102 110 115 134 167 176 224 241 ]
148: [ 97 105 149 195 206 211 233 244 245 ]
149: [ 7 24 25 42 83 89 104 105 110 112 113 148 162 196 226 234 246 ]
150: [ 23 27 58 122 161 162 185 201 205 239 247 ]
151: [ 22 37 49 56 73 93 104 106 142 154 156 177 182 183 184 185 190 208 217 220 222 233 243 ]
152: [ 25 42 46 50 94 118 122 146 153 177 215 239 ]
153: [ 2 142 152 161 187 239 ]
154: [ 14 23 40 61 137 151 159 190 204 209 212 ]
155: [ 45 68 109 114 132 171 203 205 210 236 239 245 ]
156: [ 5 12 15 19 21 25 47 49 66 83 88 103 108 132 151 161 172 179 212 219 227 238 ]
157: [ 18 44 99 110 112 115 207 225 228 ]
158: [ 37 171 203 209 212 238 ]
159: [ 31 47 52 65 105 130 137 142 145 154 230 250 ]
160: [ 24 30 36 37 42 60 81 112 116 123 127 183 185 192 205 215 227 229 231 237 ]
161: [ 61 63 65 67 69 73 77 81 133 150 153 156 170 184 198 222 225 227 ]
162: [ 8 21 80 93 139 149 150 179 211 243 ]
163: [ 15 18 96 107 112 116 139 194 204 214 ]
164: [ 19 34 97 135 170 177 180 186 194 216 ]
165: [ 16 33 42 44 63 82 94 112 114 123 131 136 141 186 195 200 201 242 ]
166: [ 14 17 40 56 115 132 136 217 222 225 246 249 ]
167: [ 33 57 74 112 144 147 231 246 ]
168: [ 21 66 105 121 130 135 176 189 226 233 ]
169: [ 23 56 84 117 139 141 143 184 226 245 ]
170: [ 16 31 32 45 53 66 67 87 94 99 100 117 126 130 142 161 164 200 239 243 ]
171: [ 28 40 45 50 54 61 77 85 94 132 135 139 143 155 158 204 206 209 221 241 242 245 ]
172: [ 3 28 108 124 126 140 156 173 176 181 196 218 ]
173: [ 16 46 50 55 60 66 101 104 118 143 172 174 192 209 226 250 ]
174: [ 21 34 43 44 45 117 118 173 206 216 219 222 ]
175: [ 5 13 15 18 24 51 68 99 110 118 120 131 140 203 222 225 226 250 ]
176: [ 19 39 49 50 56 61 73 79 92 96 100 117 123 131 137 138 142 147 168 172 186 194 215 249 ]
177: [ 15 21 51 81 89 108 151 152 164 195 212 218 224 228 ]
178: [ 205 216 ]
179: [ 9 11 22 24 25 41 63 65 114 115 118 122 156 162 223 ]
180: [ 25 58 66 85 106 114 139 164 208 212 225 230 236 ]
181: [ 2 42 57 61 63 81 110 116 131 133 137 142 145 146 172 187 188 202 209 212 235 242 247 ]
182: [ 9 29 37 47 54 73 94 134 151 224 ]
183: [ 13 49 52 55 61 126 151 160 202 204 215 229 231 249 ]
184: [ 24 61 72 104 151 161 169 194 231 ]
185: [ 2 10 11 31 36 39 58 75 113 135 150 151 160 215 ]
186: [ 23 36 42 45 47 67 73 111 116 118 139 164 165 176 206 226 230 242 ]
187: [ 4 19 28 73 112 116 119 137 139 153 181 190 215 217 240 250 ]
188: [ 2 19 22 32 35 75 119 181 215 219 249 ]
189: [ 3 5 55 99 112 131 168 211 227 ]
190: [ 18 32 67 124 134 136 151 154 187 215 ]
191: [ 2 61 97 115 131 132 137 205 214 ]
192: [ 16 20 22 30 33 45 54 64 66 67 75 95 107 134 135 136 145 160 173 199 203 216 221 241 248 ]
193: [ 56 85 119 124 137 215 224 ]
194: [ 20 28 30 53 56 64 67 71 72 82 88 92 103 122 138 163 164 176 184 204 210 226 ]
195: [ 40 46 71 73 78 94 100 105 120 130 131 132 138 148 165 177 199 212 219 221 226 240 ]
196: [ 13 72 76 89 91 149 172 241 ]
197: [ 71 114 ]
198: [ 12 16 21 24 29 54 74 82 98 101 161 232 233 243 ]
199: [ 26 54 80 96 124 192 195 ]
200: [ 2 7 14 25 29 31 37 57 65 66 73 77 93 130 165 170 203 208 211 215 225 ]
201: [ 28 64 66 118 150 165 216 227 ]
202: [ 73 78 82 93 106 181 183 238 ]
203: [ 5 15 26 31 32 44 64 82 97 100 104 130 155 158 175 192 200 204 205 228 231 ]
204: [ 31 37 48 56 108 111 121 122 135 154 163 171 183 194 203 212 227 250 ]
205: [ 9 22 42 46 60 88 110 125 126 139 145 150 155 160 178 191 203 241 ]
206: [ 58 99 107 129 148 171 174 186 ]
207: [ 22 48 75 102 117 120 127 157 220 228 230 245 ]
208: [ 7 9 16 27 60 66 109 151 180 200 241 ]
209: [ 68 104 114 118 154 158 171 173 181 217 232 ]
210: [ 6 25 82 126 145 155 194 228 232 238 ]
211: [ 8 11 17 21 40 89 113 129 148 162 189 200 ]
212: [ 11 19 65 74 87 116 124 132 139 154 156 158 177 180 181 195 204 217 226 229 233 234 235 ]
213: [ 42 76 90 97 106 129 239 245 ]
214: [ 5 31 88 93 109 142 163 191 216 231 239 250 ]
215: [ 11 15 26 39 40 46 69 84 90 127 132 146 152 160 176 183 185 187 188 190 193 200 234 ]
216: [ 7 10 57 74 76 82 87 108 118 119 164 174 178 192 201 214 227 231 250 ]
217: [ 19 23 75 84 87 91 108 113 116 119 151 166 187 209 212 240 ]
218: [ 17 22 48 49 134 137 172 177 250 ]
219: [ 39 51 64 67 72 156 174 188 195 ]
220: [ 13 61 88 125 140 151 207 245 ]
221: [ 18 25 32 34 67 80 92 103 107 113 116 124 125 132 135 142 171 192 195 228 250 ]
222: [ 4 20 22 27 44 45 78 117 119 127 135 139 151 161 166 174 175 227 233 235 242 ]
223: [ 16 23 31 36 39 46 79 81 93 96 179 224 226 ]
224: [ 14 17 22 82 88 118 126 134 147 177 182 193 223 226 ]
225: [ 16 36 61 67 77 79 89 92 115 117 120 138 142 157 161 166 175 180 200 ]
226: [ 78 80 96 103 114 118 141 149 168 169 173 175 186 194 195 212 223 224 230 238 ]
227: [ 54 86 99 119 121 127 134 156 160 161 189 201 204 216 222 247 ]
228: [ 24 25 37 43 69 80 113 117 122 139 140 145 157 177 203 207 210 221 241 ]
229: [ 19 109 127 131 160 183 212 237 ]
230: [ 61 68 72 74 80 84 99 100 134 159 180 186 207 226 236 242 244 245 ]
231: [ 13 14 30 31 32 55 64 95 133 134 160 167 183 184 203 214 216 239 ]
232: [ 25 137 198 209 210 234 238 241 ]
233: [ 12 21 43 60 69 77 105 122 136 148 151 168 198 212 222 242 ]
234: [ 10 37 69 136 142 149 212 215 232 ]
235: [ 19 26 32 37 39 46 47 64 65 96 100 140 181 212 222 237 ]
236: [ 55 68 84 102 155 180 230 ]
237: [ 18 145 160 229 235 240 ]
238: [ 6 19 24 26 49 52 80 99 107 156 158 202 210 226 232 249 ]
239: [ 11 14 33 34 40 43 72 90 97 112 114 131 150 152 153 155 170 213 214 231 244 ]
240: [ 33 36 38 40 45 55 73 84 89 91 120 134 137 187 195 217 237 ]
241: [ 34 41 44 48 86 93 121 141 147 171 192 196 205 208 228 232 ]
242: [ 6 48 60 62 69 92 100 114 127 143 165 171 181 186 222 230 233 250 ]
243: [ 13 28 57 74 94 151 162 170 198 ]
244: [ 54 148 230 239 ]
245: [ 22 33 62 74 90 93 106 126 137 140 148 155 169 171 207 213 220 230 ]
246: [ 44 57 65 88 93 108 115 124 126 133 149 166 167 247 ]
247: [ 6 10 18 64 78 117 119 124 150 181 227 246 ]
248: [ 6 8 20 31 54 56 64 104 192 ]
249: [ 25 45 69 99 112 121 166 176 183 188 238 ]
250: [ 5 7 12 32 39 116 146 159 173 175 187 204 214 216 218 221 242 ]
