1: [ 8 11 17 58 71 84 88 93 117 118 146 181 203 214 239 243 ]
2: [ 11 16 42 43 77 148 149 152 183 186 208 214 217 228 233 ]
3: [ 4 18 27 28 38 81 83 86 94 129 148 168 187 192 203 231 ]
4: [ 3 59 76 77 107 110 125 127 134 136 155 157 196 199 233 ]
5: [ 32 56 93 94 101 108 111 128 140 151 185 199 210 234 235 ]
6: [ 37 45 67 73 100 115 123 128 158 235 246 ]
7: [ 13 27 98 102 146 162 190 198 ]
8: [ 1 14 46 49 53 60 71 103 112 125 133 160 174 183 200 220 224 226 ]
9: [ 10 13 22 31 48 63 82 114 138 170 179 204 206 231 232 ]
10: [ 9 12 35 53 95 102 109 115 128 144 147 152 185 ]
11: [ 1 2 24 56 60 63 67 81 98 99 143 176 198 200 222 229 238 244 ]
12: [ 10 92 107 112 114 144 146 149 154 159 175 204 212 218 233 245 ]
13: [ 7 9 17 27 36 87 93 114 123 132 143 144 151 187 199 231 236 ]
14: [ 8 28 40 93 94 98 107 110 152 172 173 183 197 198 201 ]
15: [ 41 64 102 110 122 133 174 179 ]
16: [ 2 43 59 62 80 104 105 125 132 134 141 144 147 158 181 210 212 216 220 228 230 239 ]
17: [ 1 13 44 80 93 96 108 110 115 127 140 160 165 197 198 203 210 ]
18: [ 3 25 27 63 71 141 143 154 175 181 200 210 223 239 240 ]
19: [ 34 144 184 188 206 223 ]
20: [ 29 43 75 80 85 165 173 198 203 213 234 ]
21: [ 35 50 53 60 70 119 125 126 163 166 180 183 190 220 233 ]
22: [ 9 29 45 55 86 91 198 226 ]
23: [ 46 78 109 131 142 158 169 195 196 201 204 209 227 242 245 ]
24: [ 11 27 32 38 42 56 134 136 155 156 168 175 178 185 209 ]
25: [ 18 42 44 54 82 109 140 173 197 210 233 ]
26: [ 44 76 111 127 162 163 172 188 197 206 ]
27: [ 3 7 13 18 24 56 78 82 98 113 133 134 136 168 178 196 220 239 240 243 ]
28: [ 3 14 36 58 71 75 98 143 218 250 ]
29: [ 20 22 44 61 70 112 145 158 208 211 232 235 243 ]
30: [ 52 65 72 78 114 120 124 126 130 148 189 194 202 210 221 234 236 242 ]
31: [ 9 37 40 95 115 116 118 123 149 175 189 220 242 ]
32: [ 5 24 39 79 93 96 117 143 162 177 192 195 196 202 203 214 217 240 241 ]
33: [ 59 83 145 146 149 166 198 211 ]
34: [ 19 47 78 140 143 163 191 196 ]
35: [ 10 21 41 78 81 82 94 103 109 171 211 224 ]
36: [ 13 28 44 54 74 95 127 131 134 137 145 154 169 237 244 246 ]
37: [ 6 31 46 50 57 71 84 85 86 88 135 137 140 157 158 170 176 194 204 207 ]
38: [ 3 24 76 100 102 119 134 182 207 241 ]
39: [ 32 61 63 85 88 118 142 192 226 235 247 ]
40: [ 14 31 42 50 55 102 114 121 124 159 165 174 178 180 181 182 192 201 203 204 213 226 240 ]
41: [ 15 35 78 84 86 92 106 120 125 130 135 136 154 164 166 170 176 198 203 209 211 240 ]
42: [ 2 24 25 40 72 98 99 101 110 142 144 147 154 199 225 233 246 ]
43: [ 2 16 20 52 59 96 110 111 133 171 199 205 211 234 236 247 ]
44: [ 17 25 26 29 36 47 49 53 71 75 82 85 95 98 110 112 120 125 133 134 143 209 215 235 240 ]
45: [ 6 22 46 56 79 93 102 114 148 155 174 183 204 219 222 237 247 ]
46: [ 8 23 37 45 90 130 142 152 153 196 205 ]
47: [ 34 44 105 110 118 144 145 187 199 206 230 ]
48: [ 9 53 62 91 102 103 104 105 111 127 139 154 178 188 190 240 ]
49: [ 8 44 78 84 85 88 96 109 112 136 141 156 159 169 178 202 207 210 221 229 243 ]
50: [ 21 37 40 56 67 78 157 189 193 199 202 206 240 ]
51: [ 79 82 88 98 102 107 109 112 184 242 ]
52: [ 30 43 68 81 88 96 103 106 109 118 154 169 197 221 ]
53: [ 8 10 21 44 48 57 62 93 137 138 141 142 170 178 210 ]
54: [ 25 36 76 86 92 94 106 111 114 115 117 136 155 171 172 177 181 209 217 220 229 232 237 ]
55: [ 22 40 60 80 93 102 115 118 129 133 176 180 195 210 213 223 239 ]
56: [ 5 11 24 27 45 50 68 94 109 125 128 136 142 164 171 184 207 220 222 224 229 ]
57: [ 37 53 101 104 165 178 188 195 199 227 232 ]
58: [ 1 28 60 123 130 139 146 158 191 205 213 214 ]
59: [ 4 16 33 43 127 131 196 207 220 233 ]
60: [ 8 11 21 55 58 105 118 128 129 187 188 196 201 216 218 232 244 ]
61: [ 29 39 81 103 110 118 159 170 177 235 241 ]
62: [ 16 48 53 81 83 103 132 137 140 142 152 157 163 165 174 186 202 225 241 ]
63: [ 9 11 18 39 70 71 79 99 102 133 140 162 177 186 200 215 222 235 244 ]
64: [ 15 68 95 105 107 159 162 199 227 ]
65: [ 30 68 81 96 107 186 197 218 ]
66: [ 69 86 87 125 143 154 178 209 ]
67: [ 6 11 50 74 91 94 108 119 130 144 149 157 166 168 174 179 193 209 ]
68: [ 52 56 64 65 71 72 175 199 242 249 ]
69: [ 66 85 129 133 177 182 185 189 203 226 243 245 ]
70: [ 21 29 63 78 106 185 209 233 ]
71: [ 1 8 18 28 37 44 63 68 84 104 118 119 161 176 198 235 ]
72: [ 30 42 68 93 98 103 107 116 127 138 149 150 170 188 228 ]
73: [ 6 78 95 99 100 125 137 201 209 225 235 238 ]
74: [ 36 67 105 108 154 158 181 197 210 217 247 ]
75: [ 20 28 44 137 140 141 174 179 186 233 ]
76: [ 4 26 38 54 129 153 167 172 189 196 197 202 207 209 219 220 ]
77: [ 2 4 85 96 134 148 160 195 205 214 243 ]
78: [ 23 27 30 34 35 41 49 50 70 73 79 82 120 131 134 138 164 170 187 202 245 ]
79: [ 32 45 51 63 78 112 155 193 197 223 ]
80: [ 16 17 20 55 100 105 113 120 125 146 147 172 200 ]
81: [ 3 11 35 52 61 62 65 111 123 131 139 143 187 192 193 197 219 236 242 ]
82: [ 9 25 27 35 44 51 78 99 103 132 163 164 171 196 218 ]
83: [ 3 33 62 133 150 176 178 ]
84: [ 1 37 41 49 71 178 213 215 231 245 249 ]
85: [ 20 37 39 44 49 69 77 99 109 127 149 226 ]
86: [ 3 22 37 41 54 66 87 135 137 151 157 186 246 ]
87: [ 13 66 86 94 115 117 148 152 156 178 182 194 202 207 217 236 237 ]
88: [ 1 37 39 49 51 52 98 100 124 136 149 169 190 192 198 200 211 219 222 240 ]
89: [ 128 132 145 152 185 188 220 ]
90: [ 46 93 127 137 ]
91: [ 22 48 67 170 187 192 199 225 235 250 ]
92: [ 12 41 54 93 99 144 158 162 176 215 232 ]
93: [ 1 5 13 14 17 32 45 53 55 72 90 92 94 98 108 118 124 130 182 191 215 219 228 236 244 248 ]
94: [ 3 5 14 35 54 56 67 87 93 122 132 157 162 168 180 185 196 203 220 230 240 ]
95: [ 10 31 36 44 64 73 104 110 112 114 121 128 134 138 150 156 157 160 177 187 189 191 214 217 ]
96: [ 17 32 43 49 52 65 77 98 99 115 131 140 146 171 202 216 227 234 ]
97: [ 170 179 203 209 210 213 220 ]
98: [ 7 11 14 27 28 42 44 51 72 88 93 96 109 118 120 122 142 188 189 211 238 ]
99: [ 11 42 63 73 82 85 92 96 107 123 151 164 168 181 186 240 ]
100: [ 6 38 73 80 88 115 119 144 197 211 ]
101: [ 5 42 57 127 129 146 172 196 210 ]
102: [ 7 10 15 38 40 45 48 51 55 63 104 109 125 132 167 171 179 201 211 215 220 228 231 ]
103: [ 8 35 48 52 61 62 72 82 117 121 134 140 154 160 211 223 237 239 248 ]
104: [ 16 48 57 71 95 102 107 109 125 134 136 140 174 183 184 200 217 222 233 244 ]
105: [ 16 47 48 60 64 74 80 123 131 138 142 161 172 229 ]
106: [ 41 52 54 70 121 203 234 ]
107: [ 4 12 14 51 64 65 72 99 104 113 118 139 143 200 205 223 225 238 239 245 246 ]
108: [ 5 17 67 74 93 134 137 157 158 171 178 189 202 233 239 ]
109: [ 10 23 25 35 49 51 52 56 85 98 102 104 120 123 162 185 189 216 232 234 238 ]
110: [ 4 14 15 17 42 43 44 47 61 95 112 176 200 202 237 243 ]
111: [ 5 26 43 48 54 81 120 124 133 137 181 182 185 207 225 232 244 ]
112: [ 8 12 29 44 49 51 79 95 110 131 155 158 186 188 190 195 250 ]
113: [ 27 80 107 118 120 129 130 139 151 169 194 206 ]
114: [ 9 12 13 30 40 45 54 95 133 142 144 154 158 161 165 188 192 194 216 228 249 ]
115: [ 6 10 17 31 54 55 87 96 100 132 136 151 152 156 163 175 177 205 206 212 220 248 249 ]
116: [ 31 72 117 121 138 158 166 183 189 ]
117: [ 1 32 54 87 103 116 139 169 177 191 225 232 ]
118: [ 1 31 39 47 52 55 60 61 71 93 98 107 113 139 164 170 217 ]
119: [ 21 38 67 71 100 128 138 175 198 217 225 233 240 249 ]
120: [ 30 41 44 78 80 98 109 111 113 127 129 132 168 170 194 212 239 242 244 246 247 ]
121: [ 40 95 103 106 116 198 ]
122: [ 15 94 98 149 159 165 209 ]
123: [ 6 13 31 58 81 99 105 109 128 154 171 178 194 200 203 213 ]
124: [ 30 40 88 93 111 126 156 165 179 194 205 ]
125: [ 4 8 16 21 41 44 56 66 73 80 102 104 131 152 155 163 165 197 205 231 233 240 243 248 ]
126: [ 21 30 124 128 141 152 214 217 220 247 ]
127: [ 4 17 26 36 48 59 72 85 90 101 120 136 137 141 149 150 157 182 199 235 249 ]
128: [ 5 6 10 56 60 89 95 119 123 126 133 138 147 155 181 200 202 212 216 221 222 229 ]
129: [ 3 55 60 69 76 101 113 120 156 164 181 209 237 ]
130: [ 30 41 46 58 67 93 113 182 184 189 200 228 239 246 249 ]
131: [ 23 36 59 78 81 96 105 112 125 132 150 158 189 197 234 ]
132: [ 13 16 62 82 89 94 102 115 120 131 146 152 165 168 175 195 200 214 226 232 ]
133: [ 8 15 27 43 44 55 63 69 83 111 114 128 162 186 207 249 ]
134: [ 4 16 24 27 36 38 44 77 78 95 103 104 108 137 145 166 176 232 240 241 248 ]
135: [ 37 41 86 146 ]
136: [ 4 24 27 41 49 54 56 88 104 115 127 138 213 ]
137: [ 36 37 53 62 73 75 86 90 108 111 127 134 162 170 173 193 226 235 246 ]
138: [ 9 53 72 78 95 105 116 119 128 136 140 173 220 227 231 236 244 ]
139: [ 48 58 81 107 113 117 118 167 206 207 208 226 247 249 ]
140: [ 5 17 25 34 37 62 63 75 96 103 104 138 177 198 200 207 235 ]
141: [ 16 18 49 53 75 126 127 175 178 181 185 196 197 198 207 211 242 ]
142: [ 23 39 42 46 53 56 62 98 105 114 145 154 164 170 197 201 202 205 211 218 232 240 ]
143: [ 11 13 18 28 32 34 44 66 81 107 152 158 160 176 183 187 196 246 ]
144: [ 10 12 13 16 19 42 47 67 92 100 114 166 180 205 246 ]
145: [ 29 33 36 47 89 134 142 158 164 177 243 ]
146: [ 1 7 12 33 58 80 96 101 132 135 155 156 174 205 220 235 241 245 ]
147: [ 10 16 42 80 128 154 164 176 183 189 195 216 222 234 245 ]
148: [ 2 3 30 45 77 87 202 ]
149: [ 2 12 31 33 67 72 85 88 122 127 168 179 ]
150: [ 72 83 95 127 131 154 162 164 231 235 242 ]
151: [ 5 13 86 99 113 115 211 ]
152: [ 2 10 14 46 62 87 89 115 125 126 132 143 187 189 195 201 206 233 234 249 ]
153: [ 46 76 163 232 239 ]
154: [ 12 18 36 41 42 48 52 66 74 103 114 123 142 147 150 167 186 187 193 214 217 231 244 ]
155: [ 4 24 45 54 79 112 125 128 146 159 160 168 172 175 177 199 203 206 241 246 ]
156: [ 24 49 87 95 115 124 129 146 170 177 179 182 197 216 234 ]
157: [ 4 37 50 62 67 86 94 95 108 127 239 243 ]
158: [ 6 16 23 29 37 58 74 92 108 112 114 116 131 143 145 161 168 181 182 206 221 222 226 231 238 ]
159: [ 12 40 49 61 64 122 155 168 185 223 241 245 ]
160: [ 8 17 77 95 103 143 155 202 214 249 ]
161: [ 71 105 114 158 213 ]
162: [ 7 26 32 63 64 92 94 109 133 137 150 170 174 186 206 217 219 232 239 ]
163: [ 21 26 34 62 82 115 125 153 204 211 229 250 ]
164: [ 41 56 78 82 99 118 129 142 145 147 150 173 181 186 203 ]
165: [ 17 20 40 57 62 114 122 124 125 132 190 ]
166: [ 21 33 41 67 116 134 144 186 187 231 240 ]
167: [ 76 102 139 154 182 185 187 217 222 225 246 ]
168: [ 3 24 27 67 94 99 120 132 149 155 158 159 182 188 200 201 206 221 226 245 247 ]
169: [ 23 36 49 52 88 113 117 176 177 210 214 ]
170: [ 9 37 41 53 61 72 78 91 97 118 120 137 142 156 162 171 182 226 232 236 248 ]
171: [ 35 43 54 56 82 96 102 108 123 170 230 235 ]
172: [ 14 26 54 76 80 101 105 155 173 188 202 229 ]
173: [ 14 20 25 137 138 164 172 187 192 211 239 246 ]
174: [ 8 15 40 45 62 67 75 104 146 162 181 217 231 238 ]
175: [ 12 18 24 31 68 115 119 132 141 155 177 180 185 198 201 224 229 230 231 ]
176: [ 11 37 41 55 71 83 92 110 134 143 147 169 198 200 205 207 219 248 ]
177: [ 32 54 61 63 69 95 115 117 140 145 155 156 169 175 213 245 ]
178: [ 24 27 40 48 49 53 57 66 83 84 87 108 123 141 186 192 213 ]
179: [ 9 15 67 75 97 102 124 149 156 203 221 235 248 250 ]
180: [ 21 40 55 94 144 175 ]
181: [ 1 16 18 40 54 74 99 111 128 129 141 158 164 174 182 186 188 235 242 246 250 ]
182: [ 38 40 69 87 93 111 127 130 156 158 167 168 170 181 190 191 206 218 231 234 238 247 ]
183: [ 2 8 14 21 45 104 116 143 147 199 203 204 244 ]
184: [ 19 51 56 104 130 188 222 242 ]
185: [ 5 10 24 69 70 89 94 109 111 141 159 167 175 190 193 200 201 209 232 237 247 ]
186: [ 2 62 63 65 75 86 99 112 133 154 162 164 166 178 181 187 209 217 228 235 ]
187: [ 3 13 47 60 78 81 91 95 143 152 154 166 167 173 186 205 214 225 ]
188: [ 19 26 48 57 60 72 89 98 112 114 168 172 181 184 192 236 ]
189: [ 30 31 50 69 76 95 98 108 109 116 130 131 147 152 197 198 201 214 235 238 240 250 ]
190: [ 7 21 48 88 112 165 182 185 204 243 244 247 ]
191: [ 34 58 93 95 117 182 197 215 222 225 243 ]
192: [ 3 32 39 40 81 88 91 114 173 178 188 239 ]
193: [ 50 67 79 81 137 154 185 198 213 225 244 ]
194: [ 30 37 87 113 114 120 123 124 207 239 241 ]
195: [ 23 32 55 57 77 112 132 147 152 201 203 204 224 227 234 ]
196: [ 4 23 27 32 34 46 59 60 76 82 94 101 141 143 207 232 240 247 ]
197: [ 14 17 25 26 52 65 74 76 79 81 100 125 131 141 142 156 189 191 ]
198: [ 7 11 14 17 20 22 33 41 71 88 119 121 140 141 175 176 189 193 199 206 212 242 ]
199: [ 4 5 13 42 43 47 50 57 64 68 91 127 155 183 198 ]
200: [ 8 11 18 63 80 88 104 107 110 123 128 130 132 140 168 176 185 217 229 233 235 241 244 ]
201: [ 14 23 40 60 73 102 142 152 168 175 185 189 195 222 234 236 ]
202: [ 30 32 49 50 62 76 78 87 96 108 110 128 142 148 160 172 209 224 241 250 ]
203: [ 1 3 17 20 32 40 41 69 94 97 106 123 155 164 179 183 195 214 215 250 ]
204: [ 9 12 23 37 40 45 163 183 190 195 226 231 240 ]
205: [ 43 46 58 77 107 115 124 125 142 144 146 176 187 209 240 ]
206: [ 9 19 26 47 50 113 115 139 152 155 158 162 168 182 198 220 ]
207: [ 37 38 49 56 59 76 87 111 133 139 140 141 176 194 196 228 231 232 244 ]
208: [ 2 29 139 213 ]
209: [ 23 24 41 44 54 66 67 70 73 76 97 122 129 185 186 202 205 219 228 229 ]
210: [ 5 16 17 18 25 30 49 53 55 74 97 101 169 222 ]
211: [ 29 33 35 41 43 88 98 100 102 103 141 142 151 163 173 216 233 245 ]
212: [ 12 16 115 120 128 198 213 232 250 ]
213: [ 20 40 55 58 84 97 123 136 161 177 178 193 208 212 239 ]
214: [ 1 2 32 58 77 95 126 132 154 160 169 187 189 203 217 228 234 236 244 ]
215: [ 44 63 84 92 93 102 191 203 224 ]
216: [ 16 60 96 109 114 128 147 156 211 ]
217: [ 2 32 54 74 87 95 104 118 119 126 154 162 167 174 186 200 214 ]
218: [ 12 28 60 65 82 142 182 232 241 243 ]
219: [ 45 76 81 88 93 162 176 209 238 ]
220: [ 8 16 21 27 31 54 56 59 76 89 94 97 102 115 126 138 146 206 229 233 ]
221: [ 30 49 52 128 158 168 179 235 242 ]
222: [ 11 45 56 63 88 104 128 147 158 167 184 191 201 210 231 235 ]
223: [ 18 19 55 79 103 107 159 ]
224: [ 8 35 56 175 195 202 215 234 248 ]
225: [ 42 62 73 91 107 111 117 119 167 187 191 193 229 248 ]
226: [ 8 22 39 40 69 85 132 137 139 158 168 170 204 250 ]
227: [ 23 57 64 96 138 195 ]
228: [ 2 16 72 93 102 114 130 186 207 209 214 243 ]
229: [ 11 49 54 56 105 128 163 172 175 200 209 220 225 230 239 250 ]
230: [ 16 47 94 171 175 229 ]
231: [ 3 9 13 84 102 125 138 150 154 158 166 174 175 182 204 207 222 234 240 ]
232: [ 9 29 54 57 60 92 109 111 117 132 134 142 153 162 170 185 196 207 212 218 ]
233: [ 2 4 12 21 25 42 59 70 75 104 108 119 125 152 200 211 220 242 248 ]
234: [ 5 20 30 43 96 106 109 131 147 152 156 182 195 201 214 224 231 237 241 ]
235: [ 5 6 29 39 44 61 63 71 73 91 127 137 140 146 150 171 179 181 186 189 200 221 222 249 ]
236: [ 13 30 43 81 87 93 138 170 188 201 214 ]
237: [ 36 45 54 87 103 110 129 185 234 ]
238: [ 11 73 98 107 109 158 174 182 189 219 239 243 ]
239: [ 1 16 18 27 55 103 107 108 120 130 153 157 162 173 192 194 213 229 238 240 242 ]
240: [ 18 27 32 40 41 44 48 50 88 94 99 119 125 134 142 166 189 196 204 205 231 239 242 ]
241: [ 32 38 61 62 134 146 155 159 194 200 202 218 234 ]
242: [ 23 30 31 51 68 81 120 141 150 181 184 198 221 233 239 240 250 ]
243: [ 1 27 29 49 69 77 110 125 145 157 190 191 218 228 238 ]
244: [ 11 36 60 63 93 104 111 120 138 154 183 190 193 200 207 214 ]
245: [ 12 23 69 78 84 107 146 147 159 168 177 211 ]
246: [ 6 36 42 86 107 120 130 137 143 144 155 167 173 181 ]
247: [ 39 43 45 74 120 126 139 168 182 185 190 196 ]
248: [ 93 103 115 125 134 170 176 179 224 225 233 ]
249: [ 68 84 114 115 119 127 130 133 139 152 160 235 ]
250: [ 28 91 112 163 179 181 189 202 203 212 226 229 242 ]
