1: [ 10 11 25 38 57 63 65 74 91 99 110 112 114 115 124 128 142 145 149 150 194 208 222 234 236 248 ]
2: [ 22 27 28 72 86 96 107 135 153 162 195 205 219 242 ]
3: [ 16 22 33 120 121 131 136 138 145 161 164 171 173 189 203 204 210 230 250 ]
4: [ 14 25 28 34 45 55 65 70 76 85 87 92 103 122 148 161 166 177 179 180 184 215 217 ]
5: [ 6 29 33 55 58 106 120 189 ]
6: [ 5 7 32 78 85 94 113 114 165 183 193 203 249 ]
7: [ 6 18 34 36 55 59 65 69 70 75 85 95 106 112 119 132 174 180 201 204 245 ]
8: [ 30 55 57 59 69 109 134 135 158 159 184 195 196 197 204 249 ]
9: [ 35 65 90 96 104 128 183 190 200 205 206 ]
10: [ 1 19 27 31 37 51 52 65 90 140 141 150 153 160 165 166 182 189 193 227 238 250 ]
11: [ 1 29 35 55 59 76 82 85 106 108 110 126 182 184 200 204 211 217 219 222 232 241 246 ]
12: [ 77 89 103 126 177 225 242 ]
13: [ 19 41 64 119 146 164 197 216 ]
14: [ 4 29 36 40 48 65 68 74 77 93 110 117 118 131 140 154 170 177 189 209 215 219 233 246 ]
15: [ 76 113 133 151 186 ]
16: [ 3 33 71 85 87 120 121 127 145 164 222 ]
17: [ 34 60 94 100 132 138 150 154 164 201 207 230 235 ]
18: [ 7 58 71 91 105 110 113 132 158 161 213 ]
19: [ 10 13 26 40 72 86 113 127 138 157 165 194 200 226 231 241 ]
20: [ 23 29 30 36 48 52 67 70 91 145 151 156 173 180 204 220 242 244 ]
21: [ 24 85 100 117 124 172 175 180 184 202 216 229 234 ]
22: [ 2 3 27 58 75 93 127 128 141 152 168 171 172 174 179 213 219 220 225 230 244 ]
23: [ 20 68 83 108 115 137 153 156 168 177 193 220 ]
24: [ 21 32 66 85 89 118 124 135 137 182 192 193 209 218 228 231 240 ]
25: [ 1 4 52 55 61 70 72 88 96 98 126 129 152 168 181 184 190 237 241 249 ]
26: [ 19 55 58 62 64 69 75 86 95 104 110 127 133 154 164 185 200 216 240 ]
27: [ 2 10 22 36 42 48 85 113 116 117 121 122 128 153 154 155 156 186 187 208 235 ]
28: [ 2 4 38 46 50 66 69 74 77 107 110 116 118 120 145 152 159 183 202 221 233 ]
29: [ 5 11 14 20 33 57 62 84 86 93 101 102 104 141 143 165 171 185 219 232 247 ]
30: [ 8 20 44 63 69 112 127 135 145 164 168 180 192 219 ]
31: [ 10 34 45 87 89 116 126 138 149 151 163 184 186 201 204 205 213 239 248 ]
32: [ 6 24 65 89 100 150 169 ]
33: [ 3 5 16 29 42 53 60 64 133 135 138 152 169 174 179 182 203 208 214 219 ]
34: [ 4 7 17 31 50 54 60 70 71 101 120 121 141 143 149 161 169 194 213 216 218 239 242 246 250 ]
35: [ 9 11 45 46 54 59 81 84 86 102 113 119 126 134 148 155 162 185 189 202 209 213 243 250 ]
36: [ 7 14 20 27 51 72 76 101 102 116 125 128 164 186 204 206 234 243 246 ]
37: [ 10 72 81 85 127 132 162 163 175 179 195 210 242 ]
38: [ 1 28 43 53 71 83 121 166 167 175 177 225 227 229 245 ]
39: [ 45 93 123 127 145 176 193 205 206 226 239 242 249 ]
40: [ 14 19 55 83 84 86 115 134 149 204 205 222 228 236 245 ]
41: [ 13 59 65 113 131 141 162 167 171 197 199 201 210 226 ]
42: [ 27 33 97 99 116 132 164 232 243 246 ]
43: [ 38 65 75 89 126 182 192 200 ]
44: [ 30 67 76 80 110 124 133 145 173 222 224 227 230 247 ]
45: [ 4 31 35 39 64 77 79 103 132 134 154 160 168 178 203 230 ]
46: [ 28 35 51 114 128 148 191 223 ]
47: [ 76 85 89 99 101 106 147 150 211 220 224 225 235 242 245 ]
48: [ 14 20 27 55 63 134 161 177 182 188 216 230 241 ]
49: [ 69 127 128 130 133 139 154 159 196 198 202 206 208 245 ]
50: [ 28 34 59 60 113 132 134 168 194 223 228 229 237 240 ]
51: [ 10 36 46 70 90 98 102 114 159 162 186 187 208 215 217 230 236 243 ]
52: [ 10 20 25 93 102 108 112 123 130 132 141 143 159 196 205 212 241 248 ]
53: [ 33 38 57 58 66 96 108 115 134 136 163 173 206 248 ]
54: [ 34 35 115 127 142 158 173 178 181 182 200 202 225 228 ]
55: [ 4 5 7 8 11 25 26 40 48 60 69 87 89 96 97 114 116 118 133 141 146 164 183 206 226 242 ]
56: [ 57 70 111 132 161 166 176 186 195 230 ]
57: [ 1 8 29 53 56 63 71 78 89 96 112 120 146 149 171 177 195 201 207 234 ]
58: [ 5 18 22 26 53 66 72 81 102 127 151 161 186 219 223 229 242 ]
59: [ 7 8 11 35 41 50 61 75 89 119 136 140 141 165 185 198 207 217 223 242 ]
60: [ 17 33 34 50 55 81 93 97 106 113 128 150 153 155 161 183 192 203 215 225 241 242 249 ]
61: [ 25 59 69 94 117 127 131 167 189 216 ]
62: [ 26 29 91 115 133 143 145 152 163 173 237 ]
63: [ 1 30 48 57 71 72 89 94 105 113 120 150 182 200 214 217 222 230 248 ]
64: [ 13 26 33 45 77 83 119 121 142 145 203 223 224 226 232 ]
65: [ 1 4 7 9 10 14 32 41 43 69 74 82 91 99 164 169 177 197 ]
66: [ 24 28 53 58 72 87 101 110 133 134 149 183 193 202 218 231 232 ]
67: [ 20 44 70 87 94 104 122 139 143 154 168 214 216 218 ]
68: [ 14 23 105 124 133 134 145 158 178 201 219 225 232 238 240 ]
69: [ 7 8 26 28 30 49 55 61 65 84 98 102 108 153 155 162 167 172 173 181 184 193 196 205 209 222 225 227 238 248 ]
70: [ 4 7 20 25 34 51 56 67 130 147 150 189 ]
71: [ 16 18 34 38 57 63 120 154 165 169 180 182 186 192 208 216 228 235 239 ]
72: [ 2 19 25 36 37 58 63 66 83 101 132 133 168 179 186 189 201 202 211 214 222 224 225 231 232 243 246 247 248 ]
73: [ 76 118 127 140 141 167 204 ]
74: [ 1 14 28 65 75 76 81 101 102 104 109 112 123 132 149 163 195 199 224 239 241 246 ]
75: [ 7 22 26 43 59 74 93 163 193 236 241 ]
76: [ 4 11 15 36 44 47 73 74 167 179 183 199 ]
77: [ 12 14 28 45 64 100 120 126 130 139 140 151 168 170 181 190 205 208 ]
78: [ 6 57 130 146 150 151 175 176 200 213 232 ]
79: [ 45 110 128 151 230 250 ]
80: [ 44 99 135 157 186 213 218 225 250 ]
81: [ 35 37 58 60 74 119 124 207 230 246 ]
82: [ 11 65 94 129 135 159 213 235 242 ]
83: [ 23 38 40 64 72 85 103 110 117 139 149 150 156 162 180 203 206 215 218 229 238 247 ]
84: [ 29 35 40 69 99 103 123 135 150 171 183 204 207 216 ]
85: [ 4 6 7 11 16 21 24 27 37 47 83 129 144 146 156 185 186 188 210 218 226 236 ]
86: [ 2 19 26 29 35 40 110 114 141 186 216 227 248 ]
87: [ 4 16 31 55 66 67 94 133 134 186 193 ]
88: [ 25 94 95 98 106 128 131 134 139 142 184 217 225 228 249 ]
89: [ 12 24 31 32 43 47 55 57 59 63 94 110 119 121 130 157 193 196 200 202 209 212 223 248 250 ]
90: [ 9 10 51 121 175 190 207 216 222 ]
91: [ 1 18 20 62 65 106 114 182 191 193 218 231 ]
92: [ 4 100 103 151 183 187 206 219 235 ]
93: [ 14 22 29 39 52 60 75 103 105 113 123 135 149 170 171 188 199 221 245 249 250 ]
94: [ 6 17 61 63 67 82 87 88 89 125 126 134 142 146 157 161 164 189 197 224 229 ]
95: [ 7 26 88 123 132 141 142 161 198 200 205 216 ]
96: [ 2 9 25 53 55 57 99 146 148 152 160 208 243 ]
97: [ 42 55 60 118 150 153 162 167 180 ]
98: [ 25 51 69 88 183 227 ]
99: [ 1 42 47 65 80 84 96 109 123 167 168 190 233 ]
100: [ 17 21 32 77 92 101 107 128 142 203 211 217 220 228 234 ]
101: [ 29 34 36 47 66 72 74 100 113 128 143 152 162 178 187 210 219 227 246 ]
102: [ 29 35 36 51 52 58 69 74 109 130 162 164 202 218 ]
103: [ 4 12 45 83 84 92 93 126 130 135 152 167 169 177 178 180 204 ]
104: [ 9 26 29 67 74 150 165 170 179 184 192 196 208 219 229 244 ]
105: [ 18 63 68 93 128 175 ]
106: [ 5 7 11 47 60 88 91 124 125 130 149 172 183 194 196 200 212 213 229 235 245 ]
107: [ 2 28 100 133 181 215 ]
108: [ 11 23 52 53 69 119 120 131 134 158 170 192 201 207 223 226 228 234 250 ]
109: [ 8 74 99 102 112 122 135 139 159 175 185 187 188 205 229 246 ]
110: [ 1 11 14 18 26 28 44 66 79 83 86 89 117 118 120 127 156 164 167 171 178 184 207 209 ]
111: [ 56 123 144 156 161 178 187 189 220 242 250 ]
112: [ 1 7 30 52 57 74 109 118 131 137 168 181 182 188 193 207 216 244 ]
113: [ 6 15 18 19 27 35 41 50 60 63 93 101 114 116 122 132 156 179 184 220 227 ]
114: [ 1 6 46 51 55 86 91 113 124 131 150 151 154 158 162 177 229 232 236 242 ]
115: [ 1 23 40 53 54 62 122 124 175 180 202 203 236 248 ]
116: [ 27 28 31 36 42 55 113 127 131 132 154 156 184 207 220 227 ]
117: [ 14 21 27 61 83 110 122 141 142 144 151 161 178 184 185 196 210 222 249 ]
118: [ 14 24 28 55 73 97 110 112 120 123 126 146 183 ]
119: [ 7 13 35 59 64 81 89 108 120 140 161 162 181 183 212 220 234 ]
120: [ 3 5 16 28 34 57 63 71 77 108 110 118 119 133 142 163 187 190 194 196 ]
121: [ 3 16 27 34 38 64 89 90 134 135 183 198 203 207 217 239 243 249 ]
122: [ 4 27 67 109 113 115 117 130 134 139 142 157 168 175 189 203 228 233 ]
123: [ 39 52 74 84 93 95 99 111 118 128 134 167 186 228 ]
124: [ 1 21 24 44 68 81 106 114 115 128 142 180 187 207 216 ]
125: [ 36 94 106 136 ]
126: [ 11 12 25 31 35 43 77 94 103 118 133 141 174 176 190 205 232 ]
127: [ 16 19 22 26 30 37 39 49 54 58 61 73 110 116 139 145 215 220 230 241 249 ]
128: [ 1 9 22 27 36 46 49 60 79 88 100 101 105 123 124 131 152 153 188 211 225 ]
129: [ 25 82 85 137 146 157 161 167 189 223 ]
130: [ 49 52 70 77 78 89 102 103 106 122 134 150 152 205 220 229 233 240 ]
131: [ 3 14 41 61 88 108 112 114 116 128 146 154 164 185 190 200 220 222 224 ]
132: [ 7 17 18 37 42 45 50 52 56 72 74 95 113 116 135 155 199 206 212 222 248 ]
133: [ 15 26 33 44 49 55 62 66 68 72 87 107 120 126 139 172 173 182 184 186 199 222 ]
134: [ 8 35 40 45 48 50 53 66 68 87 88 94 108 121 122 123 130 149 175 177 188 204 222 225 ]
135: [ 2 8 24 30 33 80 82 84 93 103 109 121 132 138 154 187 199 207 234 ]
136: [ 3 53 59 125 140 170 175 246 ]
137: [ 23 24 112 129 151 153 182 186 189 193 227 240 ]
138: [ 3 17 19 31 33 135 145 163 183 200 207 218 225 ]
139: [ 49 67 77 83 88 109 122 127 133 153 161 169 173 200 203 204 205 208 213 235 239 242 244 ]
140: [ 10 14 59 73 77 119 136 150 179 182 206 209 231 244 ]
141: [ 10 22 29 34 41 52 55 59 73 86 95 117 126 145 150 166 207 244 ]
142: [ 1 54 64 88 94 95 100 117 120 122 124 152 162 215 226 228 ]
143: [ 29 34 52 62 67 101 172 181 212 224 229 242 245 247 ]
144: [ 85 111 117 247 ]
145: [ 1 3 16 20 28 30 39 44 62 64 68 127 138 141 146 149 152 167 176 182 186 213 220 233 235 246 248 ]
146: [ 13 55 57 78 85 94 96 118 129 131 145 162 166 193 240 241 244 ]
147: [ 47 70 181 194 214 ]
148: [ 4 35 46 96 184 191 225 246 ]
149: [ 1 31 34 40 57 66 74 83 93 106 134 145 157 198 205 ]
150: [ 1 10 17 32 47 60 63 70 78 83 84 97 104 114 130 140 141 169 181 195 227 229 243 ]
151: [ 15 20 31 58 77 78 79 92 114 117 137 166 189 190 196 206 214 220 222 225 226 ]
152: [ 22 25 28 33 62 96 101 103 128 130 142 145 160 187 202 246 ]
153: [ 2 10 23 27 60 69 97 128 137 139 183 233 239 ]
154: [ 14 17 26 27 45 49 67 71 114 116 131 135 198 201 214 221 228 ]
155: [ 27 35 60 69 132 ]
156: [ 20 23 27 83 85 110 111 113 116 173 193 204 205 233 ]
157: [ 19 80 89 94 122 129 149 164 170 174 ]
158: [ 8 18 54 68 108 114 186 204 206 210 235 ]
159: [ 8 28 49 51 52 82 109 166 182 184 189 208 220 245 247 248 ]
160: [ 10 45 96 152 167 168 188 189 238 ]
161: [ 3 4 18 34 48 56 58 60 94 95 111 117 119 129 139 167 177 200 219 ]
162: [ 2 35 37 41 51 69 83 97 101 102 114 119 142 146 178 185 187 205 217 229 239 ]
163: [ 31 37 53 62 74 75 120 138 242 245 ]
164: [ 3 13 16 17 26 30 36 42 55 65 94 102 110 131 157 165 190 191 203 204 212 218 222 ]
165: [ 6 10 19 29 59 71 104 164 183 204 236 240 ]
166: [ 4 10 38 56 141 146 151 159 188 205 236 242 ]
167: [ 38 41 61 69 73 76 97 99 103 110 123 129 145 160 161 174 179 185 189 190 200 235 236 241 ]
168: [ 22 23 25 30 45 50 67 72 77 99 112 122 160 177 220 248 ]
169: [ 32 33 34 65 71 103 139 150 179 185 196 217 234 ]
170: [ 14 77 93 104 108 136 157 205 ]
171: [ 3 22 29 41 57 84 93 110 191 217 ]
172: [ 21 22 69 106 133 143 225 ]
173: [ 3 20 44 53 54 62 69 133 139 156 182 212 223 232 236 ]
174: [ 7 22 33 126 157 167 220 241 ]
175: [ 21 37 38 78 90 105 109 115 122 134 136 250 ]
176: [ 39 56 78 126 145 206 ]
177: [ 4 12 14 23 38 48 57 65 103 114 134 161 168 185 187 192 195 206 217 233 242 244 ]
178: [ 45 54 68 101 103 110 111 117 162 192 194 223 ]
179: [ 4 22 33 37 72 76 104 113 140 167 169 192 195 197 201 202 206 207 217 245 248 ]
180: [ 4 7 20 21 30 71 83 97 103 115 124 196 203 240 245 ]
181: [ 25 54 69 77 107 112 119 143 147 150 188 189 192 228 245 ]
182: [ 10 11 24 33 43 48 54 63 71 91 112 133 137 140 145 159 173 208 223 232 243 247 248 250 ]
183: [ 6 9 28 55 60 66 76 84 92 98 106 118 119 121 138 153 165 186 192 210 231 ]
184: [ 4 8 11 21 25 31 69 88 104 110 113 116 117 133 148 159 189 200 214 216 220 232 245 ]
185: [ 26 29 35 59 85 109 117 131 162 167 169 177 212 214 216 240 ]
186: [ 15 27 31 36 51 56 58 71 72 80 85 86 87 123 133 137 145 158 183 197 207 216 225 235 ]
187: [ 27 51 92 101 109 111 120 124 135 152 162 177 195 220 232 233 247 ]
188: [ 48 85 93 109 112 128 134 160 166 181 221 224 239 250 ]
189: [ 3 5 10 14 35 61 70 72 94 111 122 129 137 151 159 160 167 181 184 227 236 244 ]
190: [ 9 25 77 90 99 120 126 131 151 164 167 197 220 231 ]
191: [ 46 91 148 164 171 197 241 245 ]
192: [ 24 30 43 60 71 104 108 177 178 179 181 183 193 220 247 ]
193: [ 6 10 23 24 39 66 69 75 87 89 91 112 137 146 156 192 197 201 207 213 219 244 246 ]
194: [ 1 19 34 50 106 120 147 178 223 236 244 249 250 ]
195: [ 2 8 37 56 57 74 150 177 179 187 201 225 227 ]
196: [ 8 49 52 69 89 104 106 117 120 151 169 180 200 210 214 ]
197: [ 8 13 41 65 94 179 186 190 191 193 202 221 226 ]
198: [ 49 59 95 121 149 154 240 ]
199: [ 41 74 76 93 132 133 135 222 ]
200: [ 9 11 19 26 43 54 63 78 89 95 106 131 138 139 161 167 184 196 208 219 235 ]
201: [ 7 17 31 41 57 68 72 108 154 179 193 195 215 ]
202: [ 21 28 35 49 54 66 72 89 102 115 152 179 197 208 224 230 244 ]
203: [ 3 6 33 45 60 64 83 100 115 121 122 139 164 180 207 216 235 ]
204: [ 3 7 8 11 20 31 36 40 73 84 103 134 139 156 158 164 165 236 247 ]
205: [ 2 9 31 39 40 52 69 77 95 109 126 130 139 149 156 162 166 170 217 236 241 242 ]
206: [ 9 36 39 49 53 55 83 92 132 140 151 158 176 177 179 211 214 216 218 ]
207: [ 17 57 59 81 84 90 108 110 112 116 121 124 135 138 141 179 186 193 203 215 223 234 235 ]
208: [ 1 27 33 49 51 71 77 96 104 139 159 182 200 202 212 222 228 245 ]
209: [ 14 24 35 69 89 110 140 235 240 250 ]
210: [ 3 37 41 85 101 117 158 183 196 232 ]
211: [ 11 47 72 100 128 206 244 ]
212: [ 52 89 106 119 132 143 164 173 185 208 225 235 249 ]
213: [ 18 22 31 34 35 78 80 82 106 139 145 193 229 235 239 ]
214: [ 33 63 67 72 147 151 154 184 185 196 206 218 226 232 246 ]
215: [ 4 14 51 60 83 107 127 142 201 207 216 223 237 ]
216: [ 13 21 26 34 48 61 67 71 84 86 90 95 112 124 184 185 186 203 206 215 227 ]
217: [ 4 11 51 59 63 88 100 121 162 169 171 177 179 205 224 226 241 ]
218: [ 24 34 66 67 80 83 85 91 102 138 164 206 214 245 ]
219: [ 2 11 14 22 29 30 33 58 68 92 101 104 161 193 200 229 233 ]
220: [ 20 22 23 47 100 111 113 116 119 127 130 131 145 151 159 168 174 184 187 190 192 232 ]
221: [ 28 93 154 188 197 229 240 250 ]
222: [ 1 11 16 40 44 63 69 72 90 117 131 132 133 134 151 164 199 208 225 230 ]
223: [ 46 50 58 59 64 89 108 129 173 178 182 194 207 215 ]
224: [ 44 47 64 72 74 94 131 143 188 202 217 227 232 236 ]
225: [ 12 22 38 47 54 60 68 69 72 80 88 128 134 138 148 151 172 186 195 212 222 230 235 247 ]
226: [ 19 39 41 55 64 85 108 142 151 197 214 217 229 232 238 249 ]
227: [ 10 38 44 69 86 98 101 113 116 137 150 189 195 216 224 229 236 237 ]
228: [ 24 40 50 54 71 88 100 108 122 123 142 154 181 208 232 233 ]
229: [ 21 38 50 58 83 94 104 106 109 114 130 143 150 162 213 219 221 226 227 249 250 ]
230: [ 3 17 22 44 45 48 51 56 63 79 81 127 202 222 225 232 ]
231: [ 19 24 66 72 91 140 183 190 ]
232: [ 11 29 42 64 66 68 72 78 114 126 173 182 184 187 210 214 220 224 226 228 230 ]
233: [ 14 28 99 122 130 145 153 156 177 187 219 228 ]
234: [ 1 21 36 57 100 108 119 135 169 207 ]
235: [ 17 27 47 71 82 92 106 139 145 158 167 186 200 203 207 209 212 213 225 236 ]
236: [ 1 40 51 75 85 114 115 165 166 167 173 189 194 204 205 224 227 235 245 247 ]
237: [ 25 50 62 215 227 ]
238: [ 10 68 69 83 160 226 ]
239: [ 31 34 39 71 74 121 139 153 162 188 213 248 ]
240: [ 24 26 50 68 130 137 146 165 180 185 198 209 221 ]
241: [ 11 19 25 48 52 60 74 75 127 146 167 174 191 205 217 ]
242: [ 2 12 20 34 37 39 47 55 58 59 60 82 111 114 139 143 163 166 177 205 ]
243: [ 35 36 42 51 72 96 121 150 182 ]
244: [ 20 22 104 112 139 140 141 146 177 189 193 194 202 211 ]
245: [ 7 38 40 47 49 93 106 143 159 163 179 180 181 184 191 208 218 236 ]
246: [ 11 14 34 36 42 72 74 81 101 109 136 145 148 152 193 214 ]
247: [ 29 44 72 83 143 144 159 182 187 192 204 225 236 ]
248: [ 1 31 52 53 63 69 72 86 89 115 132 145 159 168 179 182 239 ]
249: [ 6 8 25 39 60 88 93 117 121 127 194 212 226 229 ]
250: [ 3 10 34 35 79 80 89 93 108 111 175 182 188 194 209 221 229 ]
