1: [ 4 49 56 113 120 124 177 189 ]
2: [ 44 65 68 71 83 144 158 161 221 226 ]
3: [ 40 44 159 175 182 218 220 243 ]
4: [ 1 44 45 60 77 84 95 146 160 167 176 209 ]
5: [ 25 45 111 113 124 131 135 140 168 176 224 233 246 ]
6: [ 32 34 56 65 86 115 116 147 158 184 188 199 210 234 244 246 247 ]
7: [ 62 103 106 159 167 170 191 200 201 210 217 225 244 ]
8: [ 13 28 29 32 60 83 111 122 129 134 155 156 174 217 224 244 250 ]
9: [ 22 24 45 50 100 106 112 135 176 181 203 241 ]
10: [ 27 32 73 88 92 113 117 130 131 143 149 213 ]
11: [ 20 78 84 126 134 182 194 219 ]
12: [ 27 40 42 57 84 104 115 125 141 177 183 188 199 232 ]
13: [ 8 23 24 26 53 58 81 84 111 140 150 160 194 203 218 229 232 ]
14: [ 41 44 71 72 75 81 98 123 158 165 174 188 228 236 248 ]
15: [ 21 84 96 104 123 130 148 220 225 241 ]
16: [ 57 103 138 142 143 161 165 166 171 194 202 204 226 238 ]
17: [ 19 39 80 82 85 107 115 149 152 154 155 180 189 191 217 219 228 ]
18: [ 20 37 72 81 147 172 177 192 228 ]
19: [ 17 31 33 38 71 73 79 82 115 121 129 144 167 189 191 208 225 230 239 ]
20: [ 11 18 44 48 49 54 61 75 78 102 127 159 195 200 202 204 206 212 225 240 ]
21: [ 15 31 80 111 121 124 129 160 161 165 173 188 197 208 ]
22: [ 9 46 78 95 104 189 194 200 215 217 ]
23: [ 13 79 80 82 90 95 115 118 121 135 144 150 163 187 200 221 248 ]
24: [ 9 13 27 67 102 104 106 107 111 146 154 157 162 181 183 190 207 225 240 ]
25: [ 5 48 73 117 121 125 146 164 184 200 210 ]
26: [ 13 50 57 77 79 92 96 108 141 160 170 172 182 194 200 207 226 247 ]
27: [ 10 12 24 28 46 55 58 62 66 83 91 101 125 151 153 184 191 228 ]
28: [ 8 27 31 39 44 54 141 167 180 189 190 194 197 226 237 241 245 246 ]
29: [ 8 35 37 52 79 109 112 132 157 196 211 ]
30: [ 34 35 36 142 148 225 ]
31: [ 19 21 28 35 63 95 128 140 213 239 ]
32: [ 6 8 10 35 45 65 70 83 111 117 133 151 183 190 196 197 202 244 246 250 ]
33: [ 19 37 43 76 85 99 115 151 152 156 163 168 182 229 247 ]
34: [ 6 30 38 42 49 65 78 79 98 137 147 148 166 167 190 204 206 239 246 ]
35: [ 29 30 31 32 73 80 134 139 174 176 204 206 239 ]
36: [ 30 38 59 113 126 191 211 221 ]
37: [ 18 29 33 43 47 59 60 82 83 96 140 146 177 183 194 207 214 220 225 234 239 242 ]
38: [ 19 34 36 46 53 67 97 104 133 141 156 167 224 227 234 238 248 ]
39: [ 17 28 54 60 67 96 100 103 129 181 184 225 238 ]
40: [ 3 12 54 74 80 82 91 94 112 135 138 140 154 160 173 183 188 189 191 241 ]
41: [ 14 61 86 170 173 189 203 ]
42: [ 12 34 89 130 147 182 199 209 210 215 222 228 231 239 246 ]
43: [ 33 37 45 55 64 136 141 143 176 188 207 217 239 ]
44: [ 2 3 4 14 20 28 54 86 149 159 174 195 226 243 ]
45: [ 4 5 9 32 43 49 50 88 90 101 130 133 144 148 155 160 165 170 201 233 ]
46: [ 22 27 38 51 63 74 95 101 128 136 157 181 216 226 229 240 242 ]
47: [ 37 49 112 116 118 127 141 155 156 213 227 ]
48: [ 20 25 65 121 173 175 207 213 ]
49: [ 1 20 34 45 47 50 52 53 76 77 80 112 132 140 148 165 167 175 177 192 212 220 224 248 ]
50: [ 9 26 45 49 96 98 137 160 168 169 171 215 225 236 ]
51: [ 46 53 56 69 76 83 94 106 143 145 147 157 165 172 207 219 249 ]
52: [ 29 49 55 67 76 93 98 146 151 155 193 ]
53: [ 13 38 49 51 72 78 84 104 110 140 155 177 182 184 203 227 238 246 247 ]
54: [ 20 28 39 40 44 59 70 76 77 80 101 122 127 144 188 212 230 237 247 ]
55: [ 27 43 52 129 134 206 216 227 239 ]
56: [ 1 6 51 69 90 111 141 142 156 165 183 230 245 248 ]
57: [ 12 16 26 63 68 75 76 106 120 124 140 142 157 161 162 176 183 187 200 205 217 230 246 249 ]
58: [ 13 27 83 92 127 139 144 183 184 190 194 198 205 206 209 210 213 238 ]
59: [ 36 37 54 92 95 96 116 121 147 165 179 180 198 202 206 214 233 235 244 250 ]
60: [ 4 8 37 39 77 100 109 135 139 148 158 176 181 186 188 ]
61: [ 20 41 70 89 125 131 141 143 180 205 220 234 247 ]
62: [ 7 27 95 125 126 127 130 150 156 197 212 215 233 ]
63: [ 31 46 57 81 83 98 103 105 118 134 172 192 193 198 211 221 225 232 ]
64: [ 43 87 93 134 135 143 154 169 176 194 209 225 ]
65: [ 2 6 32 34 48 96 99 126 133 137 143 172 213 221 222 247 ]
66: [ 27 84 111 116 117 126 144 163 172 180 188 209 233 234 ]
67: [ 24 38 39 52 83 118 128 129 130 139 143 149 152 157 167 171 185 188 190 191 197 200 203 210 215 ]
68: [ 2 57 77 79 118 154 157 173 184 188 203 209 216 218 219 236 243 ]
69: [ 51 56 74 110 137 156 159 180 197 200 201 213 234 ]
70: [ 32 54 61 111 159 248 ]
71: [ 2 14 19 85 114 143 241 ]
72: [ 14 18 53 83 93 95 119 131 185 224 242 244 249 ]
73: [ 10 19 25 35 85 97 113 119 127 170 178 191 197 216 223 ]
74: [ 40 46 69 94 110 129 142 145 153 167 182 183 221 ]
75: [ 14 20 57 121 150 178 218 223 243 247 ]
76: [ 33 49 51 52 54 57 77 135 148 166 210 241 ]
77: [ 4 26 49 54 60 68 76 116 118 128 158 183 192 199 203 211 221 238 248 ]
78: [ 11 20 22 34 53 89 130 160 174 178 186 205 221 230 233 244 ]
79: [ 19 23 26 29 34 68 176 178 187 212 239 246 ]
80: [ 17 21 23 35 40 49 54 117 145 184 204 205 218 237 241 ]
81: [ 13 14 18 63 104 141 182 ]
82: [ 17 19 23 37 40 89 158 174 175 242 ]
83: [ 2 8 27 32 37 51 58 63 67 72 84 91 104 120 121 139 146 170 172 173 174 202 206 218 233 236 247 ]
84: [ 4 11 12 13 15 53 66 83 99 106 113 131 152 158 174 190 235 ]
85: [ 17 33 71 73 86 96 122 175 184 189 197 206 ]
86: [ 6 41 44 85 95 117 180 224 ]
87: [ 64 89 173 184 197 207 214 238 ]
88: [ 10 45 117 122 123 133 142 161 180 183 197 206 210 217 232 242 244 ]
89: [ 42 61 78 82 87 95 96 105 106 132 161 164 203 214 249 ]
90: [ 23 45 56 128 149 155 223 ]
91: [ 27 40 83 104 126 127 148 152 158 161 167 175 178 207 208 211 213 237 ]
92: [ 10 26 58 59 116 134 197 199 208 221 238 241 ]
93: [ 52 64 72 96 106 117 131 144 145 150 171 197 210 216 217 218 223 236 237 ]
94: [ 40 51 74 103 120 129 147 148 169 177 205 228 ]
95: [ 4 22 23 31 46 59 62 72 86 89 97 124 145 146 159 160 173 179 189 209 210 217 220 222 227 249 ]
96: [ 15 26 37 39 50 59 65 85 89 93 99 109 115 139 146 174 182 183 186 189 193 ]
97: [ 38 73 95 109 128 130 158 188 213 215 218 227 237 ]
98: [ 14 34 50 52 63 105 106 117 132 133 137 139 142 145 152 183 188 196 199 214 220 239 250 ]
99: [ 33 65 84 96 132 194 197 236 244 ]
100: [ 9 39 60 103 140 144 152 190 197 233 ]
101: [ 27 45 46 54 152 211 212 ]
102: [ 20 24 117 147 231 240 ]
103: [ 7 16 39 63 94 100 114 166 171 184 191 205 239 243 245 247 ]
104: [ 12 15 22 24 38 53 81 83 91 128 132 147 155 172 173 214 ]
105: [ 63 89 98 134 144 163 199 214 218 236 237 241 ]
106: [ 7 9 24 51 57 84 89 93 98 130 133 139 152 157 159 161 182 199 217 225 243 ]
107: [ 17 24 142 156 181 204 ]
108: [ 26 121 125 129 154 185 228 ]
109: [ 29 60 96 97 110 117 120 161 180 190 199 ]
110: [ 53 69 74 109 117 129 144 168 169 182 193 215 220 225 229 234 ]
111: [ 5 8 13 21 24 32 56 66 70 123 143 206 212 236 243 248 ]
112: [ 9 29 40 47 49 124 157 170 178 189 196 200 203 211 212 213 218 226 229 233 236 241 245 ]
113: [ 1 5 10 36 73 84 116 135 140 153 162 172 181 188 189 233 ]
114: [ 71 103 166 172 209 218 ]
115: [ 6 12 17 19 23 33 96 121 177 194 210 224 225 240 244 ]
116: [ 6 47 59 66 77 92 113 171 174 182 226 239 ]
117: [ 10 25 32 66 80 86 88 93 98 102 109 110 126 140 161 173 181 211 217 218 222 233 235 237 238 248 ]
118: [ 23 47 63 67 68 77 156 160 161 164 169 170 ]
119: [ 72 73 120 126 161 ]
120: [ 1 57 83 94 109 119 134 164 189 191 192 197 198 210 218 221 226 ]
121: [ 19 21 23 25 48 59 75 83 108 115 130 135 145 187 210 227 233 243 ]
122: [ 8 54 85 88 127 130 168 171 202 232 ]
123: [ 14 15 88 111 137 150 162 167 172 191 200 217 228 237 240 241 245 247 ]
124: [ 1 5 21 57 95 112 147 149 152 168 169 182 185 224 225 250 ]
125: [ 12 25 27 61 62 108 128 136 140 145 163 165 198 199 201 216 222 224 249 ]
126: [ 11 36 62 65 66 91 117 119 153 157 175 215 227 248 ]
127: [ 20 47 54 58 62 73 91 122 155 165 181 217 219 221 229 232 233 239 243 245 ]
128: [ 31 46 67 77 90 97 104 125 199 209 218 224 225 ]
129: [ 8 19 21 39 55 67 74 94 108 110 138 144 150 155 156 190 207 235 247 ]
130: [ 10 15 42 45 62 67 78 97 106 121 122 134 137 140 207 222 237 245 ]
131: [ 5 10 61 72 84 93 136 146 175 189 236 237 ]
132: [ 29 49 89 98 99 104 138 159 181 185 ]
133: [ 32 38 45 65 88 98 106 141 159 184 210 224 ]
134: [ 8 11 35 55 63 64 92 105 120 130 136 144 172 176 181 196 197 199 219 226 227 245 248 ]
135: [ 5 9 23 40 60 64 76 113 121 143 165 168 194 203 216 238 ]
136: [ 43 46 125 131 134 141 156 228 ]
137: [ 34 50 65 69 98 123 130 153 194 199 ]
138: [ 16 40 129 132 190 204 ]
139: [ 35 58 60 67 83 96 98 106 176 196 205 213 214 215 221 226 ]
140: [ 5 13 31 37 40 49 53 57 100 113 117 125 130 150 156 160 177 188 191 236 239 ]
141: [ 12 26 28 38 43 47 56 61 81 133 136 157 160 161 175 176 177 181 190 196 206 214 244 250 ]
142: [ 16 30 56 57 74 88 98 107 157 163 164 176 229 233 ]
143: [ 10 16 43 51 61 64 65 67 71 111 135 166 170 194 227 ]
144: [ 2 19 23 45 54 58 66 93 100 105 110 129 134 182 204 230 234 247 ]
145: [ 51 74 80 93 95 98 121 125 154 164 203 208 232 ]
146: [ 4 24 25 37 52 83 95 96 131 148 170 171 184 ]
147: [ 6 18 34 42 51 59 94 102 104 124 149 160 195 203 207 ]
148: [ 15 30 34 45 49 60 76 91 94 146 155 159 174 190 197 200 202 211 217 ]
149: [ 10 17 44 67 90 124 147 165 172 174 189 203 218 233 239 ]
150: [ 13 23 62 75 93 123 129 140 155 156 158 163 172 173 176 210 ]
151: [ 27 32 33 52 171 175 176 188 194 208 221 ]
152: [ 17 33 67 84 91 98 100 101 106 124 162 165 ]
153: [ 27 74 113 126 137 219 ]
154: [ 17 24 40 64 68 108 145 161 211 244 ]
155: [ 8 17 45 47 52 53 90 104 127 129 148 150 166 187 199 205 212 221 232 239 240 242 ]
156: [ 8 33 38 47 56 62 69 107 118 129 136 140 150 161 169 208 209 226 247 ]
157: [ 24 29 46 51 57 67 68 106 112 126 141 142 173 182 196 202 227 235 241 245 ]
158: [ 2 6 14 60 77 82 84 91 97 150 159 185 194 204 206 213 214 225 227 248 ]
159: [ 3 7 20 44 69 70 95 106 132 133 148 158 181 186 193 202 211 218 224 ]
160: [ 4 13 21 26 40 45 50 78 95 118 140 141 147 179 189 194 242 ]
161: [ 2 16 21 57 88 89 91 106 109 117 118 119 141 154 156 164 187 191 197 199 206 207 215 226 ]
162: [ 24 57 113 123 152 239 247 ]
163: [ 23 33 66 105 125 142 150 179 189 197 236 ]
164: [ 25 89 118 120 142 145 161 174 182 206 233 ]
165: [ 14 16 21 45 49 51 56 59 125 127 135 149 152 168 206 243 249 ]
166: [ 16 34 76 103 114 143 155 178 182 189 241 ]
167: [ 4 7 19 28 34 38 49 67 74 91 123 168 172 187 190 197 203 213 214 217 235 ]
168: [ 5 33 50 110 122 124 135 165 167 179 188 207 231 241 ]
169: [ 50 64 94 110 118 124 156 178 185 189 205 206 210 221 241 244 ]
170: [ 7 26 41 45 73 83 112 118 143 146 176 215 227 ]
171: [ 16 50 67 93 103 116 122 146 151 191 213 238 ]
172: [ 18 26 51 63 65 66 83 104 113 114 123 134 149 150 167 196 226 228 ]
173: [ 21 40 41 48 68 83 87 95 104 117 150 157 191 197 229 231 242 247 ]
174: [ 8 14 35 44 78 82 83 84 96 116 148 149 164 184 204 211 214 217 233 ]
175: [ 3 48 49 82 85 91 126 131 141 151 177 183 189 223 234 236 241 246 ]
176: [ 4 5 9 35 43 57 60 64 79 134 139 141 142 150 151 170 210 217 218 229 248 ]
177: [ 1 12 18 37 49 53 94 115 140 141 175 189 218 241 242 ]
178: [ 73 75 78 79 91 112 166 169 190 205 237 240 242 244 245 ]
179: [ 59 95 160 163 168 193 202 212 244 248 ]
180: [ 17 28 59 61 66 69 86 88 109 195 198 ]
181: [ 9 24 39 46 60 107 113 117 127 132 134 141 159 191 209 221 224 233 235 249 ]
182: [ 3 11 26 33 42 53 74 81 96 106 110 116 124 144 157 164 166 186 213 220 231 239 244 ]
183: [ 12 24 32 37 40 56 57 58 74 77 88 96 98 175 192 213 221 233 ]
184: [ 6 25 27 39 53 58 68 80 85 87 103 133 146 174 205 227 239 244 246 247 ]
185: [ 67 72 108 124 132 158 169 213 226 238 242 ]
186: [ 60 78 96 159 182 199 200 217 229 ]
187: [ 23 57 79 121 155 161 167 231 247 ]
188: [ 6 12 14 21 40 43 54 60 66 67 68 97 98 113 140 151 168 233 244 250 ]
189: [ 1 17 19 22 28 40 41 85 95 96 112 113 120 131 149 160 163 166 169 175 177 197 205 214 227 ]
190: [ 24 28 32 34 58 67 84 100 109 129 138 141 148 167 178 249 ]
191: [ 7 17 19 27 36 40 67 73 103 120 123 140 161 171 173 181 215 222 228 231 244 250 ]
192: [ 18 49 63 77 120 183 201 206 ]
193: [ 52 63 96 110 159 179 217 226 ]
194: [ 11 13 16 22 26 28 37 58 64 99 115 135 137 143 151 158 160 212 221 ]
195: [ 20 44 147 180 219 ]
196: [ 29 32 98 112 134 139 141 157 172 198 209 213 ]
197: [ 21 28 32 62 67 69 73 85 87 88 92 93 99 100 120 134 148 161 163 167 173 189 205 232 244 ]
198: [ 58 59 63 120 125 180 196 217 225 241 ]
199: [ 6 12 42 77 92 98 105 106 109 125 128 134 137 155 161 186 226 233 250 ]
200: [ 7 20 22 23 25 26 57 67 69 112 123 148 186 202 216 223 224 ]
201: [ 7 45 69 125 192 217 231 232 ]
202: [ 16 20 32 59 83 122 148 157 159 179 200 232 ]
203: [ 9 13 41 53 67 68 77 89 112 135 145 147 149 167 222 224 247 ]
204: [ 16 20 34 35 80 107 138 144 158 174 206 ]
205: [ 57 58 61 78 80 94 103 139 155 169 178 184 189 197 223 246 249 ]
206: [ 20 34 35 55 58 59 83 85 88 111 141 158 161 164 165 169 192 204 209 215 216 229 ]
207: [ 24 26 37 43 48 51 87 91 129 130 147 161 168 233 249 ]
208: [ 19 21 91 92 145 151 156 241 242 ]
209: [ 4 42 58 64 66 68 95 114 128 156 181 196 206 226 ]
210: [ 6 7 25 42 58 67 76 88 93 95 115 120 121 133 150 169 176 211 212 216 217 221 244 ]
211: [ 29 36 63 77 91 101 112 117 148 154 159 174 210 213 217 228 235 243 250 ]
212: [ 20 49 54 62 79 101 111 112 155 179 194 210 233 245 250 ]
213: [ 10 31 47 48 58 65 69 91 97 112 139 158 167 171 182 183 185 196 211 216 228 244 ]
214: [ 37 59 87 89 98 104 105 139 141 158 167 174 189 226 228 238 241 ]
215: [ 22 42 50 62 67 97 110 126 139 161 170 191 206 228 236 247 ]
216: [ 46 55 68 73 93 125 135 200 206 210 213 228 239 242 ]
217: [ 7 8 17 22 43 57 88 93 95 106 117 123 127 148 167 174 176 186 193 198 201 210 211 224 225 243 248 ]
218: [ 3 13 68 75 80 83 93 97 105 112 114 117 120 128 149 159 176 177 226 ]
219: [ 11 17 51 68 127 134 153 195 ]
220: [ 3 15 37 49 61 95 98 110 182 250 ]
221: [ 2 23 36 63 65 74 77 78 92 120 127 139 151 155 169 181 183 194 210 224 ]
222: [ 42 65 95 117 125 130 191 203 239 ]
223: [ 73 75 90 93 175 200 205 ]
224: [ 5 8 38 49 72 86 115 124 125 128 133 159 181 200 203 217 221 236 ]
225: [ 7 15 19 20 24 30 37 39 50 63 64 106 110 115 124 128 158 198 217 ]
226: [ 2 16 26 28 44 46 112 116 120 134 139 156 161 172 185 193 199 209 214 218 242 ]
227: [ 38 47 53 55 95 97 121 126 134 143 157 158 170 184 189 ]
228: [ 14 17 18 27 42 94 108 123 136 172 191 211 213 214 215 216 234 241 ]
229: [ 13 33 46 110 112 127 142 173 176 186 206 244 ]
230: [ 19 54 56 57 78 144 ]
231: [ 42 102 168 173 182 187 191 201 239 ]
232: [ 12 13 63 88 122 127 145 155 197 201 202 ]
233: [ 5 45 59 62 66 78 83 100 112 113 117 121 127 142 149 164 174 181 183 188 199 207 212 239 ]
234: [ 6 37 38 61 66 69 110 144 175 228 241 ]
235: [ 59 84 117 129 157 167 181 211 244 ]
236: [ 14 50 68 83 93 99 105 111 112 131 140 163 175 215 224 242 243 244 248 ]
237: [ 28 54 80 91 93 97 105 117 123 130 131 178 ]
238: [ 16 38 39 53 58 77 87 92 117 135 171 185 214 ]
239: [ 19 31 34 35 37 42 43 55 79 98 103 116 127 140 149 155 162 182 184 216 222 231 233 ]
240: [ 20 24 46 102 115 123 155 178 248 ]
241: [ 9 15 28 40 71 76 80 92 105 112 123 157 166 168 169 175 177 198 208 214 228 234 244 ]
242: [ 37 46 72 82 88 155 160 173 177 178 185 208 216 226 236 ]
243: [ 3 44 68 75 103 106 111 121 127 165 211 217 236 ]
244: [ 6 7 8 32 59 72 78 88 99 115 141 154 169 178 179 182 184 188 191 197 210 213 229 235 236 241 ]
245: [ 28 56 103 112 123 127 130 134 157 178 212 ]
246: [ 5 6 28 32 34 42 53 57 79 175 184 205 ]
247: [ 6 26 33 53 54 61 65 75 83 103 123 129 144 156 162 173 184 187 203 215 ]
248: [ 14 23 38 49 56 70 77 111 117 126 134 158 176 179 217 236 240 ]
249: [ 51 57 72 89 95 125 165 181 190 205 207 ]
250: [ 8 32 59 98 124 141 188 191 199 211 212 220 ]
