1: [ 8 16 29 46 75 130 174 182 196 213 216 229 232 233 235 244 246 249 ]
2: [ 36 56 84 139 149 155 184 234 245 ]
3: [ 16 50 52 55 72 77 98 185 207 228 231 241 248 ]
4: [ 6 13 15 71 86 88 144 174 178 180 192 201 228 235 244 ]
5: [ 18 30 33 36 39 66 68 89 161 164 172 173 244 ]
6: [ 4 9 40 81 110 153 182 193 197 223 242 ]
7: [ 46 60 69 78 114 153 167 197 243 ]
8: [ 1 35 86 112 121 123 147 175 178 ]
9: [ 6 18 25 77 80 120 135 147 215 ]
10: [ 38 39 64 92 114 158 175 181 210 237 ]
11: [ 25 31 51 94 100 114 139 155 164 204 234 ]
12: [ 31 64 66 123 141 148 182 188 198 204 214 218 247 ]
13: [ 4 81 96 103 107 116 136 148 158 172 196 207 211 228 248 ]
14: [ 30 38 42 49 79 107 114 140 150 175 198 217 223 229 ]
15: [ 4 19 55 113 171 176 178 200 209 214 223 231 ]
16: [ 1 3 23 31 55 60 78 91 113 129 132 138 157 162 188 249 ]
17: [ 28 91 92 150 161 168 191 198 231 234 ]
18: [ 5 9 68 78 95 102 103 115 137 139 154 161 169 197 ]
19: [ 15 21 26 34 37 43 57 78 83 85 116 127 130 153 159 172 185 190 191 200 237 243 248 ]
20: [ 45 70 74 82 85 92 93 107 127 143 151 188 193 214 ]
21: [ 19 45 63 79 80 86 96 102 105 134 154 165 169 170 181 197 199 208 224 231 242 ]
22: [ 28 84 104 153 155 158 197 202 211 233 244 ]
23: [ 16 86 94 101 123 161 186 ]
24: [ 54 65 73 83 85 99 126 129 132 137 148 152 190 219 242 ]
25: [ 9 11 28 67 68 70 75 77 82 102 123 124 141 150 177 206 208 213 231 ]
26: [ 19 29 64 115 119 210 213 221 ]
27: [ 38 43 135 202 225 ]
28: [ 17 22 25 93 98 99 102 103 118 120 138 154 220 241 ]
29: [ 1 26 38 58 64 85 88 99 105 106 113 128 134 141 142 155 187 224 237 238 ]
30: [ 5 14 55 60 96 118 123 143 155 159 197 199 205 207 240 ]
31: [ 11 12 16 51 58 62 84 102 110 115 169 203 212 232 244 247 ]
32: [ 40 67 71 75 87 98 113 123 147 155 163 186 196 221 227 ]
33: [ 5 46 96 102 107 115 136 189 204 230 243 ]
34: [ 19 61 88 122 175 200 223 ]
35: [ 8 36 49 75 83 94 98 103 128 147 164 183 192 201 205 224 237 239 241 250 ]
36: [ 2 5 35 52 63 100 105 118 148 157 165 172 202 207 225 239 245 ]
37: [ 19 38 47 48 62 87 98 134 148 151 185 215 220 235 250 ]
38: [ 10 14 27 29 37 57 60 83 114 126 173 200 207 244 248 ]
39: [ 5 10 50 123 137 145 163 184 193 228 ]
40: [ 6 32 60 80 85 103 151 155 190 194 200 205 213 247 ]
41: [ 83 105 118 131 150 151 189 192 219 223 226 233 241 ]
42: [ 14 118 126 130 174 193 234 ]
43: [ 19 27 46 50 75 77 80 81 100 114 120 137 144 156 166 172 183 196 199 211 237 240 245 250 ]
44: [ 50 52 66 70 171 186 209 218 224 ]
45: [ 20 21 64 73 146 154 197 233 247 ]
46: [ 1 7 33 43 85 96 112 114 131 138 149 180 197 219 248 ]
47: [ 37 57 87 110 118 154 169 177 184 195 217 218 223 228 231 ]
48: [ 37 61 71 72 120 135 157 174 183 193 227 240 ]
49: [ 14 35 61 193 228 245 ]
50: [ 3 39 43 44 79 147 178 192 194 205 207 213 233 234 249 ]
51: [ 11 31 85 89 90 92 120 144 145 166 226 ]
52: [ 3 36 44 73 83 102 105 127 141 165 178 224 234 245 ]
53: [ 71 99 108 123 238 ]
54: [ 24 68 89 178 195 ]
55: [ 3 15 16 30 61 63 66 68 92 124 130 163 169 194 208 228 243 ]
56: [ 2 60 69 75 174 185 214 220 232 ]
57: [ 19 38 47 67 89 102 111 119 142 150 159 162 190 212 222 223 ]
58: [ 29 31 87 88 90 94 113 134 145 172 184 207 224 ]
59: [ 111 120 185 190 209 ]
60: [ 7 16 30 38 40 56 77 83 92 98 113 150 164 166 173 192 199 200 226 231 239 ]
61: [ 34 48 49 55 69 70 72 85 86 88 90 109 116 138 144 188 219 227 238 ]
62: [ 31 37 69 75 103 111 139 146 174 242 250 ]
63: [ 21 36 55 66 93 117 134 173 192 193 238 ]
64: [ 10 12 26 29 45 111 119 134 144 174 182 197 243 ]
65: [ 24 74 111 119 125 166 169 186 197 206 224 227 233 234 249 ]
66: [ 5 12 44 55 63 86 90 91 103 108 131 167 177 219 235 ]
67: [ 25 32 57 69 94 103 109 121 154 158 163 179 182 189 192 206 227 ]
68: [ 5 18 25 54 55 69 75 101 127 128 129 132 143 145 163 171 183 194 235 ]
69: [ 7 56 61 62 67 68 72 74 79 106 113 119 129 130 135 161 190 191 213 220 241 247 ]
70: [ 20 25 44 61 92 96 122 138 159 173 189 190 238 ]
71: [ 4 32 48 53 86 95 99 108 175 184 193 199 205 209 ]
72: [ 3 48 61 69 115 126 170 178 183 190 201 226 229 ]
73: [ 24 45 52 83 97 119 132 146 153 188 189 204 206 207 219 ]
74: [ 20 65 69 94 116 127 249 ]
75: [ 1 25 32 35 43 56 62 68 89 98 116 128 142 143 161 171 211 220 241 244 245 ]
76: [ 79 95 105 150 192 215 244 ]
77: [ 3 9 25 43 60 92 115 141 160 173 177 185 187 193 196 198 199 237 242 ]
78: [ 7 16 18 19 89 103 138 149 150 158 180 190 ]
79: [ 14 21 50 69 76 88 110 121 122 128 135 137 145 164 169 172 198 216 226 229 231 239 243 ]
80: [ 9 21 40 43 96 123 247 ]
81: [ 6 13 43 107 178 195 216 245 ]
82: [ 20 25 96 117 154 196 198 214 215 222 225 244 245 ]
83: [ 19 24 35 38 41 52 60 73 89 91 92 96 110 120 146 147 151 161 166 185 188 192 238 250 ]
84: [ 2 22 31 89 96 131 134 135 181 193 229 238 ]
85: [ 19 20 24 29 40 46 51 61 118 120 125 167 177 190 206 226 240 242 ]
86: [ 4 8 21 23 61 66 71 89 93 109 115 120 129 130 205 ]
87: [ 32 37 47 58 93 95 103 157 165 166 179 190 216 218 229 232 ]
88: [ 4 29 34 58 61 79 101 115 128 135 161 185 ]
89: [ 5 51 54 57 75 78 83 84 86 95 110 145 146 156 157 162 222 235 ]
90: [ 51 58 61 66 110 196 223 ]
91: [ 16 17 66 83 107 162 179 237 249 ]
92: [ 10 17 20 51 55 60 70 77 83 113 119 120 124 126 155 160 171 214 224 ]
93: [ 20 28 63 86 87 101 102 126 140 153 172 183 217 218 248 ]
94: [ 11 23 35 58 67 74 103 106 111 121 138 153 162 174 181 213 221 238 242 ]
95: [ 18 71 76 87 89 99 106 108 118 148 155 159 178 235 240 ]
96: [ 13 21 30 33 46 70 80 82 83 84 98 100 107 116 132 136 186 190 236 242 ]
97: [ 73 136 170 172 196 231 ]
98: [ 3 28 32 35 37 60 75 96 111 120 196 201 244 ]
99: [ 24 28 29 53 71 95 111 113 144 163 180 214 236 244 247 ]
100: [ 11 36 43 96 123 135 153 167 177 185 208 212 218 234 236 ]
101: [ 23 68 88 93 108 109 112 115 167 172 200 213 218 221 235 237 241 ]
102: [ 18 21 25 28 31 33 52 57 93 122 129 194 241 ]
103: [ 13 18 28 35 40 62 66 67 78 87 94 112 122 130 142 144 152 160 197 213 220 226 234 239 240 241 ]
104: [ 22 117 119 130 151 164 172 200 213 219 235 ]
105: [ 21 29 36 41 52 76 151 174 193 198 203 210 226 231 237 239 ]
106: [ 29 69 94 95 109 117 146 164 198 227 232 240 249 ]
107: [ 13 14 20 33 81 91 96 116 117 128 133 166 170 198 218 226 229 ]
108: [ 53 66 71 95 101 154 172 194 203 211 216 217 ]
109: [ 61 67 86 101 106 126 188 198 ]
110: [ 6 31 47 79 83 89 90 123 126 179 183 186 189 197 204 210 213 ]
111: [ 57 59 62 64 65 94 98 99 122 130 139 193 221 224 234 239 ]
112: [ 8 46 101 103 115 187 226 247 ]
113: [ 15 16 29 32 58 60 69 92 99 124 141 159 173 190 200 234 239 245 ]
114: [ 7 10 11 14 38 43 46 118 129 163 168 178 232 241 242 ]
115: [ 18 26 31 33 72 77 86 88 101 112 125 136 139 153 167 177 178 187 197 206 226 232 244 ]
116: [ 13 19 61 74 75 96 107 132 148 172 173 184 200 219 233 234 245 248 ]
117: [ 63 82 104 106 107 144 152 178 208 210 243 ]
118: [ 28 30 36 41 42 47 85 95 114 127 169 180 190 192 200 210 224 ]
119: [ 26 57 64 65 69 73 92 104 130 182 198 199 210 223 ]
120: [ 9 28 43 48 51 59 83 85 86 92 98 138 139 161 166 172 178 189 203 209 237 250 ]
121: [ 8 67 79 94 184 199 244 ]
122: [ 34 70 79 102 103 111 123 149 156 160 189 ]
123: [ 8 12 23 25 30 32 39 53 80 100 110 122 125 138 149 170 185 215 ]
124: [ 25 55 92 113 149 151 160 249 ]
125: [ 65 85 115 123 161 193 ]
126: [ 24 38 42 72 92 93 109 110 131 151 171 214 219 234 245 ]
127: [ 19 20 52 68 74 118 134 135 136 137 161 165 175 179 211 232 235 236 245 ]
128: [ 29 35 68 75 79 88 107 132 142 161 166 174 202 205 209 228 230 231 ]
129: [ 16 24 68 69 86 102 114 133 158 182 185 218 ]
130: [ 1 19 42 55 69 86 103 104 111 119 146 197 212 248 ]
131: [ 41 46 66 84 126 139 211 223 227 ]
132: [ 16 24 68 73 96 116 128 146 155 170 172 184 186 227 237 ]
133: [ 107 129 200 202 207 234 ]
134: [ 21 29 37 58 63 64 84 127 151 157 161 170 179 190 193 204 214 217 238 240 241 243 250 ]
135: [ 9 27 48 69 79 84 88 100 127 155 156 177 185 200 204 226 234 241 ]
136: [ 13 33 96 97 115 127 196 206 243 ]
137: [ 18 24 39 43 79 127 152 166 178 194 201 218 ]
138: [ 16 28 46 61 70 78 94 120 123 146 151 153 157 163 168 184 195 217 228 ]
139: [ 2 11 18 62 111 115 120 131 141 143 167 187 ]
140: [ 14 93 151 165 179 183 209 ]
141: [ 12 25 29 52 77 113 139 198 207 219 243 245 ]
142: [ 29 57 75 103 128 178 210 217 226 229 ]
143: [ 20 30 68 75 139 193 215 238 241 243 ]
144: [ 4 43 51 61 64 99 103 117 150 167 235 241 243 ]
145: [ 39 51 58 68 79 89 167 196 200 210 244 245 ]
146: [ 45 62 73 83 89 106 130 132 138 156 159 168 173 193 202 230 234 242 245 ]
147: [ 8 9 32 35 50 83 167 174 186 189 194 221 225 ]
148: [ 12 13 24 36 37 95 116 187 234 241 ]
149: [ 2 46 78 122 123 124 152 155 161 233 238 242 244 ]
150: [ 14 17 25 41 57 60 76 78 144 151 165 178 196 202 203 207 ]
151: [ 20 37 40 41 83 104 105 124 126 134 138 140 150 193 245 ]
152: [ 24 103 117 137 149 157 178 185 194 217 ]
153: [ 6 7 19 22 73 93 94 100 115 138 167 184 192 198 210 214 216 229 243 247 ]
154: [ 18 21 28 45 47 67 82 108 156 232 ]
155: [ 2 11 22 29 30 32 40 92 95 132 135 149 166 171 201 203 207 218 238 245 249 ]
156: [ 43 89 122 135 146 154 165 170 184 231 ]
157: [ 16 36 48 87 89 134 138 152 158 179 184 185 188 191 199 245 ]
158: [ 10 13 22 67 78 129 157 191 203 249 ]
159: [ 19 30 57 70 95 113 146 180 211 212 ]
160: [ 77 92 103 122 124 178 187 198 243 ]
161: [ 5 17 18 23 69 75 83 88 120 125 127 128 134 149 190 191 199 216 229 236 238 ]
162: [ 16 57 89 91 94 187 239 244 247 ]
163: [ 32 39 55 67 68 99 114 138 164 221 249 ]
164: [ 5 11 35 60 79 104 106 163 180 198 202 212 226 249 ]
165: [ 21 36 52 87 127 140 150 156 177 193 194 224 241 245 ]
166: [ 43 51 60 65 83 87 107 120 128 137 155 183 200 204 207 ]
167: [ 7 66 85 100 101 115 139 144 145 147 153 194 198 203 210 237 241 ]
168: [ 17 114 138 146 189 218 237 ]
169: [ 18 21 31 47 55 65 79 118 204 ]
170: [ 21 72 97 107 123 132 134 156 179 234 ]
171: [ 15 44 68 75 92 126 155 173 211 250 ]
172: [ 5 13 19 36 43 58 79 93 97 101 104 108 116 120 132 210 217 227 250 ]
173: [ 5 38 60 63 70 77 113 116 146 171 206 230 234 236 239 241 ]
174: [ 1 4 42 48 56 62 64 94 105 128 147 189 192 212 227 232 ]
175: [ 8 10 14 34 71 127 194 215 236 239 250 ]
176: [ 15 218 226 232 ]
177: [ 25 47 66 77 85 100 115 135 165 186 227 249 ]
178: [ 4 8 15 50 52 54 72 81 95 114 115 117 120 137 142 150 152 160 182 186 198 209 214 234 248 ]
179: [ 67 87 91 110 127 134 140 157 170 181 202 211 ]
180: [ 4 46 78 99 118 159 164 203 210 238 249 ]
181: [ 10 21 84 94 179 191 203 210 214 221 227 234 ]
182: [ 1 6 12 64 67 119 129 178 203 221 239 ]
183: [ 35 43 48 68 72 93 110 140 166 186 202 219 ]
184: [ 2 39 47 58 71 116 121 132 138 153 156 157 213 217 243 244 ]
185: [ 3 19 37 56 59 77 83 88 100 123 129 135 152 157 215 229 ]
186: [ 23 32 44 65 96 110 132 147 177 178 183 203 206 214 216 219 220 234 236 242 ]
187: [ 29 77 112 115 139 148 160 162 207 211 233 236 ]
188: [ 12 16 20 61 73 83 109 157 205 215 228 232 241 244 ]
189: [ 33 41 67 70 73 110 120 122 147 168 174 190 219 224 ]
190: [ 19 24 40 57 59 69 70 72 78 85 87 96 113 118 134 161 189 203 241 ]
191: [ 17 19 69 157 158 161 181 216 242 ]
192: [ 4 35 41 50 60 63 67 76 83 118 153 174 204 213 214 226 228 ]
193: [ 6 20 39 42 48 49 63 71 77 84 105 111 125 134 143 146 151 165 199 221 223 229 235 ]
194: [ 40 50 55 68 102 108 137 147 152 165 167 175 199 222 225 241 ]
195: [ 47 54 81 138 214 233 237 ]
196: [ 1 13 32 43 77 82 90 97 98 136 145 150 207 229 233 ]
197: [ 6 7 18 21 22 30 45 46 64 65 103 110 115 130 236 ]
198: [ 12 14 17 77 79 82 105 106 107 109 119 141 153 160 164 167 178 208 221 235 248 ]
199: [ 21 30 43 60 71 77 119 121 157 161 193 194 235 248 ]
200: [ 15 19 34 38 40 60 101 104 113 116 118 133 135 145 166 219 223 245 ]
201: [ 4 35 72 98 137 155 224 227 244 ]
202: [ 22 27 36 128 133 146 150 164 179 183 220 236 238 ]
203: [ 31 105 108 120 150 155 158 167 180 181 182 186 190 209 ]
204: [ 11 12 33 73 110 134 135 166 169 192 213 ]
205: [ 30 35 40 50 71 86 128 188 232 233 244 ]
206: [ 25 65 67 73 85 115 136 173 186 207 219 221 239 ]
207: [ 3 13 30 36 38 50 58 73 133 141 150 155 166 187 196 206 234 250 ]
208: [ 21 25 55 100 117 198 218 ]
209: [ 15 44 59 71 120 128 140 178 203 210 ]
210: [ 10 26 105 110 117 118 119 142 145 153 167 172 180 181 209 226 228 ]
211: [ 13 22 43 75 108 127 131 159 171 179 187 212 215 229 ]
212: [ 31 57 100 130 159 164 174 211 233 238 ]
213: [ 1 25 26 40 50 69 94 101 103 104 110 184 192 204 224 229 232 246 ]
214: [ 12 15 20 56 82 92 99 126 134 153 178 181 186 192 195 219 222 229 231 245 ]
215: [ 9 37 76 82 123 143 175 185 188 211 216 219 238 240 243 ]
216: [ 1 79 81 87 108 153 161 186 191 215 ]
217: [ 14 47 93 108 134 138 142 152 172 184 ]
218: [ 12 44 47 87 93 100 101 107 129 137 155 168 176 208 226 ]
219: [ 24 41 46 61 66 73 104 116 126 141 183 186 189 200 206 214 215 227 ]
220: [ 28 37 56 69 75 103 186 202 243 ]
221: [ 26 32 94 101 111 147 163 181 182 193 198 206 ]
222: [ 57 82 89 194 214 ]
223: [ 6 14 15 34 41 47 57 90 119 131 193 200 246 250 ]
224: [ 21 29 35 44 52 58 65 92 111 118 165 189 201 213 239 242 ]
225: [ 27 36 82 147 194 ]
226: [ 41 51 60 72 79 85 103 105 107 112 115 135 142 164 176 192 210 218 232 243 ]
227: [ 32 48 61 65 67 106 131 132 172 174 177 181 201 219 237 238 246 ]
228: [ 3 4 13 39 47 49 55 128 138 188 192 210 249 ]
229: [ 1 14 72 79 84 87 107 142 153 161 185 193 196 211 213 214 247 ]
230: [ 33 128 146 173 ]
231: [ 3 15 17 21 25 47 60 79 97 105 128 156 214 ]
232: [ 1 31 56 87 106 114 115 127 154 174 176 188 205 213 226 ]
233: [ 1 22 41 45 50 65 116 149 187 195 196 205 212 ]
234: [ 2 11 17 42 50 52 65 100 103 111 113 116 126 133 135 146 148 170 173 178 181 186 207 ]
235: [ 1 4 37 66 68 89 95 101 104 127 144 193 198 199 ]
236: [ 96 99 100 127 161 173 175 186 187 197 202 ]
237: [ 10 19 29 35 43 77 91 101 105 120 132 167 168 195 227 240 244 246 250 ]
238: [ 29 53 61 63 70 83 84 94 134 143 149 155 161 180 202 212 215 227 ]
239: [ 35 36 60 79 103 105 111 113 162 173 175 182 206 224 ]
240: [ 30 43 48 85 95 103 106 134 215 237 ]
241: [ 3 28 35 41 69 75 101 102 103 114 134 135 143 144 148 165 167 173 188 190 194 ]
242: [ 6 21 24 62 77 85 94 96 114 146 149 186 191 224 245 ]
243: [ 7 19 33 55 64 79 117 134 136 141 143 144 153 160 184 215 220 226 244 ]
244: [ 1 4 5 22 31 38 75 76 82 98 99 115 121 145 149 162 184 188 201 205 237 243 245 ]
245: [ 2 36 43 49 52 75 81 82 113 116 126 127 141 145 146 151 155 157 165 200 214 242 244 ]
246: [ 1 213 223 227 237 ]
247: [ 12 31 40 45 69 80 99 112 153 162 229 248 ]
248: [ 3 13 19 38 46 93 116 130 178 198 199 247 ]
249: [ 1 16 50 65 74 91 106 124 155 158 163 164 177 180 228 ]
250: [ 35 37 43 62 83 120 134 171 172 175 207 223 237 ]
