1: [ 9 14 26 34 62 63 69 72 87 90 101 105 147 177 186 192 220 225 226 248 ]
2: [ 21 30 69 92 96 145 162 182 193 204 207 210 212 219 245 ]
3: [ 15 19 20 53 56 94 105 113 114 127 129 138 144 145 153 158 159 165 168 181 184 200 208 242 245 ]
4: [ 14 21 65 70 74 90 91 94 120 132 134 138 152 156 161 224 ]
5: [ 47 50 55 77 83 87 91 106 110 113 133 154 157 173 177 179 189 207 220 230 238 ]
6: [ 28 31 39 83 88 133 134 150 160 163 171 207 ]
7: [ 16 23 91 116 118 126 136 137 139 159 189 208 213 229 236 249 ]
8: [ 27 38 45 75 88 90 99 121 129 147 168 183 209 214 215 240 248 250 ]
9: [ 1 38 84 104 130 131 136 141 150 246 ]
10: [ 75 90 101 126 133 209 212 230 233 240 249 ]
11: [ 15 84 112 122 168 175 231 235 ]
12: [ 18 23 30 37 47 49 50 66 79 121 143 162 166 168 183 189 195 209 227 246 ]
13: [ 18 20 72 88 99 100 103 139 163 186 190 206 218 220 221 ]
14: [ 1 4 21 31 37 60 61 79 95 96 118 123 147 152 194 198 205 229 234 ]
15: [ 3 11 33 38 59 97 101 119 137 143 158 162 186 195 200 214 235 236 247 ]
16: [ 7 45 49 88 102 111 122 156 162 168 220 232 239 250 ]
17: [ 24 58 75 80 97 117 131 151 160 162 166 176 223 ]
18: [ 12 13 26 27 47 51 66 73 77 79 95 114 120 121 142 148 157 160 197 202 218 247 250 ]
19: [ 3 38 69 85 99 113 116 122 152 156 193 202 209 236 248 249 ]
20: [ 3 13 29 70 97 101 155 174 181 183 184 212 216 235 ]
21: [ 2 4 14 24 35 51 57 80 103 139 208 ]
22: [ 24 34 47 58 83 102 132 135 144 146 161 188 195 206 207 221 230 233 234 ]
23: [ 7 12 30 112 123 130 133 143 147 152 156 158 174 181 191 196 197 206 216 230 245 ]
24: [ 17 21 22 33 49 58 63 64 94 108 109 113 119 137 150 167 174 204 215 235 248 ]
25: [ 32 48 67 73 81 137 145 154 165 170 173 174 182 186 192 202 204 213 216 217 ]
26: [ 1 18 35 64 72 97 137 148 151 170 193 200 215 245 ]
27: [ 8 18 47 86 109 232 ]
28: [ 6 35 67 68 74 99 104 159 215 217 221 227 ]
29: [ 20 96 136 151 163 178 204 207 208 240 ]
30: [ 2 12 23 84 98 100 107 119 136 138 151 182 221 ]
31: [ 6 14 41 66 74 76 109 110 166 169 178 ]
32: [ 25 77 133 142 153 160 172 192 216 221 224 230 ]
33: [ 15 24 36 44 47 51 54 62 64 69 79 81 84 107 115 119 133 142 145 160 177 191 210 222 243 ]
34: [ 1 22 36 38 84 85 86 90 107 114 127 195 209 213 245 ]
35: [ 21 26 28 38 42 52 58 109 116 170 172 195 218 219 231 232 243 247 ]
36: [ 33 34 44 57 60 74 89 93 120 122 141 171 175 182 193 199 224 232 ]
37: [ 12 14 42 48 66 92 117 208 ]
38: [ 8 9 15 19 34 35 53 67 75 99 163 166 173 181 186 192 205 216 ]
39: [ 6 59 61 66 88 112 113 121 126 220 242 243 ]
40: [ 41 49 84 102 118 173 197 218 226 ]
41: [ 31 40 49 53 63 67 74 76 106 113 147 184 209 212 229 248 ]
42: [ 35 37 48 51 62 82 95 110 114 120 167 168 170 175 220 228 238 240 243 ]
43: [ 74 105 178 207 230 ]
44: [ 33 36 78 90 121 145 160 171 207 212 213 222 234 248 ]
45: [ 8 16 56 57 128 156 158 232 ]
46: [ 60 88 174 183 193 200 231 ]
47: [ 5 12 18 22 27 33 58 110 113 144 160 168 172 181 200 205 245 250 ]
48: [ 25 37 42 99 157 180 206 222 230 ]
49: [ 12 16 24 40 41 79 97 115 122 138 143 172 187 215 ]
50: [ 5 12 53 92 95 123 134 138 141 149 164 179 205 213 226 231 248 ]
51: [ 18 21 33 42 59 65 85 95 122 129 141 207 208 218 ]
52: [ 35 79 90 100 102 151 152 186 192 200 209 215 245 ]
53: [ 3 38 41 50 59 88 96 103 126 177 225 ]
54: [ 33 57 61 85 93 135 197 219 220 242 ]
55: [ 5 64 84 102 104 121 135 151 156 176 178 197 ]
56: [ 3 45 66 115 119 202 229 238 ]
57: [ 21 36 45 54 62 65 77 80 91 125 127 167 189 202 207 225 226 240 248 ]
58: [ 17 22 24 35 47 70 76 83 101 103 105 119 126 132 174 176 182 184 216 236 243 ]
59: [ 15 39 51 53 74 94 97 106 116 118 144 165 178 205 208 211 227 231 ]
60: [ 14 36 46 89 94 99 145 149 172 182 199 213 225 226 249 ]
61: [ 14 39 54 74 89 98 134 137 164 ]
62: [ 1 33 42 57 131 150 178 180 182 193 201 215 225 233 234 244 ]
63: [ 1 24 41 85 94 97 158 159 168 182 193 215 236 242 244 245 ]
64: [ 24 26 33 55 66 83 88 106 117 138 150 158 164 167 181 208 234 245 ]
65: [ 4 51 57 74 83 97 98 102 113 119 157 169 190 192 198 212 217 221 234 ]
66: [ 12 18 31 37 39 56 64 101 114 136 150 154 167 190 191 194 231 236 246 ]
67: [ 25 28 38 41 79 104 116 123 126 128 141 160 179 190 203 227 249 ]
68: [ 28 103 155 163 167 194 232 250 ]
69: [ 1 2 19 33 88 91 107 133 136 173 175 179 203 221 223 242 245 246 ]
70: [ 4 20 58 72 93 118 127 139 151 173 176 ]
71: [ 125 162 163 167 170 176 206 218 234 ]
72: [ 1 13 26 70 86 108 126 156 172 186 ]
73: [ 18 25 91 120 132 180 192 208 211 213 234 245 250 ]
74: [ 4 28 31 36 41 43 59 61 65 82 86 103 141 171 174 181 194 199 209 224 237 250 ]
75: [ 8 10 17 38 76 93 97 104 128 152 191 200 228 229 ]
76: [ 31 41 58 75 93 120 124 157 172 177 197 207 208 228 229 234 242 248 ]
77: [ 5 18 32 57 92 94 120 123 127 139 143 147 187 207 ]
78: [ 44 93 101 127 132 141 195 198 202 207 219 220 225 235 ]
79: [ 12 14 18 33 49 52 67 101 103 179 185 191 194 198 209 215 ]
80: [ 17 21 57 83 90 102 155 162 205 217 238 ]
81: [ 25 33 95 124 127 151 152 233 238 ]
82: [ 42 74 186 205 222 224 230 ]
83: [ 5 6 22 58 64 65 80 89 91 104 152 ]
84: [ 9 11 30 33 34 40 55 87 91 102 120 127 141 161 184 192 208 213 224 234 ]
85: [ 19 34 51 54 63 100 106 111 122 208 ]
86: [ 27 34 72 74 99 135 193 213 226 228 237 239 245 ]
87: [ 1 5 84 102 125 142 165 204 223 249 ]
88: [ 6 8 13 16 39 46 53 64 69 93 122 165 184 197 204 218 219 ]
89: [ 36 60 61 83 159 170 183 232 ]
90: [ 1 4 8 10 34 44 52 80 98 99 106 120 136 138 172 180 181 202 216 220 226 ]
91: [ 4 5 7 57 69 73 83 84 96 135 153 164 167 206 209 213 220 225 226 243 249 ]
92: [ 2 37 50 77 96 116 122 138 142 152 162 164 187 190 221 ]
93: [ 36 54 70 75 76 78 88 94 98 101 108 109 118 121 153 179 208 219 226 233 236 247 ]
94: [ 3 4 24 59 60 63 77 93 106 114 118 159 164 167 182 202 206 243 245 ]
95: [ 14 18 42 50 51 81 141 143 163 173 186 187 198 202 216 232 243 249 ]
96: [ 2 14 29 53 91 92 114 159 180 194 213 223 236 249 ]
97: [ 15 17 20 26 49 59 63 65 75 132 151 152 154 174 186 194 199 214 223 231 237 245 ]
98: [ 30 61 65 90 93 149 173 177 221 226 238 243 ]
99: [ 8 13 19 28 38 48 60 86 90 101 126 132 134 138 156 157 186 199 223 246 ]
100: [ 13 30 52 85 106 116 161 172 226 ]
101: [ 1 10 15 20 58 66 78 79 93 99 159 205 ]
102: [ 16 22 40 52 55 65 80 84 87 156 160 161 171 200 230 240 246 ]
103: [ 13 21 53 58 68 74 79 116 135 139 142 143 171 180 191 213 219 229 243 ]
104: [ 9 28 55 67 75 83 109 115 120 153 159 203 235 248 ]
105: [ 1 3 43 58 109 113 147 175 238 ]
106: [ 5 41 59 64 85 90 94 100 108 114 131 149 159 170 171 178 183 233 238 ]
107: [ 30 33 34 69 134 152 160 169 201 217 225 226 ]
108: [ 24 72 93 106 166 168 169 190 192 197 210 230 236 239 250 ]
109: [ 24 27 31 35 93 104 105 127 178 184 186 210 215 ]
110: [ 5 31 42 47 124 125 135 137 157 174 215 ]
111: [ 16 85 124 126 134 153 250 ]
112: [ 11 23 39 113 139 224 243 ]
113: [ 3 5 19 24 39 41 47 65 105 112 139 142 148 153 194 195 196 205 221 ]
114: [ 3 18 34 42 66 94 96 106 177 185 203 213 221 ]
115: [ 33 49 56 104 130 176 ]
116: [ 7 19 35 59 67 92 100 103 137 155 185 197 202 210 219 ]
117: [ 17 37 64 118 123 127 137 144 165 179 237 ]
118: [ 7 14 40 59 70 93 94 117 134 139 182 186 196 198 224 ]
119: [ 15 24 30 33 56 58 65 162 163 165 179 180 187 192 196 198 246 ]
120: [ 4 18 36 42 73 76 77 84 90 104 142 164 168 172 188 189 195 216 231 238 241 ]
121: [ 8 12 18 39 44 55 93 177 202 236 ]
122: [ 11 16 19 36 49 51 85 88 92 123 133 168 172 198 ]
123: [ 14 23 50 67 77 117 122 132 133 145 153 ]
124: [ 76 81 110 111 132 137 178 249 ]
125: [ 57 71 87 110 192 201 213 232 245 ]
126: [ 7 10 39 53 58 67 72 99 111 132 153 154 156 185 189 214 225 ]
127: [ 3 34 57 70 77 78 81 84 109 117 135 146 147 149 177 180 191 195 197 205 ]
128: [ 45 67 75 220 243 ]
129: [ 3 8 51 142 166 202 226 232 233 241 243 246 ]
130: [ 9 23 115 135 147 155 162 168 172 178 200 205 220 232 ]
131: [ 9 17 62 106 163 193 202 246 ]
132: [ 4 22 58 73 78 97 99 123 124 126 136 137 147 154 162 168 188 219 225 226 245 249 ]
133: [ 5 6 10 23 32 33 69 122 123 135 152 154 178 198 205 212 216 228 244 ]
134: [ 4 6 50 61 99 107 111 118 155 169 170 190 193 ]
135: [ 22 54 55 86 91 103 110 127 130 133 136 157 160 174 177 188 232 236 238 243 246 ]
136: [ 7 9 29 30 66 69 90 132 135 156 160 161 185 189 199 214 ]
137: [ 7 15 24 25 26 61 110 116 117 124 132 168 183 205 234 250 ]
138: [ 3 4 30 49 50 64 90 92 99 157 170 202 216 221 231 244 249 ]
139: [ 7 13 21 70 77 103 112 113 118 141 152 169 173 176 182 206 ]
140: [ 152 ]
141: [ 9 36 50 51 67 74 78 84 95 139 147 160 169 171 174 181 207 213 238 245 246 ]
142: [ 18 32 33 87 92 103 113 120 129 156 178 192 204 209 236 250 ]
143: [ 12 15 23 49 77 95 103 157 165 170 174 176 184 187 205 211 239 246 248 ]
144: [ 3 22 47 59 117 160 167 199 232 ]
145: [ 2 3 25 33 44 60 123 170 172 182 ]
146: [ 22 127 172 205 231 232 ]
147: [ 1 8 14 23 41 77 105 127 130 132 141 194 227 230 244 249 250 ]
148: [ 18 26 113 160 188 ]
149: [ 50 60 98 106 127 157 160 179 198 225 248 ]
150: [ 6 9 24 62 64 66 166 169 200 203 204 248 ]
151: [ 17 26 29 30 52 55 70 81 97 167 216 224 ]
152: [ 4 14 19 23 52 75 81 83 92 97 107 133 139 140 171 188 199 202 205 249 ]
153: [ 3 32 91 93 104 111 113 123 126 167 204 207 212 218 219 225 238 ]
154: [ 5 25 66 97 126 132 133 162 181 210 237 ]
155: [ 20 68 80 116 130 134 188 189 191 210 220 232 ]
156: [ 4 16 19 23 45 55 72 99 102 126 136 142 171 182 188 194 204 211 234 236 ]
157: [ 5 18 48 65 76 99 110 135 138 143 149 168 205 207 220 238 246 ]
158: [ 3 15 23 45 63 64 167 181 192 202 203 238 ]
159: [ 3 7 28 63 89 94 96 101 104 106 177 182 189 ]
160: [ 6 17 18 32 33 44 47 67 102 107 135 136 141 144 148 149 165 171 180 210 221 245 ]
161: [ 4 22 84 100 102 136 164 168 248 ]
162: [ 2 12 15 16 17 71 80 92 119 130 132 154 197 200 ]
163: [ 6 13 29 38 68 71 95 119 131 168 204 206 213 249 ]
164: [ 50 61 64 91 92 94 120 161 166 169 177 193 210 218 221 231 234 247 ]
165: [ 3 25 59 87 88 117 119 143 160 177 180 181 249 ]
166: [ 12 17 31 38 108 129 150 164 173 186 195 199 ]
167: [ 24 42 57 64 66 68 71 91 94 144 151 153 158 168 177 178 182 197 227 233 ]
168: [ 3 8 11 12 16 42 47 63 108 120 122 130 132 137 157 161 163 167 170 173 182 215 222 224 248 ]
169: [ 31 65 107 108 134 139 141 150 164 170 180 195 218 245 249 ]
170: [ 25 26 35 42 71 89 106 134 138 143 145 168 169 179 180 202 216 229 233 246 ]
171: [ 6 36 44 74 102 103 106 141 152 156 160 238 244 245 ]
172: [ 32 35 47 49 60 72 76 90 100 120 122 130 145 146 180 192 195 217 224 228 250 ]
173: [ 5 25 38 40 69 70 95 98 139 166 168 182 195 200 217 230 234 238 250 ]
174: [ 20 23 24 25 46 58 74 97 110 135 141 143 208 212 ]
175: [ 11 36 42 69 105 ]
176: [ 17 55 58 70 71 115 139 143 177 184 197 ]
177: [ 1 5 33 53 76 98 114 121 127 135 159 164 165 167 176 193 196 219 230 233 249 ]
178: [ 29 31 43 55 59 62 106 109 124 130 133 142 167 185 210 222 237 248 ]
179: [ 5 50 67 69 79 93 117 119 149 170 188 197 206 227 250 ]
180: [ 48 62 73 90 96 103 119 127 160 165 169 170 172 229 233 ]
181: [ 3 20 23 38 47 64 74 90 141 154 158 165 184 198 209 218 223 242 ]
182: [ 2 25 30 36 58 60 62 63 94 118 139 145 156 159 167 168 173 198 212 233 240 250 ]
183: [ 8 12 20 46 89 106 137 236 ]
184: [ 3 20 41 58 84 88 109 143 176 181 194 202 ]
185: [ 79 114 116 126 136 178 ]
186: [ 1 13 15 25 38 52 72 82 95 97 99 109 118 166 217 237 ]
187: [ 49 77 92 95 119 143 229 ]
188: [ 22 120 132 135 148 152 155 156 179 197 200 202 226 232 246 ]
189: [ 5 7 12 57 120 126 136 155 159 198 205 207 243 ]
190: [ 13 65 66 67 92 108 134 192 204 ]
191: [ 23 33 66 75 79 103 127 155 206 221 ]
192: [ 1 25 32 38 52 65 73 84 108 119 125 142 158 172 190 198 215 221 240 250 ]
193: [ 2 19 26 36 46 62 63 86 131 134 164 177 208 ]
194: [ 14 66 68 74 79 96 97 113 147 156 184 199 230 237 ]
195: [ 12 15 22 34 35 78 113 120 127 166 169 172 173 202 204 216 ]
196: [ 23 113 118 119 177 231 237 ]
197: [ 18 23 40 54 55 76 88 108 116 127 162 167 176 179 188 199 210 216 220 227 ]
198: [ 14 65 78 79 95 118 119 122 133 149 181 182 189 192 231 ]
199: [ 36 60 74 97 99 136 144 152 166 194 197 204 209 216 224 226 ]
200: [ 3 15 26 46 47 52 75 102 130 150 162 173 188 203 209 212 215 244 249 ]
201: [ 62 107 125 213 217 236 ]
202: [ 18 19 25 56 57 78 90 94 95 116 121 129 131 138 152 158 170 184 188 195 204 216 220 243 246 ]
203: [ 67 69 104 114 150 158 200 228 230 ]
204: [ 2 24 25 29 87 88 142 150 153 156 163 190 195 199 202 205 232 244 ]
205: [ 14 38 47 50 59 80 82 101 113 127 130 133 137 143 146 152 157 189 204 210 219 222 233 247 ]
206: [ 13 22 23 48 71 91 94 139 163 179 191 216 ]
207: [ 2 5 6 22 29 43 44 51 57 76 77 78 141 153 157 189 244 ]
208: [ 3 7 21 29 37 51 59 64 73 76 84 85 93 174 193 219 237 238 246 ]
209: [ 8 10 12 19 34 41 52 74 79 91 142 181 199 200 215 225 ]
210: [ 2 33 108 109 116 154 155 160 164 178 197 205 220 231 ]
211: [ 59 73 143 156 ]
212: [ 2 10 20 41 44 65 133 153 174 182 200 229 249 ]
213: [ 7 25 34 44 50 60 73 84 86 91 96 103 114 125 141 163 201 243 ]
214: [ 8 15 97 126 136 215 ]
215: [ 8 24 26 28 49 52 62 63 79 109 110 168 192 200 209 214 227 231 237 243 ]
216: [ 20 23 25 32 38 58 90 95 120 133 138 151 170 195 197 199 202 206 233 240 ]
217: [ 25 28 65 80 107 172 173 186 201 221 230 ]
218: [ 13 18 35 40 51 71 88 153 164 169 181 ]
219: [ 2 35 54 78 88 93 103 116 132 153 177 205 208 237 ]
220: [ 1 5 13 16 39 42 54 78 90 91 128 130 155 157 197 202 210 221 247 ]
221: [ 13 22 28 30 32 65 69 92 98 113 114 138 160 164 191 192 217 220 231 242 ]
222: [ 33 44 48 82 168 178 205 250 ]
223: [ 17 69 87 96 97 99 181 ]
224: [ 4 32 36 74 82 84 112 118 151 168 172 199 234 235 249 ]
225: [ 1 53 57 60 62 78 91 107 126 132 149 153 209 ]
226: [ 1 40 50 57 60 86 90 91 93 98 100 107 129 132 188 199 ]
227: [ 12 28 59 67 147 167 179 197 215 233 244 ]
228: [ 42 75 76 86 133 172 203 ]
229: [ 7 14 41 56 75 76 103 170 180 187 212 236 249 ]
230: [ 5 10 22 23 32 43 48 82 102 108 147 173 177 194 203 217 234 245 ]
231: [ 11 35 46 50 59 66 97 120 138 146 164 196 198 210 215 221 ]
232: [ 16 27 35 36 45 68 89 95 125 129 130 135 144 146 155 188 204 233 241 250 ]
233: [ 10 22 62 81 93 106 129 167 170 177 180 182 205 216 227 232 240 ]
234: [ 14 22 44 62 64 65 71 73 76 84 137 156 164 173 224 230 246 ]
235: [ 11 15 20 24 78 104 224 237 ]
236: [ 7 15 19 58 63 66 93 96 108 121 135 142 156 183 201 229 ]
237: [ 74 86 97 117 154 178 186 194 196 208 215 219 235 ]
238: [ 5 42 56 80 81 98 105 106 120 135 141 153 157 158 171 173 208 240 247 ]
239: [ 16 86 108 143 ]
240: [ 8 10 29 42 57 102 182 192 216 233 238 ]
241: [ 120 129 232 ]
242: [ 3 39 54 63 69 76 181 221 ]
243: [ 33 35 39 42 58 91 94 95 98 103 112 128 129 135 189 202 213 215 ]
244: [ 62 63 133 138 147 171 200 204 207 227 ]
245: [ 2 3 23 26 34 47 52 63 64 69 73 86 94 97 125 132 141 160 169 171 230 ]
246: [ 9 12 66 69 99 102 119 129 131 135 141 143 157 170 188 202 208 234 ]
247: [ 15 18 35 93 164 205 220 238 ]
248: [ 1 8 19 24 41 44 50 57 76 104 143 149 150 161 168 178 ]
249: [ 7 10 19 60 67 87 91 95 96 124 132 138 147 152 163 165 169 177 200 212 224 229 ]
250: [ 8 16 18 47 68 73 74 108 111 137 142 147 172 173 179 182 192 222 232 ]
