1: [ 21 22 41 60 74 87 126 159 161 190 238 249 ]
2: [ 4 33 53 62 73 92 98 110 112 119 133 189 242 ]
3: [ 10 16 40 41 58 62 87 93 97 110 115 117 122 125 126 144 151 158 172 180 193 225 233 ]
4: [ 2 20 41 82 118 131 154 209 241 242 ]
5: [ 22 41 52 82 88 99 101 110 179 194 204 242 ]
6: [ 101 117 130 212 ]
7: [ 10 12 13 68 71 77 78 84 87 100 119 131 138 145 148 152 154 178 187 195 244 245 ]
8: [ 38 47 119 120 121 123 133 141 147 183 184 198 199 205 215 234 249 ]
9: [ 14 32 60 71 84 91 94 113 168 209 ]
10: [ 3 7 29 39 41 56 86 102 141 163 180 204 209 235 246 ]
11: [ 27 28 52 89 106 112 128 133 179 191 202 205 206 218 ]
12: [ 7 71 148 153 163 169 172 197 214 215 220 231 248 ]
13: [ 7 36 77 86 91 105 121 132 165 171 172 203 208 216 227 239 246 ]
14: [ 9 23 27 41 44 73 130 137 157 174 198 203 231 ]
15: [ 17 118 174 189 190 193 194 196 231 239 246 ]
16: [ 3 29 55 72 85 97 143 149 152 157 170 183 187 198 ]
17: [ 15 112 125 196 214 219 ]
18: [ 29 33 50 70 82 87 88 89 92 109 140 144 147 180 187 190 210 225 ]
19: [ 21 47 60 124 196 243 ]
20: [ 4 23 38 50 58 88 115 118 146 165 180 201 207 234 235 241 249 ]
21: [ 1 19 34 43 73 102 105 122 129 138 149 150 163 165 176 181 182 192 209 244 ]
22: [ 1 5 24 50 64 77 89 91 95 144 146 150 160 194 202 214 224 ]
23: [ 14 20 44 47 118 119 159 172 193 238 ]
24: [ 22 76 189 196 200 224 243 ]
25: [ 35 50 52 90 94 104 110 143 154 170 188 189 200 203 204 238 243 246 ]
26: [ 27 33 39 42 71 75 88 106 118 132 160 175 216 237 238 ]
27: [ 11 14 26 38 39 41 53 56 113 124 133 134 148 158 209 215 223 228 ]
28: [ 11 42 52 73 98 114 118 133 142 146 161 167 171 195 203 207 216 235 250 ]
29: [ 10 16 18 34 51 52 71 83 99 114 115 128 138 139 145 152 155 179 182 224 227 246 249 250 ]
30: [ 35 48 51 110 123 136 153 164 166 181 186 208 209 238 239 240 248 ]
31: [ 32 58 67 107 146 182 230 ]
32: [ 9 31 73 110 130 165 186 191 192 209 219 232 239 247 250 ]
33: [ 2 18 26 63 80 82 109 112 131 140 152 210 214 219 220 232 237 ]
34: [ 21 29 50 54 83 91 139 162 224 250 ]
35: [ 25 30 39 40 52 94 108 110 112 125 196 246 ]
36: [ 13 40 44 56 84 92 97 147 167 197 225 228 231 248 ]
37: [ 45 54 77 128 129 132 138 145 146 156 241 248 ]
38: [ 8 20 27 44 64 153 200 203 231 244 ]
39: [ 10 26 27 35 63 68 140 165 171 189 ]
40: [ 3 35 36 71 117 132 139 ]
41: [ 1 3 4 5 10 14 27 43 58 69 110 127 136 137 150 186 189 193 200 209 240 241 ]
42: [ 26 28 103 107 115 123 140 141 154 159 198 220 223 249 ]
43: [ 21 41 133 140 149 180 ]
44: [ 14 23 36 38 53 56 87 88 117 119 125 128 148 166 180 191 204 233 ]
45: [ 37 49 70 153 161 194 212 220 240 243 ]
46: [ 68 86 97 106 146 148 194 216 231 ]
47: [ 8 19 23 49 81 82 90 92 97 103 109 129 138 183 187 191 194 210 226 244 ]
48: [ 30 59 65 78 93 128 188 202 243 ]
49: [ 45 47 52 77 137 155 193 203 216 241 250 ]
50: [ 18 20 22 25 34 92 95 132 135 170 175 189 205 209 211 213 222 ]
51: [ 29 30 59 61 74 94 114 118 120 140 150 153 164 165 172 195 202 207 235 250 ]
52: [ 5 11 25 28 29 35 49 58 68 75 88 104 106 108 114 129 135 136 159 186 213 ]
53: [ 2 27 44 68 73 105 125 128 160 204 ]
54: [ 34 37 59 81 96 145 207 212 222 234 237 250 ]
55: [ 16 59 131 159 171 187 231 232 248 ]
56: [ 10 27 36 44 65 89 112 151 165 167 180 195 226 228 234 245 248 249 ]
57: [ 58 62 63 66 95 121 126 131 154 161 173 188 234 ]
58: [ 3 20 31 41 52 57 70 91 95 105 111 125 131 132 141 148 180 186 190 193 204 248 ]
59: [ 48 51 54 55 62 83 86 109 110 118 160 163 167 173 174 177 180 190 203 207 215 220 231 246 ]
60: [ 1 9 19 77 145 148 175 189 218 235 238 242 248 ]
61: [ 51 73 85 96 97 101 106 125 132 137 160 166 171 173 180 201 218 225 226 228 ]
62: [ 2 3 57 59 66 70 83 88 120 129 132 151 156 157 160 161 165 168 177 180 188 192 205 213 230 239 ]
63: [ 33 39 57 65 66 83 117 170 ]
64: [ 22 38 78 100 107 196 229 244 250 ]
65: [ 48 56 63 75 150 201 231 245 ]
66: [ 57 62 63 78 90 98 121 146 157 196 212 221 239 ]
67: [ 31 68 75 76 90 145 162 166 169 176 184 191 193 201 209 226 237 240 ]
68: [ 7 39 46 52 53 67 86 95 103 105 118 161 183 203 212 ]
69: [ 41 105 221 244 ]
70: [ 18 45 58 62 93 97 173 177 200 225 ]
71: [ 7 9 12 26 29 40 77 89 94 98 131 137 152 178 200 204 205 248 ]
72: [ 16 91 92 102 108 127 161 174 186 204 210 213 223 224 228 238 241 ]
73: [ 2 14 21 28 32 53 61 84 100 103 117 118 121 122 128 129 147 148 152 155 157 239 243 244 246 ]
74: [ 1 51 112 119 122 143 155 159 214 221 225 243 ]
75: [ 26 52 65 67 81 92 93 103 116 120 151 157 161 183 223 232 ]
76: [ 24 67 85 97 117 131 133 145 172 225 238 249 ]
77: [ 7 13 22 37 49 60 71 88 113 127 130 134 141 151 197 203 209 230 248 ]
78: [ 7 48 64 66 99 117 120 168 175 181 188 208 212 ]
79: [ 80 88 110 112 122 127 132 167 249 ]
80: [ 33 79 105 116 121 137 140 145 224 ]
81: [ 47 54 75 82 97 109 165 210 214 ]
82: [ 4 5 18 33 47 81 86 87 102 106 122 125 129 145 158 161 188 195 205 216 ]
83: [ 29 34 59 62 63 103 109 113 121 127 130 193 194 195 197 205 212 218 234 ]
84: [ 7 9 36 73 90 135 137 154 156 161 174 177 191 196 197 199 216 220 221 246 249 ]
85: [ 16 61 76 96 136 163 176 244 ]
86: [ 10 13 46 59 68 82 90 100 116 117 136 147 168 195 201 216 223 248 ]
87: [ 1 3 7 18 44 82 91 109 118 170 172 174 176 224 241 ]
88: [ 5 18 20 26 44 52 62 77 79 98 101 106 112 157 171 181 204 219 241 ]
89: [ 11 18 22 56 71 105 138 139 191 214 239 ]
90: [ 25 47 66 67 84 86 101 176 200 204 238 242 245 ]
91: [ 9 13 22 34 58 72 87 94 95 99 106 122 128 132 142 157 165 176 187 189 194 200 206 ]
92: [ 2 18 36 47 50 72 75 102 109 118 150 152 160 170 174 187 188 193 203 204 219 223 235 ]
93: [ 3 48 70 75 96 104 125 133 152 155 160 161 168 169 208 209 228 242 246 ]
94: [ 9 25 35 51 71 91 111 112 119 128 147 148 164 165 185 193 201 207 235 236 238 248 ]
95: [ 22 50 57 58 68 91 114 171 194 196 202 203 211 212 214 216 217 231 ]
96: [ 54 61 85 93 153 192 ]
97: [ 3 16 36 46 47 61 70 76 81 108 124 125 129 131 140 166 202 212 220 ]
98: [ 2 28 66 71 88 103 104 106 121 140 166 187 200 233 250 ]
99: [ 5 29 78 91 119 140 151 239 ]
100: [ 7 64 73 86 153 154 178 187 197 201 204 206 208 216 239 241 ]
101: [ 5 6 61 88 90 136 140 219 228 ]
102: [ 10 21 72 82 92 145 148 173 179 181 183 189 206 216 224 250 ]
103: [ 42 47 68 73 75 83 98 105 121 124 153 183 243 249 ]
104: [ 25 52 93 98 129 131 158 165 184 243 ]
105: [ 13 21 53 58 68 69 80 89 103 118 121 127 135 136 142 148 159 205 220 226 239 ]
106: [ 11 26 46 52 61 82 88 91 98 109 110 131 136 149 157 196 205 214 221 225 228 234 237 ]
107: [ 31 42 64 133 148 187 196 221 222 225 229 250 ]
108: [ 35 52 72 97 125 151 159 184 202 221 244 ]
109: [ 18 33 47 59 81 83 87 92 106 113 123 128 130 148 159 183 189 199 214 215 242 245 ]
110: [ 2 3 5 25 30 32 35 41 59 79 106 117 131 147 153 193 213 215 222 237 246 247 ]
111: [ 58 94 159 177 ]
112: [ 2 11 17 33 35 56 74 79 88 94 117 123 126 137 155 170 213 219 226 238 240 241 ]
113: [ 9 27 77 83 109 142 145 184 211 ]
114: [ 28 29 51 52 95 128 145 147 148 154 161 172 180 193 234 245 247 250 ]
115: [ 3 20 29 42 191 ]
116: [ 75 80 86 123 125 129 131 190 211 214 221 223 ]
117: [ 3 6 40 44 63 73 76 78 86 110 112 119 142 144 149 161 174 175 194 216 238 ]
118: [ 4 15 20 23 26 28 51 59 68 73 87 92 105 143 158 179 197 204 210 234 ]
119: [ 2 7 8 23 44 74 94 99 117 137 141 146 158 170 201 204 207 210 214 234 237 243 ]
120: [ 8 51 62 75 78 179 190 221 245 246 ]
121: [ 8 13 57 66 73 80 83 98 103 105 122 126 133 139 174 180 207 210 217 ]
122: [ 3 21 73 74 79 82 91 121 157 194 200 212 215 230 242 245 ]
123: [ 8 30 42 109 112 116 138 147 164 172 191 198 203 204 235 ]
124: [ 19 27 97 103 148 153 167 177 201 209 216 ]
125: [ 3 17 35 44 53 58 61 82 93 97 108 116 126 127 153 158 166 185 207 214 224 235 238 ]
126: [ 1 3 57 112 121 125 184 213 223 231 243 248 ]
127: [ 41 72 77 79 83 105 125 131 200 204 250 ]
128: [ 11 29 37 44 48 53 73 91 94 109 114 129 173 187 189 216 221 244 245 ]
129: [ 21 37 47 52 62 73 82 97 104 116 128 154 159 173 184 196 202 215 239 ]
130: [ 6 14 32 77 83 109 131 140 149 151 156 157 166 168 177 183 199 200 210 ]
131: [ 4 7 33 55 57 58 71 76 97 104 106 110 116 127 130 148 151 152 161 172 177 178 204 221 225 240 ]
132: [ 13 26 37 40 50 58 61 62 79 91 136 156 180 203 ]
133: [ 2 8 11 27 28 43 76 93 107 121 142 149 156 190 191 ]
134: [ 27 77 164 175 191 211 246 ]
135: [ 50 52 84 105 137 140 195 200 249 ]
136: [ 30 41 52 85 86 101 105 106 132 155 168 177 208 221 241 ]
137: [ 14 41 49 61 71 80 84 112 119 135 157 175 181 194 201 203 204 225 226 ]
138: [ 7 21 29 37 47 89 123 157 172 177 193 199 ]
139: [ 29 34 40 89 121 151 165 203 ]
140: [ 18 33 39 42 43 51 80 97 98 99 101 130 135 145 150 159 187 216 222 245 ]
141: [ 8 10 42 58 77 119 160 209 243 ]
142: [ 28 91 105 113 117 133 147 152 179 194 196 209 212 224 235 ]
143: [ 16 25 74 118 166 169 199 209 211 222 223 225 245 ]
144: [ 3 18 22 117 164 174 237 246 ]
145: [ 7 29 37 54 60 67 76 80 82 102 113 114 140 151 153 166 243 ]
146: [ 20 22 28 31 37 46 66 119 167 180 186 191 209 210 225 226 234 235 ]
147: [ 8 18 36 73 86 94 110 114 123 142 158 228 229 ]
148: [ 7 12 27 44 46 58 60 73 94 102 105 107 109 114 124 131 166 194 210 215 221 ]
149: [ 16 21 43 106 117 130 133 154 159 164 199 211 215 245 246 ]
150: [ 21 22 41 51 65 92 140 159 171 191 248 ]
151: [ 3 56 62 75 77 99 108 130 131 139 145 173 181 184 187 191 230 ]
152: [ 7 16 29 33 71 73 92 93 131 142 171 194 197 198 204 205 210 215 248 ]
153: [ 12 30 38 45 51 96 100 103 110 124 125 145 155 161 185 202 205 212 220 227 245 ]
154: [ 4 7 25 42 57 84 100 114 129 149 174 211 232 241 245 ]
155: [ 29 49 73 74 93 112 136 153 167 196 218 222 234 248 ]
156: [ 37 62 84 130 132 133 207 208 249 ]
157: [ 14 16 62 66 73 75 88 91 106 122 130 137 138 163 190 205 231 236 238 ]
158: [ 3 27 82 104 118 119 125 147 213 230 ]
159: [ 1 23 42 52 55 74 105 108 109 111 129 140 149 150 165 176 201 202 205 207 ]
160: [ 22 26 53 59 61 62 92 93 141 166 223 243 ]
161: [ 1 28 45 57 62 68 72 75 82 84 93 114 117 131 153 173 174 191 203 221 243 ]
162: [ 34 67 184 215 237 243 248 ]
163: [ 10 12 21 59 85 157 175 185 187 223 232 242 245 247 ]
164: [ 30 51 94 123 134 144 149 173 ]
165: [ 13 20 21 32 39 51 56 62 81 91 94 104 139 159 169 171 177 183 187 215 241 ]
166: [ 30 44 61 67 97 98 125 130 143 145 148 160 171 173 180 185 187 197 202 207 210 213 217 237 248 249 ]
167: [ 28 36 56 59 79 124 146 155 187 241 ]
168: [ 9 62 78 86 93 130 136 172 197 223 249 ]
169: [ 12 67 93 143 165 173 211 223 ]
170: [ 16 25 50 63 87 92 112 119 171 180 182 193 220 228 ]
171: [ 13 28 39 55 61 88 95 150 152 165 166 170 181 185 209 242 ]
172: [ 3 12 13 23 51 76 87 114 123 131 138 168 185 186 197 205 215 234 ]
173: [ 57 59 61 70 102 128 129 151 161 164 166 169 206 ]
174: [ 14 15 59 72 84 87 92 117 121 144 154 161 182 191 198 204 205 210 232 246 ]
175: [ 26 50 60 78 117 134 137 163 183 215 238 243 ]
176: [ 21 67 85 87 90 91 159 205 209 225 231 249 ]
177: [ 59 62 70 84 111 124 130 131 136 138 165 191 197 198 210 212 234 239 ]
178: [ 7 71 100 131 208 ]
179: [ 5 11 29 102 118 120 142 241 ]
180: [ 3 10 18 20 43 44 56 58 59 61 62 114 121 132 146 166 170 210 221 237 241 ]
181: [ 21 30 78 88 102 137 151 171 185 197 201 206 207 220 227 239 250 ]
182: [ 21 29 31 170 174 207 230 ]
183: [ 8 16 47 68 75 102 103 109 130 165 175 210 212 228 236 241 243 ]
184: [ 8 67 104 108 113 126 129 151 162 186 190 196 197 227 241 245 250 ]
185: [ 94 125 153 163 166 171 172 181 209 240 ]
186: [ 30 32 41 52 58 72 146 172 184 200 212 249 ]
187: [ 7 16 18 47 55 91 92 98 100 107 128 140 151 163 165 166 167 194 225 226 228 238 242 ]
188: [ 25 48 57 62 78 82 92 192 202 219 234 244 248 ]
189: [ 2 15 24 25 39 41 50 60 91 102 109 128 220 221 236 248 ]
190: [ 1 15 18 58 59 116 120 133 157 184 193 198 201 207 ]
191: [ 11 32 44 47 67 84 89 115 123 133 134 146 150 151 161 174 177 192 203 223 231 243 ]
192: [ 21 32 62 96 188 191 200 231 248 250 ]
193: [ 3 15 23 41 49 58 67 83 92 94 110 114 138 170 190 237 239 240 245 ]
194: [ 5 15 22 45 46 47 83 91 95 117 122 137 142 148 152 187 226 ]
195: [ 7 28 51 56 82 83 86 135 218 231 ]
196: [ 15 17 19 24 35 64 66 84 95 106 107 129 142 155 184 198 207 210 235 ]
197: [ 12 36 77 83 84 100 118 152 166 168 172 177 181 184 198 211 213 226 234 236 238 246 ]
198: [ 8 14 16 42 123 152 174 177 190 196 197 200 202 218 233 234 236 ]
199: [ 8 84 109 130 138 143 149 227 249 ]
200: [ 24 25 38 41 70 71 90 91 98 122 127 130 135 186 192 198 202 219 220 226 228 244 ]
201: [ 20 61 65 67 86 94 100 119 124 137 159 181 190 204 210 212 231 233 246 248 249 ]
202: [ 11 22 48 51 95 97 108 129 153 159 166 188 198 200 218 231 232 237 ]
203: [ 13 14 25 28 38 49 59 68 77 92 95 123 132 137 139 161 191 212 220 246 ]
204: [ 5 10 25 44 53 58 71 72 88 90 92 100 118 119 123 127 131 137 152 174 201 213 235 ]
205: [ 8 11 50 62 71 82 83 105 106 152 153 157 159 172 174 176 229 247 248 ]
206: [ 11 91 100 102 173 181 ]
207: [ 20 28 51 54 59 94 119 121 125 156 159 166 181 182 190 196 216 223 231 246 249 ]
208: [ 13 30 78 93 100 136 156 178 211 214 219 230 245 ]
209: [ 4 9 10 21 27 30 32 41 50 67 77 93 124 141 142 143 146 171 176 185 216 ]
210: [ 18 33 47 72 81 118 119 121 130 146 148 152 166 174 177 180 183 196 201 243 ]
211: [ 50 95 113 116 134 143 149 154 169 197 208 ]
212: [ 6 45 54 66 68 78 83 95 97 122 142 153 177 183 186 201 203 214 215 220 226 242 ]
213: [ 50 52 62 72 110 112 126 158 166 197 204 245 ]
214: [ 12 17 22 33 74 81 89 95 106 109 116 119 125 208 212 221 244 ]
215: [ 8 12 27 59 109 110 122 129 148 149 152 162 165 172 175 212 225 233 241 245 249 ]
216: [ 13 26 28 46 49 82 84 86 95 100 102 117 124 128 140 207 209 235 239 241 242 ]
217: [ 95 121 166 220 ]
218: [ 11 60 61 83 155 195 198 202 225 ]
219: [ 17 32 33 88 92 101 112 188 200 208 225 236 ]
220: [ 12 33 42 45 59 84 97 105 153 170 181 189 200 203 212 217 221 222 226 234 ]
221: [ 66 69 74 84 106 107 108 116 120 128 131 136 148 161 180 189 214 220 237 246 249 ]
222: [ 50 54 107 110 140 143 155 220 ]
223: [ 27 42 72 75 86 92 116 126 143 160 163 168 169 191 207 234 ]
224: [ 22 24 29 34 72 80 87 102 125 142 239 ]
225: [ 3 18 36 61 70 74 76 106 107 131 137 143 146 176 187 215 218 219 243 ]
226: [ 47 56 61 67 105 112 137 146 187 194 197 200 212 220 ]
227: [ 13 29 153 181 184 199 243 250 ]
228: [ 27 36 56 61 72 93 101 106 147 170 183 187 200 239 ]
229: [ 64 107 147 205 ]
230: [ 31 62 77 122 151 158 182 208 ]
231: [ 12 14 15 36 38 46 55 59 65 95 126 157 176 191 192 195 201 202 207 ]
232: [ 32 33 55 75 154 163 174 202 ]
233: [ 3 44 98 198 201 215 ]
234: [ 8 20 54 56 57 83 106 114 118 119 146 155 172 177 188 197 198 220 223 248 ]
235: [ 10 20 28 51 60 92 94 123 125 142 146 196 204 216 247 ]
236: [ 94 157 183 189 197 198 219 238 249 ]
237: [ 26 33 54 67 106 110 119 144 162 166 180 193 202 221 244 ]
238: [ 1 23 25 26 30 60 72 76 90 94 112 117 125 157 175 187 197 236 240 245 ]
239: [ 13 15 30 32 62 66 73 89 99 100 105 129 177 181 193 216 224 228 246 ]
240: [ 30 41 45 67 112 131 185 193 238 ]
241: [ 4 20 37 41 49 72 87 88 100 112 136 154 165 167 179 180 183 184 215 216 ]
242: [ 2 4 5 60 90 93 109 122 163 171 187 212 216 ]
243: [ 19 24 25 45 48 73 74 103 104 119 126 141 145 160 161 162 175 183 191 210 225 227 ]
244: [ 7 21 38 47 64 69 73 85 108 128 188 200 214 237 ]
245: [ 7 56 65 90 109 114 120 122 128 140 143 149 153 154 163 184 193 208 213 215 238 ]
246: [ 10 13 15 25 29 35 59 73 84 93 110 120 134 144 149 174 197 201 203 207 221 239 ]
247: [ 32 110 114 163 205 235 ]
248: [ 12 30 36 37 55 56 58 60 71 77 86 94 126 150 152 155 162 166 188 189 192 201 205 234 ]
249: [ 1 8 20 29 42 56 76 79 84 103 135 156 166 168 176 186 199 201 207 215 221 236 ]
250: [ 28 29 32 34 49 51 54 64 98 102 107 114 127 181 184 192 227 ]
