1: [ 3 11 28 57 60 69 70 71 93 101 102 106 109 115 155 156 167 173 186 196 235 241 ]
2: [ 149 181 205 223 ]
3: [ 1 16 19 41 50 69 80 83 108 112 122 135 141 148 164 167 171 179 181 229 234 248 ]
4: [ 9 18 55 60 64 156 165 186 190 198 205 214 230 236 242 ]
5: [ 41 82 123 146 150 164 244 ]
6: [ 9 22 45 49 84 109 124 127 146 166 167 179 211 227 233 ]
7: [ 35 126 133 145 149 172 178 184 190 193 199 217 220 227 228 250 ]
8: [ 47 68 90 102 117 142 145 149 158 162 171 205 214 233 238 244 ]
9: [ 4 6 31 47 91 101 109 115 127 138 169 172 176 198 199 214 215 219 233 236 ]
10: [ 49 85 107 158 168 189 200 209 240 ]
11: [ 1 52 70 85 182 215 238 ]
12: [ 37 39 53 107 120 149 155 156 173 177 181 182 199 211 237 241 242 243 ]
13: [ 24 195 200 236 ]
14: [ 17 21 34 83 108 112 128 148 152 186 190 204 229 230 243 ]
15: [ 27 44 65 71 79 104 109 117 121 122 135 137 151 198 202 238 ]
16: [ 3 20 42 65 83 85 103 104 177 187 190 199 ]
17: [ 14 29 52 65 74 108 109 124 130 158 211 236 243 ]
18: [ 4 25 71 97 100 145 164 168 182 197 ]
19: [ 3 23 32 43 55 113 125 126 128 135 137 163 180 183 198 204 ]
20: [ 16 40 56 67 102 112 134 142 159 181 183 ]
21: [ 14 41 45 68 80 137 138 143 202 ]
22: [ 6 47 80 85 150 166 181 209 ]
23: [ 19 31 49 50 53 90 95 101 125 148 178 180 181 182 195 215 217 229 243 ]
24: [ 13 30 36 53 65 73 75 139 150 ]
25: [ 18 31 36 42 54 59 61 62 117 148 161 190 191 194 204 222 234 ]
26: [ 29 30 49 66 75 83 102 126 128 132 139 163 189 194 214 220 223 230 235 241 ]
27: [ 15 31 36 44 54 68 72 75 88 112 118 127 138 140 155 176 197 209 229 235 246 250 ]
28: [ 1 38 41 45 49 67 68 77 83 94 99 104 139 140 143 174 192 215 ]
29: [ 17 26 38 40 43 59 79 85 100 101 130 173 201 206 231 234 238 ]
30: [ 24 26 32 46 115 118 142 152 200 244 ]
31: [ 9 23 25 27 75 103 104 113 135 143 154 165 169 172 182 197 211 212 235 238 ]
32: [ 19 30 42 50 52 61 68 71 92 115 120 140 173 195 199 216 229 233 238 ]
33: [ 45 82 93 171 223 233 ]
34: [ 14 41 51 57 68 99 139 226 ]
35: [ 7 41 85 107 108 143 162 163 169 174 180 182 225 ]
36: [ 24 25 27 48 63 82 117 189 210 218 219 240 ]
37: [ 12 68 70 73 76 91 103 104 109 126 135 140 158 160 179 192 195 234 235 250 ]
38: [ 28 29 102 104 109 143 176 183 214 215 216 242 ]
39: [ 12 59 102 148 165 197 201 220 ]
40: [ 20 29 41 52 77 121 138 149 162 216 ]
41: [ 3 5 21 28 34 35 40 109 135 149 150 156 165 186 214 225 250 ]
42: [ 16 25 32 46 59 61 64 71 103 106 108 112 128 135 146 176 178 196 207 220 222 240 244 248 ]
43: [ 19 29 70 90 91 126 181 189 196 208 216 234 ]
44: [ 15 27 54 56 106 109 174 179 182 186 196 209 ]
45: [ 6 21 28 33 66 78 79 81 107 113 116 142 148 152 165 166 185 219 230 235 240 ]
46: [ 30 42 61 76 102 109 136 138 140 141 160 195 201 210 213 237 ]
47: [ 8 9 22 55 65 91 103 156 189 194 204 218 243 ]
48: [ 36 62 114 136 142 166 187 189 230 ]
49: [ 6 10 23 26 28 58 75 82 86 95 113 124 131 134 135 141 163 174 183 189 202 225 240 ]
50: [ 3 23 32 54 56 101 117 132 133 150 154 186 197 202 203 225 227 245 248 ]
51: [ 34 62 69 93 130 183 193 194 202 216 219 222 226 237 242 ]
52: [ 11 17 32 40 67 117 141 142 150 156 175 178 183 184 185 209 215 217 230 235 243 ]
53: [ 12 23 24 67 89 96 97 124 153 171 173 181 203 216 229 236 ]
54: [ 25 27 44 50 71 74 146 148 196 250 ]
55: [ 4 19 47 56 152 158 167 183 216 222 223 231 232 ]
56: [ 20 44 50 55 96 99 107 116 118 122 133 241 245 ]
57: [ 1 34 96 97 120 133 134 156 161 182 187 198 206 220 237 241 243 ]
58: [ 49 79 82 86 128 176 185 234 ]
59: [ 25 29 39 42 79 97 107 114 124 128 133 172 227 240 247 249 250 ]
60: [ 1 4 95 117 118 148 208 241 ]
61: [ 25 32 42 46 67 122 132 138 159 160 161 163 166 171 179 198 209 ]
62: [ 25 48 51 69 82 106 176 185 197 198 215 250 ]
63: [ 36 123 192 193 198 ]
64: [ 4 42 100 105 116 131 156 172 220 233 236 ]
65: [ 15 16 17 24 47 103 157 162 170 198 213 227 238 ]
66: [ 26 45 103 139 146 228 ]
67: [ 20 28 52 53 61 102 114 176 184 193 203 208 211 222 241 ]
68: [ 8 21 27 28 32 34 37 73 75 95 153 190 193 218 234 243 ]
69: [ 1 3 51 62 72 106 166 168 181 202 215 ]
70: [ 1 11 37 43 73 90 141 153 189 200 219 250 ]
71: [ 1 15 18 32 42 54 72 83 88 89 91 95 96 112 130 147 152 158 176 205 207 ]
72: [ 27 69 71 83 90 99 109 125 132 136 159 177 190 193 201 247 ]
73: [ 24 37 68 70 97 99 106 113 114 119 129 145 155 167 172 212 213 214 244 ]
74: [ 17 54 101 170 250 ]
75: [ 24 26 27 31 49 68 89 119 131 136 140 154 160 174 200 203 230 ]
76: [ 37 46 91 108 163 164 173 189 194 215 223 ]
77: [ 28 40 107 141 143 207 232 242 243 248 ]
78: [ 45 105 124 130 189 200 237 241 242 ]
79: [ 15 29 45 58 59 137 146 151 153 175 177 195 ]
80: [ 3 21 22 83 91 112 113 126 139 142 144 154 184 196 224 225 245 ]
81: [ 45 85 100 130 137 178 185 193 202 238 ]
82: [ 5 33 36 49 58 62 94 100 101 111 136 152 178 197 214 237 241 ]
83: [ 3 14 16 26 28 71 72 80 98 99 142 188 202 204 217 235 238 ]
84: [ 6 104 138 147 170 200 214 246 ]
85: [ 10 11 16 22 29 35 81 146 162 173 174 177 214 218 235 239 ]
86: [ 49 58 139 141 169 177 181 197 209 248 ]
87: [ 96 120 139 167 175 201 209 234 ]
88: [ 27 71 93 115 119 130 131 138 168 187 216 227 228 ]
89: [ 53 71 75 103 111 120 177 194 198 220 237 ]
90: [ 8 23 43 70 72 100 108 116 125 132 136 143 153 175 185 202 204 219 ]
91: [ 9 37 43 47 71 76 80 92 103 112 114 120 156 166 178 203 208 213 221 232 233 ]
92: [ 32 91 135 142 157 174 186 199 225 235 ]
93: [ 1 33 51 88 97 144 147 157 161 166 179 197 198 239 ]
94: [ 28 82 105 125 148 202 215 217 ]
95: [ 23 49 60 68 71 115 159 171 173 193 213 247 ]
96: [ 53 56 57 71 87 132 178 198 212 213 221 229 ]
97: [ 18 53 57 59 73 93 98 115 128 137 151 163 171 192 222 245 ]
98: [ 83 97 121 130 135 157 198 204 241 ]
99: [ 28 34 56 72 73 83 108 112 151 162 195 228 248 ]
100: [ 18 29 64 81 82 90 107 109 112 139 155 190 198 229 231 233 237 ]
101: [ 1 9 23 29 50 74 82 123 131 148 153 182 189 213 ]
102: [ 1 8 20 26 38 39 46 67 111 134 156 173 179 214 216 219 229 239 241 ]
103: [ 16 31 37 42 47 65 66 89 91 107 111 112 126 137 164 194 201 203 231 237 ]
104: [ 15 16 28 31 37 38 84 106 121 131 133 135 145 149 162 192 194 202 209 237 247 ]
105: [ 64 78 94 132 175 191 221 225 240 242 ]
106: [ 1 42 44 62 69 73 104 128 130 131 151 153 155 182 185 208 228 236 ]
107: [ 10 12 35 45 56 59 77 100 103 123 141 171 173 187 216 237 ]
108: [ 3 14 17 35 42 76 90 99 167 171 209 230 246 248 250 ]
109: [ 1 6 9 15 17 37 38 41 44 46 72 100 112 113 119 133 160 171 200 202 212 228 229 236 ]
110: [ 154 175 ]
111: [ 82 89 102 103 116 138 152 175 177 182 192 193 219 222 ]
112: [ 3 14 20 27 42 71 80 91 99 100 103 109 113 128 135 147 157 201 237 243 245 ]
113: [ 19 31 45 49 73 80 109 112 148 154 159 164 171 179 186 194 195 234 248 ]
114: [ 48 59 67 73 91 131 135 166 171 174 178 181 192 193 211 213 228 234 ]
115: [ 1 9 30 32 88 95 97 124 150 151 165 192 202 204 ]
116: [ 45 56 64 90 111 122 123 146 160 164 166 181 197 205 215 235 242 243 ]
117: [ 8 15 25 36 50 52 60 145 162 164 166 174 187 214 218 228 ]
118: [ 27 30 56 60 145 162 189 193 219 ]
119: [ 73 75 88 109 121 138 193 206 ]
120: [ 12 32 57 87 89 91 128 140 142 149 158 164 168 169 177 180 213 223 228 238 244 ]
121: [ 15 40 98 104 119 148 153 166 194 200 ]
122: [ 3 15 56 61 116 148 152 183 200 201 204 225 ]
123: [ 5 63 101 107 116 165 194 201 209 229 ]
124: [ 6 17 49 53 59 78 115 126 130 132 146 166 230 ]
125: [ 19 23 72 90 94 149 173 198 234 238 ]
126: [ 7 19 26 37 43 80 103 124 127 133 155 160 166 179 201 207 226 238 250 ]
127: [ 6 9 27 126 134 135 168 192 194 ]
128: [ 14 19 26 42 58 59 97 106 112 120 130 146 183 194 211 219 ]
129: [ 73 137 168 172 173 195 198 216 225 ]
130: [ 17 29 51 71 78 81 88 98 106 124 128 141 152 164 195 208 210 227 250 ]
131: [ 49 64 75 88 101 104 106 114 160 173 201 225 247 ]
132: [ 26 50 61 72 90 96 105 124 135 195 213 222 225 232 247 250 ]
133: [ 7 50 56 57 59 104 109 126 134 138 143 186 189 198 210 225 241 ]
134: [ 20 49 57 102 127 133 161 167 186 204 217 246 ]
135: [ 3 15 19 31 37 41 42 49 92 98 104 112 114 127 132 180 218 228 233 240 247 250 ]
136: [ 46 48 72 75 82 90 142 160 232 ]
137: [ 15 19 21 79 81 97 103 129 138 173 175 181 205 240 ]
138: [ 9 21 27 40 46 61 84 88 111 119 133 137 147 152 186 194 232 246 250 ]
139: [ 24 26 28 34 66 80 86 87 100 176 185 186 213 235 ]
140: [ 27 28 32 37 46 75 120 210 213 215 217 218 229 232 245 246 ]
141: [ 3 46 49 52 70 77 86 107 130 152 153 155 165 174 209 230 237 240 ]
142: [ 8 20 30 45 48 52 80 83 92 120 136 149 152 153 177 185 186 196 198 202 208 241 248 ]
143: [ 21 28 31 35 38 77 90 133 174 201 210 213 215 228 237 ]
144: [ 80 93 148 150 155 160 174 221 235 ]
145: [ 7 8 18 73 104 117 118 148 172 177 180 202 233 240 ]
146: [ 5 6 42 54 66 79 85 116 124 128 164 241 250 ]
147: [ 71 84 93 112 138 174 179 216 219 227 233 ]
148: [ 3 14 23 25 39 45 54 60 94 101 113 121 122 144 145 162 185 204 214 215 226 250 ]
149: [ 2 7 8 12 40 41 104 120 125 142 162 179 181 186 193 202 205 218 242 246 248 ]
150: [ 5 22 24 41 50 52 115 144 175 194 217 240 ]
151: [ 15 79 97 99 106 115 156 191 229 236 ]
152: [ 14 30 45 55 71 82 111 122 130 138 141 142 171 178 183 184 198 200 209 211 224 ]
153: [ 53 68 70 79 90 101 106 121 141 142 165 182 185 ]
154: [ 31 50 75 80 110 113 193 203 214 219 238 239 ]
155: [ 1 12 27 73 100 106 126 141 144 174 186 189 205 210 223 ]
156: [ 1 4 12 41 47 52 57 64 91 102 151 211 233 234 240 242 ]
157: [ 65 92 93 98 112 182 196 221 ]
158: [ 8 10 17 37 55 71 120 167 176 177 182 187 190 194 199 201 202 207 210 238 246 249 250 ]
159: [ 20 61 72 95 113 165 239 ]
160: [ 37 46 61 75 109 116 126 131 136 144 167 173 209 217 222 233 ]
161: [ 25 57 61 93 134 207 ]
162: [ 8 35 40 65 85 99 104 117 118 148 149 192 203 238 241 ]
163: [ 19 26 35 49 61 76 97 192 212 228 230 235 248 ]
164: [ 3 5 18 76 103 113 116 117 120 130 146 209 230 ]
165: [ 4 31 39 41 45 115 123 141 153 159 169 186 188 193 225 235 238 241 ]
166: [ 6 22 45 48 61 69 91 93 114 116 117 121 124 126 202 232 236 250 ]
167: [ 1 3 6 55 73 87 108 134 158 160 192 211 212 248 ]
168: [ 10 18 69 88 120 127 129 ]
169: [ 9 31 35 86 120 165 185 186 199 205 211 230 ]
170: [ 65 74 84 200 225 226 230 242 ]
171: [ 3 8 33 53 61 95 97 107 108 109 113 114 152 185 186 197 200 211 213 228 ]
172: [ 7 9 31 59 64 73 129 145 174 217 218 223 236 ]
173: [ 1 12 29 32 53 76 85 95 102 107 125 129 131 137 160 212 214 215 216 217 242 249 ]
174: [ 28 35 44 49 75 85 92 114 117 141 143 144 147 155 172 188 198 201 223 227 ]
175: [ 52 79 87 90 105 110 111 137 150 195 208 213 ]
176: [ 9 27 38 42 58 62 67 71 139 158 192 198 210 227 250 ]
177: [ 12 16 72 79 85 86 89 111 120 142 145 158 195 208 224 242 ]
178: [ 7 23 42 52 81 82 91 96 114 152 179 201 202 210 214 215 236 ]
179: [ 3 6 37 44 61 93 102 113 126 147 149 178 196 205 214 229 232 238 246 ]
180: [ 19 23 35 120 135 145 194 ]
181: [ 2 3 12 20 22 23 43 53 69 86 114 116 137 149 212 216 222 232 235 242 243 ]
182: [ 11 12 18 23 31 35 44 57 101 106 111 153 157 158 184 185 197 198 204 220 243 ]
183: [ 19 20 38 49 51 52 55 122 128 152 201 204 224 247 ]
184: [ 7 52 67 80 152 182 224 228 245 ]
185: [ 45 52 58 62 81 90 106 139 142 148 153 169 171 182 201 241 243 ]
186: [ 1 4 14 41 44 50 92 113 133 134 138 139 142 149 155 165 169 171 206 223 232 233 ]
187: [ 16 48 57 88 107 117 158 192 201 225 239 ]
188: [ 83 165 174 194 215 ]
189: [ 10 26 36 43 47 48 49 70 76 78 101 118 133 155 214 219 222 224 229 232 233 245 ]
190: [ 4 7 14 16 25 68 72 100 158 195 225 229 ]
191: [ 25 105 151 ]
192: [ 28 37 63 97 104 111 114 115 127 162 163 167 176 187 195 209 210 214 ]
193: [ 7 51 63 67 68 72 81 95 111 114 118 119 149 154 165 196 206 ]
194: [ 25 26 47 51 76 89 103 104 113 121 123 127 128 138 150 158 180 188 200 204 207 213 ]
195: [ 13 23 32 37 46 79 99 113 129 130 132 175 177 190 192 235 243 249 ]
196: [ 1 42 43 44 54 80 142 157 179 193 201 242 246 ]
197: [ 18 27 31 39 50 62 82 86 93 116 171 182 238 ]
198: [ 4 9 15 19 57 61 62 63 65 89 93 96 98 100 125 129 133 142 152 174 176 182 208 249 ]
199: [ 7 9 12 16 32 92 158 169 202 222 229 248 ]
200: [ 10 13 30 70 75 78 84 109 121 122 152 170 171 194 201 202 205 209 211 235 236 243 250 ]
201: [ 29 39 46 72 87 103 112 122 123 126 131 143 158 174 178 183 185 187 196 200 215 228 233 237 ]
202: [ 15 21 49 50 51 69 81 83 90 94 104 109 115 142 145 149 158 166 178 199 200 ]
203: [ 50 53 67 75 91 103 154 162 216 217 ]
204: [ 14 19 25 47 83 90 98 115 122 134 148 182 183 194 ]
205: [ 2 4 8 71 116 137 149 155 169 179 200 209 214 ]
206: [ 29 57 119 186 193 223 234 239 246 ]
207: [ 42 71 77 126 158 161 194 227 ]
208: [ 43 60 67 91 106 130 142 175 177 198 215 240 ]
209: [ 10 22 27 44 52 61 86 87 104 108 123 141 152 160 164 192 200 205 215 227 228 230 ]
210: [ 36 46 130 133 140 143 155 158 176 178 192 ]
211: [ 6 12 17 31 67 114 128 152 156 167 169 171 200 213 219 228 239 248 ]
212: [ 31 73 96 109 163 167 173 181 216 228 ]
213: [ 46 65 73 91 95 96 101 114 120 132 139 140 143 171 175 194 211 228 230 240 242 ]
214: [ 4 8 9 26 38 41 73 82 84 85 102 117 148 154 173 178 179 189 192 205 216 221 232 235 245 ]
215: [ 9 11 23 28 38 52 62 69 76 94 116 140 143 148 173 178 188 201 208 209 225 239 244 ]
216: [ 32 38 40 43 51 53 55 88 102 107 129 147 173 181 203 212 214 220 223 232 237 ]
217: [ 7 23 52 83 94 134 140 150 160 172 173 203 233 237 ]
218: [ 36 47 68 85 117 135 140 149 172 235 250 ]
219: [ 9 36 45 51 70 90 102 111 118 128 147 154 189 211 ]
220: [ 7 26 39 42 57 64 89 182 216 ]
221: [ 91 96 105 144 157 214 229 243 249 ]
222: [ 25 42 51 55 67 97 111 132 160 181 189 199 227 ]
223: [ 2 26 33 55 76 120 155 172 174 186 206 216 233 243 ]
224: [ 80 152 177 183 184 189 ]
225: [ 35 41 49 50 80 92 105 122 129 131 132 133 165 170 187 190 215 235 ]
226: [ 34 51 126 148 170 236 246 ]
227: [ 6 7 50 59 65 88 130 147 174 176 207 209 222 233 244 ]
228: [ 7 66 88 99 106 109 114 117 120 135 143 163 171 184 201 209 211 212 213 ]
229: [ 3 14 23 27 32 53 96 100 102 109 123 140 151 179 189 190 199 221 242 ]
230: [ 4 14 26 45 48 52 75 108 124 141 163 164 169 170 209 213 ]
231: [ 29 55 100 103 236 240 243 ]
232: [ 55 77 91 132 136 138 140 166 179 181 186 189 214 216 ]
233: [ 6 8 9 32 33 64 91 100 135 145 147 156 160 186 189 201 217 223 227 247 ]
234: [ 3 25 29 37 43 58 68 87 113 114 125 156 206 250 ]
235: [ 1 26 27 31 37 45 52 83 85 92 116 139 144 163 165 181 195 200 214 218 225 ]
236: [ 4 9 13 17 53 64 106 109 151 166 172 178 200 226 231 239 ]
237: [ 12 46 51 57 78 82 89 100 103 104 107 112 141 143 201 216 217 246 ]
238: [ 8 11 15 29 31 32 65 81 83 120 125 126 154 158 162 165 179 197 239 248 ]
239: [ 85 93 102 154 159 187 206 211 215 236 238 ]
240: [ 10 36 42 45 49 59 105 135 137 141 145 150 156 208 213 231 250 ]
241: [ 1 12 26 56 57 60 67 78 82 98 102 133 142 146 162 165 185 ]
242: [ 4 12 38 51 77 78 105 116 149 156 170 173 177 181 196 213 229 ]
243: [ 12 14 17 23 47 52 57 68 77 112 116 181 182 185 195 200 221 223 231 ]
244: [ 5 8 30 42 73 120 215 227 ]
245: [ 50 56 80 97 112 140 184 189 214 ]
246: [ 27 84 108 134 138 140 149 158 179 196 206 226 237 ]
247: [ 59 72 95 104 131 132 135 183 233 ]
248: [ 3 42 50 77 86 99 108 113 142 149 163 167 199 211 238 ]
249: [ 59 158 173 195 198 221 ]
250: [ 7 27 37 41 54 59 62 70 74 108 126 130 132 135 138 146 148 158 166 176 200 218 234 240 ]
