1: [ 33 36 41 48 52 54 55 66 79 96 100 107 123 135 137 147 149 153 155 158 161 175 178 193 204 210 228 ]
2: [ 27 53 77 107 139 184 204 215 234 235 ]
3: [ 32 44 54 88 93 96 102 114 152 157 187 198 211 215 219 221 224 234 236 ]
4: [ 7 15 19 45 60 68 88 91 93 104 134 157 163 165 182 190 ]
5: [ 11 23 26 47 48 54 71 80 88 97 155 187 203 249 ]
6: [ 8 10 20 69 81 102 107 114 165 212 222 229 ]
7: [ 4 30 32 78 88 116 149 160 190 226 243 ]
8: [ 6 79 91 132 173 191 197 201 202 209 236 249 ]
9: [ 13 29 31 48 51 60 79 111 151 185 222 228 ]
10: [ 6 26 37 86 116 122 140 147 180 185 187 193 211 218 223 227 239 ]
11: [ 5 47 52 59 86 98 128 140 154 182 217 227 235 ]
12: [ 23 111 112 127 184 229 245 ]
13: [ 9 22 47 64 134 139 142 184 195 197 249 ]
14: [ 53 98 123 214 221 239 ]
15: [ 4 16 18 21 46 70 85 115 127 128 130 131 152 156 171 181 182 185 195 203 219 241 246 ]
16: [ 15 38 51 56 66 84 109 122 131 159 170 172 190 192 199 234 236 248 ]
17: [ 21 23 27 46 69 80 108 128 130 157 180 196 198 201 225 232 ]
18: [ 15 21 35 66 77 86 92 94 103 104 114 121 125 147 176 186 187 209 215 219 221 228 249 ]
19: [ 4 42 47 50 51 57 95 130 142 149 151 171 188 202 204 206 239 ]
20: [ 6 50 80 104 112 147 197 228 ]
21: [ 15 17 18 28 37 47 54 121 157 161 240 ]
22: [ 13 31 41 47 54 71 78 112 115 122 123 140 150 163 166 204 215 217 238 ]
23: [ 5 12 17 46 53 55 63 76 77 105 151 165 180 186 192 ]
24: [ 25 45 70 114 131 160 191 202 244 245 250 ]
25: [ 24 98 130 147 178 185 205 212 215 222 250 ]
26: [ 5 10 48 49 68 79 87 104 135 173 193 ]
27: [ 2 17 35 39 44 45 46 50 54 64 85 91 118 123 124 141 166 181 182 190 217 237 ]
28: [ 21 59 74 85 103 124 134 153 175 176 179 191 198 199 236 ]
29: [ 9 33 95 96 103 121 126 160 172 179 191 208 ]
30: [ 7 65 87 96 141 144 172 ]
31: [ 9 22 47 76 113 123 125 133 135 144 149 168 196 231 ]
32: [ 3 7 50 61 85 111 135 158 175 184 198 200 204 211 218 225 232 239 ]
33: [ 1 29 43 47 63 84 112 137 151 156 157 161 197 204 235 248 ]
34: [ 37 41 47 49 51 54 72 96 97 124 131 135 159 167 186 205 210 227 ]
35: [ 18 27 65 66 147 152 191 203 ]
36: [ 1 52 112 129 161 196 216 235 ]
37: [ 10 21 34 77 87 107 110 142 147 158 161 206 211 219 223 240 241 ]
38: [ 16 41 49 54 64 86 98 113 114 141 191 210 242 243 ]
39: [ 27 55 56 63 84 120 121 130 132 177 184 196 203 206 239 248 ]
40: [ 78 133 143 151 181 183 187 192 211 215 236 ]
41: [ 1 22 34 38 45 52 62 70 152 187 192 236 241 ]
42: [ 19 69 92 100 118 139 152 157 161 ]
43: [ 33 45 47 51 78 88 91 96 103 139 167 185 210 249 ]
44: [ 3 27 45 70 82 86 89 93 96 107 149 150 154 158 167 172 174 175 194 248 250 ]
45: [ 4 24 27 41 43 44 56 59 69 78 84 116 124 143 154 185 186 191 205 220 222 237 ]
46: [ 15 17 23 27 48 59 67 73 107 139 151 153 185 192 206 211 222 240 247 250 ]
47: [ 5 11 13 19 21 22 31 33 34 43 51 52 92 97 98 120 130 134 177 180 201 225 226 236 237 243 ]
48: [ 1 5 9 26 46 56 67 76 106 111 112 116 123 132 139 197 209 216 218 241 248 ]
49: [ 26 34 38 50 55 61 68 95 98 108 139 152 161 164 185 206 215 220 222 241 ]
50: [ 19 20 27 32 49 61 82 88 120 148 158 176 184 187 195 199 224 228 ]
51: [ 9 16 19 34 43 47 77 92 96 108 123 143 151 152 162 166 168 171 176 185 195 205 241 ]
52: [ 1 11 36 41 47 56 64 91 109 128 162 179 238 ]
53: [ 2 14 23 68 72 79 121 128 135 192 195 237 240 ]
54: [ 1 3 5 21 22 27 34 38 58 70 79 86 90 97 99 114 134 163 184 208 245 ]
55: [ 1 23 39 49 68 128 146 200 225 ]
56: [ 16 39 45 48 52 73 74 79 85 133 136 166 169 200 235 ]
57: [ 19 66 103 115 132 151 183 ]
58: [ 54 72 107 114 121 140 165 206 211 ]
59: [ 11 28 45 46 83 96 133 142 199 212 237 243 ]
60: [ 4 9 88 89 93 139 151 160 167 180 241 ]
61: [ 32 49 50 62 91 98 145 172 180 193 197 200 201 211 229 230 236 250 ]
62: [ 41 61 74 81 84 95 123 131 134 142 190 221 222 234 ]
63: [ 23 33 39 65 74 75 83 89 94 96 105 115 130 139 143 144 147 152 163 173 180 181 189 206 ]
64: [ 13 27 38 52 66 77 80 93 116 121 150 186 195 228 249 ]
65: [ 30 35 63 67 83 95 121 136 183 207 219 ]
66: [ 1 16 18 35 57 64 74 121 134 140 159 164 166 169 177 198 219 229 ]
67: [ 46 48 65 72 118 125 137 161 177 226 227 228 236 ]
68: [ 4 26 49 53 55 80 86 87 95 97 133 145 146 152 181 236 242 ]
69: [ 6 17 42 45 76 78 91 92 100 105 121 124 147 150 161 174 176 185 189 202 206 225 248 ]
70: [ 15 24 41 44 54 114 121 165 ]
71: [ 5 22 72 98 137 140 144 146 185 ]
72: [ 34 53 58 67 71 79 94 104 107 111 118 144 150 153 159 163 181 190 191 196 222 240 248 249 ]
73: [ 46 56 83 87 110 113 134 146 152 153 177 184 190 197 199 202 206 233 247 249 ]
74: [ 28 56 62 63 66 84 87 110 121 153 162 174 250 ]
75: [ 63 107 205 206 220 ]
76: [ 23 31 48 69 81 97 103 186 245 ]
77: [ 2 18 23 37 51 64 110 111 126 131 171 172 181 196 218 220 ]
78: [ 7 22 40 43 45 69 89 113 136 160 164 166 198 223 ]
79: [ 1 8 9 26 53 54 56 72 103 116 140 202 208 212 229 243 244 245 ]
80: [ 5 17 20 64 68 83 84 112 119 126 206 211 222 ]
81: [ 6 62 76 109 125 131 143 155 165 179 195 201 222 228 232 241 244 248 ]
82: [ 44 50 84 97 102 124 125 129 136 144 162 180 186 195 196 229 ]
83: [ 59 63 65 73 80 128 129 150 195 208 211 215 220 236 ]
84: [ 16 33 39 45 62 74 80 82 89 90 95 125 132 166 178 202 215 229 ]
85: [ 15 27 28 32 56 100 141 165 176 211 249 250 ]
86: [ 10 11 18 38 44 54 68 91 94 106 110 118 137 145 170 177 200 211 212 215 228 242 ]
87: [ 26 30 37 68 73 74 121 133 157 190 ]
88: [ 3 4 5 7 43 50 60 116 144 192 216 226 229 ]
89: [ 44 60 63 78 84 100 135 158 162 164 169 189 192 193 196 241 243 245 246 250 ]
90: [ 54 84 107 178 180 185 230 241 ]
91: [ 4 8 27 43 52 61 69 86 115 122 146 156 166 176 192 226 231 ]
92: [ 18 42 47 51 69 100 106 133 138 159 160 174 201 203 212 219 221 222 230 ]
93: [ 3 4 44 60 64 105 140 141 147 153 161 173 184 190 226 230 232 ]
94: [ 18 63 72 86 96 163 207 219 222 226 227 230 239 249 ]
95: [ 19 29 49 62 65 68 84 107 144 220 241 250 ]
96: [ 1 3 29 30 34 43 44 51 59 63 94 143 149 164 168 191 195 214 237 242 243 ]
97: [ 5 34 47 54 68 76 82 98 123 133 143 152 189 204 210 232 235 ]
98: [ 11 14 25 38 47 49 61 71 97 115 139 155 158 169 196 199 202 215 239 ]
99: [ 54 119 136 193 ]
100: [ 1 42 69 85 89 92 119 161 183 187 195 204 206 216 225 229 ]
101: [ 111 112 113 122 167 182 211 220 237 ]
102: [ 3 6 82 105 124 125 155 160 202 212 ]
103: [ 18 28 29 43 57 76 79 112 129 131 142 152 173 177 179 182 193 200 212 221 224 241 248 ]
104: [ 4 18 20 26 72 110 128 152 171 177 191 195 201 208 242 ]
105: [ 23 63 69 93 102 111 188 203 209 212 ]
106: [ 48 86 92 110 123 144 162 234 249 ]
107: [ 1 2 6 37 44 46 58 72 75 90 95 121 138 140 149 190 198 200 228 235 ]
108: [ 17 49 51 114 120 155 182 187 219 ]
109: [ 16 52 81 112 ]
110: [ 37 73 74 77 86 104 106 144 177 205 219 223 224 226 240 ]
111: [ 9 12 32 48 72 77 101 105 136 146 149 160 168 171 186 195 200 208 237 ]
112: [ 12 20 22 33 36 48 80 101 103 109 119 140 155 162 196 ]
113: [ 31 38 73 78 101 117 129 149 196 201 230 237 245 ]
114: [ 3 6 18 24 38 54 58 70 108 121 140 158 188 193 207 210 214 218 239 ]
115: [ 15 22 57 63 91 98 122 123 161 201 215 224 232 243 244 ]
116: [ 7 10 45 48 64 79 88 132 149 178 190 210 229 ]
117: [ 113 159 168 172 175 201 208 212 239 240 ]
118: [ 27 42 67 72 86 122 159 160 ]
119: [ 80 99 100 112 131 136 187 204 236 239 241 ]
120: [ 39 47 50 108 130 133 153 154 162 196 198 215 219 222 224 231 ]
121: [ 18 21 29 39 53 58 64 65 66 69 70 74 87 107 114 132 150 174 182 187 201 ]
122: [ 10 16 22 91 101 115 118 127 140 167 171 177 205 243 246 248 250 ]
123: [ 1 14 22 27 31 48 51 62 97 106 115 129 130 147 154 172 206 226 ]
124: [ 27 28 34 45 69 82 102 134 180 181 184 195 203 212 232 234 244 248 ]
125: [ 18 31 67 81 82 84 102 135 138 173 176 186 199 ]
126: [ 29 77 80 147 185 187 189 227 231 ]
127: [ 12 15 122 167 200 217 231 235 245 249 ]
128: [ 11 15 17 52 53 55 83 104 136 163 164 184 185 193 203 205 207 216 238 ]
129: [ 36 82 83 103 113 123 140 169 185 189 200 214 224 ]
130: [ 15 17 19 25 39 47 63 120 123 168 174 182 184 199 207 223 230 231 232 245 ]
131: [ 15 16 24 34 62 77 81 103 119 132 133 135 143 152 163 181 186 195 214 216 225 227 234 ]
132: [ 8 39 48 57 84 116 121 131 144 199 214 ]
133: [ 31 40 56 59 68 87 92 97 120 131 157 203 206 210 217 232 243 250 ]
134: [ 4 13 28 47 54 62 66 73 124 139 149 153 158 193 204 229 233 ]
135: [ 1 26 31 32 34 53 89 125 131 156 157 167 170 174 186 196 201 215 230 ]
136: [ 56 65 78 82 99 111 119 128 158 160 162 182 189 197 212 224 227 247 248 ]
137: [ 1 33 67 71 86 145 153 171 179 187 193 240 241 ]
138: [ 92 107 125 170 177 192 203 205 ]
139: [ 2 13 42 43 46 48 49 60 63 98 134 203 206 250 ]
140: [ 10 11 22 58 66 71 79 93 107 112 114 122 129 141 199 213 222 240 244 ]
141: [ 27 30 38 85 93 140 145 147 166 186 203 205 249 ]
142: [ 13 19 37 59 62 103 172 177 180 183 191 ]
143: [ 40 45 51 63 81 96 97 131 171 203 209 222 ]
144: [ 30 31 63 71 72 82 88 95 106 110 132 151 154 156 174 196 245 ]
145: [ 61 68 86 137 141 162 206 213 ]
146: [ 55 68 71 73 91 111 169 180 188 191 200 228 ]
147: [ 1 10 18 20 25 35 37 63 69 93 123 126 141 166 187 192 213 219 221 234 241 248 ]
148: [ 50 181 209 230 237 ]
149: [ 1 7 19 31 44 96 107 111 113 116 134 155 157 178 186 190 238 241 ]
150: [ 22 44 64 69 72 83 121 159 160 200 201 239 ]
151: [ 9 19 23 33 40 46 51 57 60 144 154 165 168 178 205 209 226 249 ]
152: [ 3 15 35 41 42 49 51 63 68 73 97 103 104 131 190 219 235 ]
153: [ 1 28 46 72 73 74 93 120 134 137 154 162 198 ]
154: [ 11 44 45 120 123 144 151 153 171 225 239 ]
155: [ 1 5 81 98 102 108 112 149 162 206 207 217 241 ]
156: [ 15 33 91 135 144 160 171 193 222 ]
157: [ 3 4 17 21 33 42 87 133 135 149 162 196 ]
158: [ 1 32 37 44 50 89 98 114 134 136 159 165 181 201 219 220 ]
159: [ 16 34 66 72 92 117 118 150 158 171 173 198 216 237 ]
160: [ 7 24 29 60 78 92 102 111 118 136 150 156 162 174 198 201 212 220 221 223 ]
161: [ 1 21 33 36 37 42 49 67 69 93 100 115 163 201 206 216 222 ]
162: [ 51 52 74 82 89 106 112 120 136 145 153 155 157 160 191 202 242 250 ]
163: [ 4 22 54 63 72 94 128 131 161 173 185 201 248 ]
164: [ 49 66 78 89 96 128 181 187 223 229 236 ]
165: [ 4 6 23 58 70 81 85 151 158 185 203 206 ]
166: [ 22 27 51 56 66 78 84 91 141 147 187 219 225 246 ]
167: [ 34 43 44 60 101 122 127 135 188 225 ]
168: [ 31 51 96 111 117 130 151 181 190 200 210 224 238 ]
169: [ 56 66 89 98 129 146 188 195 203 229 234 241 ]
170: [ 16 86 135 138 185 211 212 214 215 235 ]
171: [ 15 19 51 77 104 111 122 137 143 154 156 159 181 193 200 201 211 240 ]
172: [ 16 29 30 44 61 77 117 123 142 181 187 214 215 239 ]
173: [ 8 26 63 93 103 125 159 163 176 193 194 213 220 ]
174: [ 44 69 74 92 121 130 135 144 160 194 197 213 219 243 ]
175: [ 1 28 32 44 117 190 200 ]
176: [ 18 28 50 51 69 85 91 125 173 184 200 219 236 ]
177: [ 39 47 66 67 73 86 103 104 110 122 138 142 178 188 193 202 ]
178: [ 1 25 84 90 116 149 151 177 212 220 242 249 ]
179: [ 28 29 52 81 103 137 187 206 ]
180: [ 10 17 23 47 60 61 63 82 90 124 142 146 185 ]
181: [ 15 27 40 63 68 72 77 124 131 148 158 164 168 171 172 195 ]
182: [ 4 11 15 27 101 103 108 121 130 136 190 199 222 229 237 ]
183: [ 40 57 65 100 142 184 217 223 ]
184: [ 2 12 13 32 39 50 54 73 93 124 128 130 176 183 191 193 210 223 235 ]
185: [ 9 10 15 25 43 45 46 49 51 69 71 90 126 128 129 163 165 170 180 204 215 ]
186: [ 18 23 34 45 64 76 82 111 125 131 135 141 149 190 192 220 235 239 ]
187: [ 3 5 10 18 40 41 50 100 108 119 121 126 137 147 164 166 172 179 196 211 229 243 244 ]
188: [ 19 105 114 146 167 169 177 199 220 ]
189: [ 63 69 89 97 126 129 136 200 209 213 216 221 225 ]
190: [ 4 7 16 27 62 72 73 87 93 107 116 149 152 168 175 182 186 191 215 235 245 ]
191: [ 8 24 28 29 35 38 45 72 96 104 142 146 162 184 190 202 228 ]
192: [ 16 23 40 41 46 53 88 89 91 138 147 186 204 ]
193: [ 1 10 26 61 89 99 103 114 128 134 137 156 171 173 177 184 210 211 219 231 234 241 ]
194: [ 44 173 174 233 ]
195: [ 13 15 50 51 53 64 81 82 83 96 100 104 111 124 131 169 181 212 215 235 243 ]
196: [ 17 31 36 39 72 77 82 89 98 112 113 120 135 144 157 187 204 225 235 242 ]
197: [ 8 13 20 33 48 61 73 136 174 215 224 233 ]
198: [ 3 17 28 32 66 78 107 120 153 159 160 239 ]
199: [ 16 28 50 59 73 98 125 130 132 140 182 188 203 244 ]
200: [ 32 55 56 61 86 103 107 111 127 129 146 150 168 171 175 176 189 202 229 230 246 ]
201: [ 8 17 47 61 81 92 104 113 115 117 121 135 150 158 160 161 163 171 202 213 239 241 ]
202: [ 8 19 24 69 73 79 84 98 102 162 177 191 200 201 209 228 230 238 247 248 ]
203: [ 5 15 35 39 92 105 124 128 133 138 139 141 143 165 169 199 222 226 241 249 ]
204: [ 1 2 19 22 32 33 97 100 119 134 185 192 196 239 240 ]
205: [ 25 34 45 51 75 110 122 128 138 141 151 232 ]
206: [ 19 37 39 46 49 58 63 69 73 75 80 100 123 133 139 145 155 161 165 179 218 228 236 239 248 ]
207: [ 65 94 114 128 130 155 235 248 ]
208: [ 29 54 79 83 104 111 117 216 ]
209: [ 8 18 48 105 143 148 151 189 202 ]
210: [ 1 34 38 43 97 114 116 133 168 184 193 232 ]
211: [ 3 10 32 37 40 46 58 61 80 83 85 86 101 170 171 187 193 226 239 ]
212: [ 6 25 59 79 86 92 102 103 105 117 124 136 160 170 178 195 216 248 ]
213: [ 140 145 147 173 174 189 201 214 240 245 ]
214: [ 14 96 114 129 131 132 170 172 213 223 225 230 232 235 241 ]
215: [ 2 3 18 22 25 40 49 83 84 86 98 115 120 135 170 172 185 190 195 197 237 238 250 ]
216: [ 36 48 88 100 128 131 159 161 189 208 212 ]
217: [ 11 22 27 127 133 155 183 240 ]
218: [ 10 32 48 77 114 206 248 ]
219: [ 3 15 18 37 65 66 92 94 108 110 120 147 152 158 166 174 176 193 220 240 ]
220: [ 45 49 75 77 83 95 101 158 160 173 178 186 188 219 ]
221: [ 3 14 18 62 92 103 147 160 189 243 ]
222: [ 6 9 25 45 46 49 62 72 80 81 92 94 120 140 143 156 161 182 203 231 ]
223: [ 10 37 78 110 130 160 164 183 184 214 250 ]
224: [ 3 50 103 110 115 120 129 136 168 197 ]
225: [ 17 32 47 55 69 100 131 154 166 167 189 196 214 ]
226: [ 7 47 67 88 91 93 94 110 123 151 203 211 233 242 ]
227: [ 10 11 34 67 94 126 131 136 236 ]
228: [ 1 9 18 20 50 64 67 81 86 107 146 191 202 206 238 ]
229: [ 6 12 61 66 79 82 84 88 100 116 134 164 169 182 187 200 ]
230: [ 61 90 92 93 94 113 130 135 148 200 202 214 248 ]
231: [ 31 91 120 126 127 130 193 222 239 ]
232: [ 17 32 81 93 97 115 124 130 133 205 210 214 248 249 ]
233: [ 73 134 194 197 226 ]
234: [ 2 3 16 62 106 124 131 147 169 193 ]
235: [ 2 11 33 36 56 97 107 127 152 170 184 186 190 195 196 207 214 238 241 242 ]
236: [ 3 8 16 28 40 41 47 61 67 68 83 119 164 176 206 227 242 ]
237: [ 27 45 47 53 59 96 101 111 113 148 159 182 215 ]
238: [ 22 52 128 149 168 202 215 228 235 ]
239: [ 10 14 19 32 39 94 98 114 117 119 150 154 172 186 198 201 204 206 211 231 250 ]
240: [ 21 37 46 53 72 110 117 137 140 171 204 213 217 219 241 ]
241: [ 15 37 41 48 49 51 60 81 89 90 95 103 119 137 147 149 155 169 193 201 203 214 235 240 ]
242: [ 38 68 86 96 104 162 178 196 226 235 236 ]
243: [ 7 38 47 59 79 89 96 115 122 133 174 187 195 221 247 ]
244: [ 24 79 81 115 124 140 187 199 ]
245: [ 12 24 54 76 79 89 113 127 130 144 190 213 249 ]
246: [ 15 89 122 166 200 248 ]
247: [ 46 73 136 202 243 ]
248: [ 16 33 39 44 48 69 72 81 103 122 124 136 147 163 202 206 207 212 218 230 232 246 ]
249: [ 5 8 13 18 43 64 72 73 85 94 106 127 141 151 178 203 232 245 ]
250: [ 24 25 44 46 61 74 85 89 95 122 133 139 162 215 223 239 ]
