1: [ 3 6 23 46 77 80 85 101 108 112 126 130 131 141 146 151 152 165 195 222 ]
2: [ 27 32 57 60 62 69 73 76 82 100 104 106 121 147 166 222 241 ]
3: [ 1 30 42 56 59 66 69 70 88 102 119 163 166 168 175 177 189 200 205 208 211 214 ]
4: [ 27 55 68 83 97 109 115 133 139 158 159 161 166 169 170 179 204 213 217 219 235 237 248 ]
5: [ 10 29 42 68 95 104 122 139 143 152 164 170 175 181 186 193 202 246 ]
6: [ 1 73 74 126 129 135 152 195 196 201 248 ]
7: [ 19 42 57 67 87 179 204 213 234 ]
8: [ 13 76 96 101 129 134 137 144 181 188 195 216 221 ]
9: [ 32 62 67 80 84 99 105 111 166 211 219 225 233 236 ]
10: [ 5 33 36 48 96 113 132 168 194 200 239 246 ]
11: [ 17 37 47 60 71 73 76 79 107 181 208 236 ]
12: [ 42 117 151 166 167 175 211 244 ]
13: [ 8 17 19 26 27 32 46 57 81 83 109 114 156 159 183 185 188 195 208 209 215 219 223 246 ]
14: [ 42 86 103 129 139 155 178 210 215 247 ]
15: [ 24 40 75 83 96 137 ]
16: [ 63 89 95 111 115 143 161 189 214 ]
17: [ 11 13 20 34 88 97 132 156 157 171 185 194 236 247 249 ]
18: [ 23 36 40 61 75 90 93 113 122 128 132 146 162 195 211 212 227 244 ]
19: [ 7 13 20 30 57 82 86 90 91 97 113 120 128 153 167 207 242 ]
20: [ 17 19 49 63 85 102 130 131 137 150 186 195 196 197 202 215 216 227 231 238 ]
21: [ 22 26 69 82 105 106 112 115 141 161 170 189 197 224 236 239 ]
22: [ 21 23 30 40 50 59 61 87 97 102 112 115 116 137 144 166 171 193 201 207 211 216 235 ]
23: [ 1 18 22 24 31 32 35 47 51 54 60 63 80 95 98 99 104 120 152 159 209 225 ]
24: [ 15 23 25 31 44 47 57 60 69 79 80 81 82 83 90 142 149 152 161 169 189 190 211 223 231 ]
25: [ 24 61 67 118 119 120 127 135 155 156 171 175 178 210 230 235 ]
26: [ 13 21 31 60 87 99 102 105 134 156 173 198 201 209 221 222 ]
27: [ 2 4 13 35 39 61 72 78 79 80 103 113 130 165 190 222 229 231 240 ]
28: [ 31 33 42 45 61 73 95 96 99 104 109 124 129 148 170 209 221 224 248 ]
29: [ 5 52 71 81 129 133 232 237 ]
30: [ 3 19 22 33 36 40 46 51 54 64 75 89 123 125 137 193 214 219 227 235 249 ]
31: [ 23 24 26 28 36 39 40 43 54 57 90 112 150 159 172 173 179 186 196 202 241 243 245 ]
32: [ 2 9 13 23 61 78 100 151 168 170 174 183 202 209 213 225 ]
33: [ 10 28 30 35 59 74 129 230 232 249 ]
34: [ 17 35 47 84 106 109 121 134 139 142 144 145 148 155 160 166 170 189 190 199 234 236 ]
35: [ 23 27 33 34 40 48 52 64 66 80 97 102 117 119 149 150 166 172 198 218 221 246 ]
36: [ 10 18 30 31 46 88 106 122 144 182 210 216 ]
37: [ 11 75 110 139 149 155 156 194 242 246 ]
38: [ 82 90 142 166 173 185 215 228 244 ]
39: [ 27 31 50 53 55 76 78 98 102 114 127 131 170 171 176 177 189 206 213 ]
40: [ 15 18 22 30 31 35 51 55 100 109 112 143 157 161 162 227 231 240 242 248 250 ]
41: [ 101 105 226 ]
42: [ 3 5 7 12 14 28 81 88 90 93 107 126 145 156 157 168 176 215 223 233 240 ]
43: [ 31 49 55 77 79 82 87 114 139 144 150 152 159 166 178 196 213 244 ]
44: [ 24 65 72 73 92 119 132 151 152 163 201 214 218 235 250 ]
45: [ 28 73 87 149 155 214 ]
46: [ 1 13 30 36 53 55 81 82 129 133 144 149 156 174 175 183 185 201 213 216 226 230 235 ]
47: [ 11 23 24 34 52 60 64 87 109 115 122 140 149 158 179 187 205 219 225 239 ]
48: [ 10 35 66 94 104 119 146 158 171 175 199 209 217 240 242 ]
49: [ 20 43 59 76 94 97 143 147 151 175 182 185 210 219 243 ]
50: [ 22 39 87 103 156 159 163 183 219 248 ]
51: [ 23 30 40 55 62 228 229 244 ]
52: [ 29 35 47 67 70 73 94 103 128 139 148 163 171 172 195 209 216 249 ]
53: [ 39 46 56 88 127 155 191 192 221 233 234 236 237 241 244 ]
54: [ 23 30 31 129 144 148 167 170 203 ]
55: [ 4 39 40 43 46 51 59 61 75 83 130 138 150 156 175 227 ]
56: [ 3 53 60 61 67 96 111 145 174 193 206 213 247 ]
57: [ 2 7 13 19 24 31 61 68 74 89 100 157 168 176 198 231 247 ]
58: [ 61 95 129 148 178 188 215 246 ]
59: [ 3 22 33 49 55 93 139 151 163 187 196 217 ]
60: [ 2 11 23 24 26 47 56 64 93 95 104 117 137 166 177 180 189 191 203 220 239 ]
61: [ 18 22 25 27 28 32 55 56 57 58 69 86 99 108 120 129 142 168 193 194 204 206 ]
62: [ 2 9 51 83 106 117 122 140 150 169 172 183 198 ]
63: [ 16 20 23 69 71 137 159 181 208 ]
64: [ 30 35 47 60 133 178 180 216 235 ]
65: [ 44 89 94 107 126 218 ]
66: [ 3 35 48 84 93 96 112 133 139 151 175 201 235 239 250 ]
67: [ 7 9 25 52 56 79 87 88 105 138 139 160 164 169 172 185 193 200 208 227 232 249 ]
68: [ 4 5 57 89 109 155 167 203 214 215 223 238 ]
69: [ 2 3 21 24 61 63 94 154 197 203 214 236 ]
70: [ 3 52 100 106 133 141 177 182 207 213 221 227 243 250 ]
71: [ 11 29 63 72 80 81 82 116 133 144 169 170 171 180 185 190 191 199 204 230 247 248 ]
72: [ 27 44 71 101 117 129 156 161 175 214 ]
73: [ 2 6 11 28 44 45 52 82 98 132 140 141 145 149 158 164 182 207 208 221 248 249 ]
74: [ 6 33 57 93 106 148 154 162 184 188 235 248 ]
75: [ 15 18 30 37 55 82 87 97 101 123 163 206 212 218 235 ]
76: [ 2 8 11 39 49 88 103 142 143 171 177 200 202 212 215 227 232 242 ]
77: [ 1 43 96 114 136 164 193 223 224 225 244 ]
78: [ 27 32 39 97 105 109 111 117 126 137 152 155 172 174 190 197 198 201 216 231 247 ]
79: [ 11 24 27 43 67 82 89 93 94 110 192 208 240 ]
80: [ 1 9 23 24 27 35 71 87 105 107 118 149 160 163 211 212 219 228 231 241 247 ]
81: [ 13 24 29 42 46 71 87 91 94 143 150 151 181 186 194 216 218 240 ]
82: [ 2 19 21 24 38 43 46 71 73 75 79 86 100 108 117 142 153 169 178 183 211 239 ]
83: [ 4 13 15 24 55 62 91 94 115 151 152 195 203 223 227 ]
84: [ 9 34 66 168 178 190 193 203 216 242 245 250 ]
85: [ 1 20 99 107 232 ]
86: [ 14 19 61 82 158 161 198 210 215 217 ]
87: [ 7 22 26 43 45 47 50 67 75 80 81 92 94 99 120 139 144 146 165 210 213 233 240 ]
88: [ 3 17 36 42 53 67 76 93 94 115 146 173 184 186 190 212 217 ]
89: [ 16 30 57 65 68 79 92 140 149 152 183 221 224 227 246 ]
90: [ 18 19 24 31 38 42 105 111 130 184 194 207 211 217 240 247 ]
91: [ 19 81 83 246 ]
92: [ 44 87 89 142 151 163 164 215 239 ]
93: [ 18 42 59 60 66 74 79 88 152 160 179 185 208 ]
94: [ 48 49 52 65 69 79 81 83 87 88 216 230 244 ]
95: [ 5 16 23 28 58 60 105 128 129 165 166 169 183 198 216 218 219 223 238 249 250 ]
96: [ 8 10 15 28 56 66 77 115 141 170 200 230 ]
97: [ 4 17 19 22 35 49 75 78 109 126 131 140 146 186 191 203 207 221 245 ]
98: [ 23 39 73 112 118 138 151 163 188 196 203 207 213 215 229 230 245 ]
99: [ 9 23 26 28 61 85 87 103 109 167 169 198 204 209 ]
100: [ 2 32 40 57 70 82 120 181 213 215 224 241 ]
101: [ 1 8 41 72 75 161 185 195 209 212 ]
102: [ 3 20 22 26 35 39 108 115 118 141 192 200 211 221 229 236 247 ]
103: [ 14 27 50 52 76 99 120 194 195 222 233 234 ]
104: [ 2 5 23 28 48 60 113 120 128 149 167 168 221 ]
105: [ 9 21 26 41 67 78 80 90 95 166 219 ]
106: [ 2 21 34 36 62 70 74 107 110 111 113 126 130 132 167 185 201 206 221 227 240 ]
107: [ 11 42 65 80 85 106 113 165 230 ]
108: [ 1 61 82 102 117 176 ]
109: [ 4 13 28 34 40 47 68 78 97 99 110 121 124 126 130 144 160 165 207 217 237 250 ]
110: [ 37 79 106 109 119 147 148 ]
111: [ 9 16 56 78 90 106 149 178 189 197 208 224 ]
112: [ 1 21 22 31 40 66 98 113 124 132 133 152 163 171 183 197 209 231 ]
113: [ 10 18 19 27 104 106 107 112 125 126 132 135 142 157 172 217 ]
114: [ 13 39 43 77 149 187 216 217 ]
115: [ 4 16 21 22 47 83 88 96 102 124 132 135 151 166 172 186 194 213 231 ]
116: [ 22 71 202 205 241 ]
117: [ 12 35 60 62 72 78 82 108 120 127 168 198 202 203 221 248 ]
118: [ 25 80 98 102 131 133 137 139 149 178 208 216 ]
119: [ 3 25 35 44 48 110 128 138 152 163 168 186 203 210 214 ]
120: [ 19 23 25 61 87 100 103 104 117 136 148 160 172 173 189 207 225 ]
121: [ 2 34 109 174 185 204 227 240 241 245 ]
122: [ 5 18 36 47 62 149 176 186 211 222 224 ]
123: [ 30 75 153 164 188 218 237 ]
124: [ 28 109 112 115 166 201 217 ]
125: [ 30 113 234 236 246 ]
126: [ 1 6 42 65 78 97 106 109 113 129 134 142 148 174 181 187 204 218 221 234 239 240 246 ]
127: [ 25 39 53 117 153 163 222 ]
128: [ 18 19 52 95 104 119 146 221 238 ]
129: [ 6 8 14 28 29 33 46 54 58 61 72 95 126 132 144 169 175 201 205 214 236 ]
130: [ 1 20 27 55 90 106 109 132 170 197 203 248 ]
131: [ 1 20 39 97 118 161 166 169 180 216 221 237 ]
132: [ 10 17 18 44 73 106 112 113 115 129 130 134 141 161 197 200 201 241 ]
133: [ 4 29 46 64 66 70 71 112 118 165 194 214 225 ]
134: [ 8 26 34 126 132 159 178 200 210 226 243 246 ]
135: [ 6 25 113 115 137 168 174 203 205 222 ]
136: [ 77 120 180 186 195 212 214 217 219 246 ]
137: [ 8 15 20 22 30 60 63 78 118 135 142 148 155 164 184 185 196 198 211 248 ]
138: [ 55 67 98 119 208 ]
139: [ 4 5 14 34 37 43 52 59 66 67 87 118 182 196 213 215 238 244 ]
140: [ 47 62 73 89 97 149 151 153 159 161 171 181 184 187 189 200 203 214 215 240 ]
141: [ 1 21 70 73 96 102 132 167 172 195 200 203 206 207 221 230 ]
142: [ 24 34 38 61 76 82 92 113 126 137 149 152 160 187 228 232 234 235 ]
143: [ 5 16 40 49 76 81 145 165 166 168 175 189 191 193 227 234 238 244 246 ]
144: [ 8 22 34 36 43 46 54 71 87 109 129 152 155 157 166 168 173 174 194 199 218 225 243 ]
145: [ 34 42 56 73 143 186 189 ]
146: [ 1 18 48 87 88 97 128 173 198 203 215 225 231 241 244 245 250 ]
147: [ 2 49 110 153 165 174 242 ]
148: [ 28 34 52 54 58 74 110 120 126 137 173 197 214 217 234 ]
149: [ 24 35 37 45 46 47 73 80 89 104 111 114 118 122 140 142 159 162 165 169 175 195 214 239 ]
150: [ 20 31 35 43 55 62 81 152 161 181 200 235 249 ]
151: [ 1 12 32 44 49 59 66 81 83 92 98 115 140 184 197 198 232 ]
152: [ 1 5 6 23 24 43 44 78 83 89 93 112 119 142 144 150 155 159 185 220 227 248 ]
153: [ 19 82 123 127 140 147 234 ]
154: [ 69 74 190 204 219 ]
155: [ 14 25 34 37 45 53 68 78 137 144 152 159 169 195 196 197 203 218 229 239 241 ]
156: [ 13 17 25 26 37 42 46 50 55 72 178 204 217 219 239 ]
157: [ 17 40 42 57 113 144 161 173 198 200 205 222 224 ]
158: [ 4 47 48 73 86 214 217 248 ]
159: [ 4 13 23 31 43 50 63 134 140 149 152 155 172 173 202 221 223 246 ]
160: [ 34 67 80 93 109 120 142 183 213 245 ]
161: [ 4 16 21 24 40 72 86 101 131 132 140 150 157 164 180 182 209 226 236 ]
162: [ 18 40 74 149 193 207 ]
163: [ 3 44 50 52 59 75 80 92 98 112 119 127 170 186 228 ]
164: [ 5 67 73 77 92 123 137 161 189 193 199 223 238 ]
165: [ 1 27 87 95 107 109 133 143 147 149 170 196 204 217 239 ]
166: [ 2 3 4 9 12 22 34 35 38 43 60 95 105 115 124 131 143 144 177 180 181 218 ]
167: [ 12 19 54 68 99 104 106 141 182 202 ]
168: [ 3 10 32 42 57 61 84 104 117 119 135 143 144 179 206 234 236 242 ]
169: [ 4 24 62 67 71 82 95 99 129 131 149 155 226 227 ]
170: [ 4 5 21 28 32 34 39 54 71 96 130 163 165 181 193 195 207 214 216 227 241 249 ]
171: [ 17 22 25 39 48 52 71 76 112 140 174 195 203 211 220 ]
172: [ 31 35 52 62 67 78 113 115 120 141 159 205 218 236 ]
173: [ 26 31 38 88 120 144 146 148 157 159 178 208 234 ]
174: [ 32 46 56 78 121 126 135 144 147 171 183 235 243 ]
175: [ 3 5 12 25 46 48 49 55 66 72 129 143 149 190 217 219 232 ]
176: [ 39 42 57 108 122 185 187 208 ]
177: [ 3 39 60 70 76 166 212 ]
178: [ 14 25 43 58 64 82 84 111 118 134 156 173 184 188 204 205 220 236 ]
179: [ 4 7 31 47 93 168 181 187 218 249 ]
180: [ 60 64 71 131 136 161 166 195 243 ]
181: [ 5 8 11 63 81 100 126 140 150 166 170 179 228 238 240 249 ]
182: [ 36 49 70 73 139 161 167 ]
183: [ 13 32 46 50 62 82 89 95 112 160 174 193 240 246 250 ]
184: [ 74 88 90 137 140 151 178 211 215 234 241 ]
185: [ 13 17 38 46 49 67 71 93 101 106 121 137 152 176 192 204 210 217 234 ]
186: [ 5 20 31 81 88 97 115 119 122 136 145 163 210 215 235 236 ]
187: [ 47 59 114 126 140 142 176 179 195 221 249 ]
188: [ 8 13 58 74 98 123 178 214 240 243 ]
189: [ 3 16 21 24 34 39 60 111 120 140 143 145 164 191 232 247 ]
190: [ 24 27 34 71 78 84 88 154 175 ]
191: [ 53 60 71 97 143 189 236 242 ]
192: [ 53 79 102 185 222 ]
193: [ 5 22 30 56 61 67 77 84 143 162 164 170 183 200 201 208 215 228 232 ]
194: [ 10 17 37 61 81 90 103 115 133 144 227 ]
195: [ 1 6 8 13 18 20 52 83 101 103 136 141 149 155 170 171 180 187 214 221 ]
196: [ 6 20 31 43 59 98 137 139 155 165 208 217 223 242 ]
197: [ 20 21 69 78 111 112 130 132 148 151 155 232 236 ]
198: [ 26 35 57 62 78 86 95 99 117 137 146 151 157 208 210 219 228 236 237 249 ]
199: [ 34 48 71 144 164 ]
200: [ 3 10 67 76 96 102 132 134 140 141 150 157 193 219 225 234 250 ]
201: [ 6 22 26 44 46 66 78 106 124 129 132 193 214 226 227 234 241 ]
202: [ 5 20 31 32 76 116 117 159 167 235 ]
203: [ 54 60 68 69 83 84 97 98 117 119 130 135 140 141 146 155 171 212 223 232 ]
204: [ 4 7 61 71 99 121 126 154 156 165 178 185 213 219 241 ]
205: [ 3 47 116 129 135 157 172 178 206 ]
206: [ 39 56 61 75 106 141 168 205 215 232 ]
207: [ 19 22 70 73 90 97 98 109 120 141 162 170 217 242 ]
208: [ 3 11 13 63 67 73 79 93 111 118 138 173 176 193 196 198 214 238 246 ]
209: [ 13 23 26 28 32 48 52 99 101 112 161 232 236 244 ]
210: [ 14 25 36 49 86 87 119 134 185 186 198 238 242 ]
211: [ 3 9 12 18 22 24 80 82 90 102 122 137 171 184 213 ]
212: [ 18 75 76 80 88 101 136 177 203 216 223 ]
213: [ 4 7 32 39 43 46 56 70 87 98 100 115 139 160 204 211 234 ]
214: [ 3 16 30 44 45 68 69 72 119 129 133 136 140 148 149 158 170 188 195 201 208 225 234 246 ]
215: [ 13 14 20 38 42 58 68 76 86 92 98 100 139 140 146 184 186 193 206 224 ]
216: [ 8 20 22 36 46 52 64 78 81 84 94 95 114 118 131 170 212 232 244 246 ]
217: [ 4 48 59 86 88 90 109 113 114 124 136 148 156 158 165 175 185 196 207 221 250 ]
218: [ 35 44 65 75 81 95 123 126 144 155 166 172 179 226 244 ]
219: [ 4 9 13 30 47 49 50 80 95 105 136 154 156 175 198 200 204 ]
220: [ 60 152 171 178 226 ]
221: [ 8 26 28 35 53 70 73 89 97 102 104 106 117 126 128 131 141 159 187 195 217 243 ]
222: [ 1 2 26 27 103 122 127 135 157 192 235 ]
223: [ 13 24 42 68 77 83 95 159 164 196 203 212 239 ]
224: [ 21 28 77 89 100 111 122 157 215 ]
225: [ 9 23 32 47 77 120 133 144 146 200 214 ]
226: [ 41 46 134 161 169 201 218 220 235 237 249 ]
227: [ 18 20 30 40 55 67 70 76 83 89 106 121 143 152 169 170 194 201 246 249 ]
228: [ 38 51 80 142 163 181 193 198 ]
229: [ 27 51 98 102 155 ]
230: [ 25 33 46 71 94 96 98 107 141 231 243 ]
231: [ 20 24 27 40 57 78 80 112 115 146 230 233 ]
232: [ 29 33 67 76 85 142 151 175 189 193 197 203 206 209 216 235 ]
233: [ 9 42 53 87 103 231 246 ]
234: [ 7 34 53 103 125 126 142 143 148 153 168 173 184 185 200 201 213 214 240 ]
235: [ 4 22 25 30 44 46 64 66 74 75 142 150 174 186 202 222 226 232 ]
236: [ 9 11 17 21 34 53 69 102 125 129 161 168 172 178 186 191 197 198 209 ]
237: [ 4 29 53 109 123 131 198 226 ]
238: [ 20 68 95 128 139 143 164 181 208 210 ]
239: [ 10 21 47 60 66 82 92 126 149 155 156 165 223 ]
240: [ 27 40 42 48 79 81 87 90 106 121 126 140 181 183 188 234 246 ]
241: [ 2 31 53 80 100 116 121 132 146 155 170 184 201 204 249 ]
242: [ 19 37 40 48 76 84 147 168 191 196 207 210 ]
243: [ 31 49 70 134 144 174 180 188 221 230 ]
244: [ 12 18 38 43 51 53 77 94 139 143 146 209 216 218 ]
245: [ 31 84 97 98 121 146 160 ]
246: [ 5 10 13 35 37 58 89 91 125 126 134 136 143 159 183 208 214 216 227 233 240 ]
247: [ 14 17 56 57 71 78 80 90 102 189 ]
248: [ 4 6 28 40 50 71 73 74 117 130 137 152 158 249 ]
249: [ 17 30 33 52 67 73 95 150 170 179 181 187 198 226 227 241 248 ]
250: [ 40 44 66 70 84 95 109 146 183 200 217 ]
