1: [ 27 58 95 112 147 203 225 ]
2: [ 104 109 153 183 204 ]
3: [ 19 27 41 65 86 91 117 120 128 150 157 163 197 212 217 237 244 ]
4: [ 29 56 62 77 85 86 106 114 145 157 173 175 198 225 236 244 ]
5: [ 25 52 63 64 70 103 115 121 131 133 168 172 181 182 192 200 202 209 226 239 244 246 ]
6: [ 35 44 54 80 92 108 155 156 197 207 245 ]
7: [ 25 27 37 100 134 145 155 169 174 197 221 222 227 243 ]
8: [ 9 14 44 83 130 133 146 149 156 166 172 184 191 213 215 ]
9: [ 8 14 33 79 95 118 119 148 167 194 217 ]
10: [ 12 55 61 66 88 184 211 231 ]
11: [ 18 37 42 45 65 72 95 121 123 147 157 171 190 224 225 235 239 246 ]
12: [ 10 18 82 88 90 94 109 118 125 176 181 199 207 231 237 240 ]
13: [ 53 66 69 74 85 94 100 132 148 152 190 204 ]
14: [ 8 9 48 66 95 96 102 111 184 190 204 213 227 231 237 247 248 250 ]
15: [ 31 34 37 51 53 114 172 213 235 ]
16: [ 18 35 74 79 82 100 111 121 123 131 149 163 166 181 193 194 228 ]
17: [ 20 40 48 50 51 77 95 144 153 172 182 207 221 233 237 ]
18: [ 11 12 16 27 82 88 93 133 137 153 198 220 225 238 ]
19: [ 3 30 69 70 77 86 98 108 132 142 143 167 170 182 183 200 213 224 225 226 229 230 239 ]
20: [ 17 27 66 68 69 84 85 112 131 150 172 175 233 ]
21: [ 40 43 93 193 ]
22: [ 60 74 75 78 141 197 222 ]
23: [ 115 125 131 133 136 138 141 194 244 ]
24: [ 47 60 89 180 197 201 246 ]
25: [ 5 7 35 39 40 51 64 82 100 109 110 115 119 139 145 155 161 170 171 174 215 236 247 ]
26: [ 39 62 74 76 79 84 120 171 173 176 193 200 201 ]
27: [ 1 3 7 18 20 40 42 65 74 84 100 111 114 126 148 158 172 179 199 204 ]
28: [ 34 83 125 132 157 163 189 227 242 ]
29: [ 4 61 63 75 98 100 139 140 145 157 179 199 205 218 225 ]
30: [ 19 38 69 86 89 111 112 116 127 138 149 176 187 199 208 213 240 ]
31: [ 15 34 51 63 104 110 118 129 131 137 145 166 179 190 197 210 230 239 ]
32: [ 82 92 112 127 140 146 158 161 196 201 213 246 247 ]
33: [ 9 68 85 94 117 191 215 ]
34: [ 15 28 31 91 99 103 124 125 136 139 152 166 175 184 193 198 ]
35: [ 6 16 25 49 79 97 99 131 158 162 189 190 193 237 241 ]
36: [ 41 43 64 71 102 112 127 128 137 139 169 176 188 217 228 240 ]
37: [ 7 11 15 51 76 117 130 143 146 167 184 186 214 221 ]
38: [ 30 41 65 116 134 141 240 ]
39: [ 25 26 48 53 118 145 154 171 172 178 182 189 210 212 214 237 238 ]
40: [ 17 21 25 27 46 67 95 116 118 125 127 131 138 187 206 214 219 222 232 ]
41: [ 3 36 38 47 54 57 82 83 107 125 126 128 144 154 155 156 166 167 174 191 196 201 215 227 229 247 ]
42: [ 11 27 60 85 102 123 125 175 193 194 196 215 220 234 235 ]
43: [ 21 36 46 58 95 100 112 128 145 150 165 190 198 205 247 ]
44: [ 6 8 47 56 101 119 126 143 155 163 175 199 213 220 243 ]
45: [ 11 51 61 78 88 113 147 180 216 223 ]
46: [ 40 43 79 172 189 219 232 ]
47: [ 24 41 44 58 69 72 139 142 175 191 193 211 245 247 ]
48: [ 14 17 39 63 99 114 121 125 140 144 180 199 241 ]
49: [ 35 58 64 104 144 166 196 227 232 ]
50: [ 17 57 100 153 180 189 ]
51: [ 15 17 25 31 37 45 58 69 99 134 137 145 166 179 194 210 217 231 232 244 ]
52: [ 5 53 60 66 70 104 172 173 232 234 250 ]
53: [ 13 15 39 52 68 99 131 134 180 187 229 ]
54: [ 6 41 65 99 114 136 214 215 220 221 223 231 248 ]
55: [ 10 103 105 106 120 143 193 225 237 238 ]
56: [ 4 44 59 71 76 77 97 124 154 185 189 198 208 247 ]
57: [ 41 50 62 69 76 78 88 95 106 137 138 151 172 205 246 ]
58: [ 1 43 47 49 51 81 171 172 181 195 222 224 227 233 237 245 ]
59: [ 56 125 127 132 178 230 247 ]
60: [ 22 24 42 52 65 88 103 115 120 121 125 139 146 147 150 157 176 180 191 213 218 228 235 ]
61: [ 10 29 45 83 84 85 89 98 101 113 138 152 193 197 201 205 207 212 224 237 250 ]
62: [ 4 26 57 180 237 ]
63: [ 5 29 31 48 77 83 147 154 174 180 188 198 230 ]
64: [ 5 25 36 49 74 77 82 113 155 213 242 ]
65: [ 3 11 27 38 54 60 73 95 102 118 126 137 139 157 175 181 184 220 ]
66: [ 10 13 14 20 52 67 89 119 126 128 131 138 170 205 ]
67: [ 40 66 69 87 112 147 173 176 180 204 212 249 ]
68: [ 20 33 53 89 94 116 133 141 152 166 180 191 209 212 231 248 250 ]
69: [ 13 19 20 30 47 51 57 67 83 87 97 119 144 162 164 166 197 222 ]
70: [ 5 19 52 88 113 147 152 160 175 ]
71: [ 36 56 76 122 124 210 247 ]
72: [ 11 47 87 126 180 191 201 219 ]
73: [ 65 93 177 195 207 235 ]
74: [ 13 16 22 26 27 64 85 92 108 113 127 128 152 161 210 212 221 232 ]
75: [ 22 29 84 89 102 123 126 134 136 142 147 153 160 165 178 181 197 199 202 230 243 ]
76: [ 26 37 56 57 71 108 131 207 214 238 246 ]
77: [ 4 17 19 56 63 64 93 101 104 124 126 128 130 165 166 167 192 212 222 236 246 ]
78: [ 22 45 57 79 92 94 133 143 159 165 170 186 193 200 216 ]
79: [ 9 16 26 35 46 78 94 100 101 111 113 147 148 152 179 181 185 188 192 207 225 234 246 ]
80: [ 6 105 126 127 236 ]
81: [ 58 90 123 125 170 205 224 ]
82: [ 12 16 18 25 32 41 64 93 125 141 190 200 209 217 218 226 250 ]
83: [ 8 28 41 61 63 69 84 94 141 173 174 177 187 232 235 ]
84: [ 20 26 27 61 75 83 135 138 145 149 171 173 218 229 ]
85: [ 4 13 20 33 42 61 74 98 116 119 133 138 183 194 214 224 230 249 ]
86: [ 3 4 19 30 159 172 175 199 ]
87: [ 67 69 72 134 145 185 192 201 250 ]
88: [ 10 12 18 45 57 60 70 98 128 129 144 153 196 205 207 216 233 ]
89: [ 24 30 61 66 68 75 91 108 122 138 157 168 187 198 247 ]
90: [ 12 81 99 101 112 114 126 127 130 174 183 215 221 224 226 232 245 246 ]
91: [ 3 34 89 107 113 136 143 154 157 161 164 165 190 192 209 225 226 231 244 ]
92: [ 6 32 74 78 108 116 127 156 163 166 175 191 215 218 222 237 ]
93: [ 18 21 73 77 82 101 104 109 113 143 152 181 187 189 223 ]
94: [ 12 13 33 68 78 79 83 101 111 147 165 169 211 222 ]
95: [ 1 9 11 14 17 40 43 57 65 100 112 172 248 ]
96: [ 14 101 125 187 ]
97: [ 35 56 69 169 189 212 222 ]
98: [ 19 29 61 85 88 101 202 203 249 ]
99: [ 34 35 48 51 53 54 90 225 ]
100: [ 7 13 16 25 27 29 43 50 79 95 101 119 127 135 167 171 175 193 220 241 250 ]
101: [ 44 61 77 79 90 93 94 96 98 100 108 119 126 128 147 151 152 180 189 192 200 223 ]
102: [ 14 36 42 65 75 106 113 137 148 157 162 166 169 181 190 193 202 219 235 240 ]
103: [ 5 34 55 60 112 126 174 177 191 205 ]
104: [ 2 31 49 52 77 93 108 123 138 204 230 245 ]
105: [ 55 80 138 216 222 235 ]
106: [ 4 55 57 102 113 121 167 184 187 195 196 207 215 221 229 231 237 ]
107: [ 41 91 114 121 149 174 179 248 ]
108: [ 6 19 74 76 89 92 101 104 115 132 175 212 241 ]
109: [ 2 12 25 93 119 160 162 169 200 207 226 ]
110: [ 25 31 111 113 118 130 175 193 201 ]
111: [ 14 16 27 30 79 94 110 153 157 176 178 213 230 242 244 250 ]
112: [ 1 20 30 32 36 43 67 90 95 103 125 132 136 148 167 197 200 203 215 232 237 238 242 246 ]
113: [ 45 61 64 70 74 79 91 93 102 106 110 147 167 189 191 218 233 237 ]
114: [ 4 15 27 48 54 90 107 169 187 189 200 207 ]
115: [ 5 23 25 60 108 120 135 138 139 146 159 183 187 197 218 221 222 223 226 228 250 ]
116: [ 30 38 40 68 85 92 148 149 163 184 189 208 215 216 245 246 ]
117: [ 3 33 37 151 191 199 219 238 ]
118: [ 9 12 31 39 40 65 110 129 138 149 154 158 174 191 227 ]
119: [ 9 25 44 66 69 85 100 101 109 142 151 163 205 ]
120: [ 3 26 55 60 115 161 190 218 236 ]
121: [ 5 11 16 48 60 106 107 127 158 165 174 182 ]
122: [ 71 89 130 179 233 ]
123: [ 11 16 42 75 81 104 142 146 150 155 237 ]
124: [ 34 56 71 77 149 156 231 248 ]
125: [ 12 23 28 34 40 41 42 48 59 60 81 82 96 112 137 142 145 215 218 224 227 238 250 ]
126: [ 27 41 44 65 66 72 75 77 80 90 101 103 136 139 162 163 182 197 225 238 240 ]
127: [ 30 32 36 40 59 74 80 90 92 100 121 132 143 147 173 181 203 214 220 223 228 ]
128: [ 3 36 41 43 66 74 77 88 101 131 151 166 231 ]
129: [ 31 88 118 142 157 167 186 191 199 231 ]
130: [ 8 37 77 90 110 122 197 209 224 226 241 ]
131: [ 5 16 20 23 31 35 40 53 66 76 128 175 177 193 204 224 230 ]
132: [ 13 19 28 59 108 112 127 152 156 161 173 180 194 210 212 219 221 229 239 249 ]
133: [ 5 8 18 23 68 78 85 170 187 212 231 ]
134: [ 7 38 51 53 75 87 144 148 189 191 206 209 217 ]
135: [ 84 100 115 154 171 ]
136: [ 23 34 54 75 91 112 126 141 155 166 234 ]
137: [ 18 31 36 51 57 65 102 125 142 163 167 172 201 202 204 216 225 232 247 ]
138: [ 23 30 40 57 61 66 84 85 89 104 105 115 118 173 176 238 242 ]
139: [ 25 29 34 36 47 60 65 115 126 145 165 166 182 187 188 199 212 215 227 228 231 244 248 ]
140: [ 29 32 48 192 202 ]
141: [ 22 23 38 68 82 83 136 146 184 207 229 ]
142: [ 19 47 75 119 123 125 129 137 170 182 184 187 191 193 198 205 210 215 225 230 235 ]
143: [ 19 37 44 55 78 91 93 127 180 212 218 230 250 ]
144: [ 17 41 48 49 69 88 134 147 180 194 212 234 248 ]
145: [ 4 7 25 29 31 39 43 51 84 87 125 139 151 190 211 228 230 235 237 ]
146: [ 8 32 37 60 115 123 141 203 204 210 245 ]
147: [ 1 11 45 60 63 67 70 75 79 94 101 113 127 144 151 153 185 188 230 247 ]
148: [ 9 13 27 79 102 112 116 134 164 165 168 207 223 ]
149: [ 8 16 30 84 107 116 118 124 151 186 197 201 223 ]
150: [ 3 20 43 60 123 174 190 216 ]
151: [ 57 101 117 119 128 145 147 149 180 207 217 ]
152: [ 13 34 61 68 70 74 79 93 101 132 165 171 172 181 216 240 ]
153: [ 2 17 18 50 75 88 111 147 202 203 219 231 ]
154: [ 39 41 56 63 91 118 135 207 209 218 226 248 ]
155: [ 6 7 25 41 44 64 123 136 160 161 173 198 204 215 220 229 235 242 248 250 ]
156: [ 6 8 41 92 124 132 181 235 238 239 248 ]
157: [ 3 4 11 28 29 60 65 89 91 102 111 129 165 169 205 221 ]
158: [ 27 32 35 118 121 168 194 236 ]
159: [ 78 86 115 173 197 231 ]
160: [ 70 75 109 155 176 180 189 190 225 242 243 ]
161: [ 25 32 74 91 120 132 155 181 184 185 200 211 220 221 224 225 248 ]
162: [ 35 69 102 109 126 176 189 194 199 204 222 224 238 ]
163: [ 3 16 28 44 92 116 119 126 137 173 228 238 244 ]
164: [ 69 91 148 165 ]
165: [ 43 75 77 78 91 94 121 139 148 152 157 164 169 184 198 200 240 241 ]
166: [ 8 16 31 34 41 49 51 68 69 77 92 102 128 136 139 172 175 179 190 203 213 240 ]
167: [ 9 19 37 41 77 100 106 112 113 129 137 192 203 204 211 239 245 ]
168: [ 5 89 148 158 173 205 ]
169: [ 7 36 94 97 102 109 114 157 165 185 234 ]
170: [ 19 25 66 78 81 133 142 199 234 238 ]
171: [ 11 25 26 39 58 84 100 135 152 204 212 232 239 246 ]
172: [ 5 8 15 17 20 27 39 46 52 57 58 86 95 137 152 166 188 191 196 207 219 223 229 ]
173: [ 4 26 52 67 83 84 127 132 138 155 159 163 168 190 207 ]
174: [ 7 25 41 63 83 90 103 107 118 121 150 183 188 189 203 210 211 235 ]
175: [ 4 20 34 42 44 47 65 70 86 92 100 108 110 131 166 196 210 225 231 ]
176: [ 12 26 30 36 60 67 111 138 160 162 197 199 216 219 221 239 ]
177: [ 73 83 103 131 207 ]
178: [ 39 59 75 111 199 210 214 216 237 ]
179: [ 27 29 31 51 79 107 122 166 184 188 202 227 237 249 ]
180: [ 24 45 48 50 53 60 62 63 67 68 72 101 132 143 144 151 160 194 196 197 217 223 245 ]
181: [ 5 12 16 58 65 75 79 93 102 127 152 156 161 213 234 240 ]
182: [ 5 17 19 39 121 126 139 142 184 185 187 209 211 226 231 ]
183: [ 2 19 85 90 115 174 191 211 219 235 ]
184: [ 8 10 14 34 37 65 106 116 141 142 161 165 179 182 196 225 240 ]
185: [ 56 79 87 147 161 169 182 187 202 214 217 236 238 ]
186: [ 37 78 129 149 225 ]
187: [ 30 40 53 83 89 93 96 106 114 115 133 139 142 182 185 250 ]
188: [ 36 63 79 139 147 172 174 179 189 190 203 210 ]
189: [ 28 35 39 46 50 56 93 97 101 113 114 116 134 160 162 174 188 205 230 234 ]
190: [ 11 13 14 31 35 43 82 91 102 120 145 150 160 166 173 188 193 231 250 ]
191: [ 8 33 41 47 60 68 72 92 103 113 117 118 129 134 142 172 183 198 203 205 210 211 217 ]
192: [ 5 77 79 87 91 101 140 167 241 ]
193: [ 16 21 26 34 35 42 47 55 61 78 100 102 110 131 142 190 194 213 238 242 243 ]
194: [ 9 16 23 42 51 85 132 144 158 162 180 193 199 205 227 229 231 249 ]
195: [ 58 73 106 ]
196: [ 32 41 42 49 88 106 172 175 180 184 230 ]
197: [ 3 6 7 22 24 31 61 69 75 112 115 126 130 149 159 176 180 204 216 228 236 249 ]
198: [ 4 18 34 43 56 63 89 142 155 165 191 200 201 205 243 ]
199: [ 12 27 29 30 44 48 75 86 117 129 139 162 170 176 178 194 203 239 243 249 ]
200: [ 5 19 26 78 82 101 109 112 114 161 165 198 231 ]
201: [ 24 26 32 41 61 72 87 110 137 149 198 209 215 223 240 247 ]
202: [ 5 75 98 102 137 140 153 179 185 238 ]
203: [ 1 98 112 127 146 153 166 167 174 188 191 199 ]
204: [ 2 13 14 27 67 104 131 137 146 155 162 167 171 197 205 224 228 239 245 ]
205: [ 29 43 57 61 66 81 88 103 119 142 157 168 189 191 194 198 204 229 236 ]
206: [ 40 134 231 250 ]
207: [ 6 12 17 61 73 76 79 88 106 109 114 141 148 151 154 172 173 177 211 240 ]
208: [ 30 56 116 227 231 246 ]
209: [ 5 68 82 91 130 134 154 182 201 ]
210: [ 31 39 51 71 74 132 142 146 174 175 178 188 191 226 ]
211: [ 10 47 94 145 161 167 174 182 183 191 207 215 218 ]
212: [ 3 39 61 67 68 74 77 97 108 132 133 139 143 144 171 ]
213: [ 8 14 15 19 30 32 44 60 64 111 166 181 193 226 240 ]
214: [ 37 39 40 54 76 85 127 178 185 ]
215: [ 8 25 33 41 42 54 90 92 106 112 116 125 139 142 155 201 211 218 ]
216: [ 45 78 88 105 116 137 150 152 176 178 197 237 238 246 ]
217: [ 3 9 36 51 82 134 151 180 185 191 224 237 ]
218: [ 29 60 82 84 92 113 115 120 125 143 154 211 215 240 ]
219: [ 40 46 72 102 117 132 153 172 176 183 236 ]
220: [ 18 42 44 54 65 100 127 155 161 231 ]
221: [ 7 17 37 54 74 90 106 115 132 157 161 176 ]
222: [ 7 22 40 58 69 77 92 94 97 105 115 162 231 ]
223: [ 45 54 93 101 115 127 148 149 172 180 201 ]
224: [ 11 19 58 61 81 85 90 125 130 131 161 162 204 217 247 ]
225: [ 1 4 11 18 19 29 55 79 91 99 126 137 142 160 161 175 184 186 240 246 ]
226: [ 5 19 82 90 91 109 115 130 154 182 210 213 229 236 237 ]
227: [ 7 14 28 41 49 58 118 125 139 179 194 208 235 239 246 ]
228: [ 16 36 60 115 127 139 145 163 197 204 ]
229: [ 19 41 53 84 106 132 141 155 172 194 205 226 ]
230: [ 19 31 59 63 75 85 104 111 131 142 143 145 147 189 196 249 ]
231: [ 10 12 14 51 54 68 91 106 124 128 129 133 139 153 159 175 182 190 194 200 206 208 220 222 232 ]
232: [ 40 46 49 51 52 74 83 90 112 137 171 231 242 ]
233: [ 17 20 58 88 113 122 239 ]
234: [ 42 52 79 136 144 169 170 181 189 ]
235: [ 11 15 42 60 73 83 102 105 142 145 155 156 174 183 227 241 ]
236: [ 4 25 77 80 120 158 185 197 205 219 226 ]
237: [ 3 12 14 17 35 39 55 58 61 62 92 106 112 113 123 145 178 179 216 217 226 239 247 ]
238: [ 18 39 55 76 112 117 125 126 138 156 162 163 170 185 193 202 216 241 ]
239: [ 5 11 19 31 132 156 167 171 176 199 204 227 233 237 ]
240: [ 12 30 36 38 102 126 152 165 166 181 184 201 207 213 218 225 ]
241: [ 35 48 100 108 130 165 192 235 238 247 ]
242: [ 28 64 111 112 138 155 160 193 232 ]
243: [ 7 44 75 160 193 198 199 245 ]
244: [ 3 4 5 23 51 91 111 139 163 ]
245: [ 6 47 58 90 104 116 146 167 180 204 243 ]
246: [ 5 11 24 32 57 76 77 79 90 112 116 171 208 216 225 227 ]
247: [ 14 25 32 41 43 47 56 59 71 89 137 147 201 224 237 241 248 ]
248: [ 14 54 68 95 107 124 139 144 154 155 156 161 247 ]
249: [ 67 85 98 132 179 194 197 199 230 ]
250: [ 14 52 61 68 82 87 100 111 115 125 143 155 187 190 206 ]
