1: [ 2 24 84 105 109 128 133 150 151 152 195 209 235 245 ]
2: [ 1 23 26 38 54 57 62 66 70 78 82 100 144 150 152 168 182 193 204 225 236 ]
3: [ 9 10 70 75 89 92 103 123 138 140 156 157 188 207 214 220 222 237 238 243 ]
4: [ 8 37 67 126 132 171 182 189 191 213 229 230 ]
5: [ 20 37 46 54 79 98 139 146 159 169 209 227 ]
6: [ 59 68 84 141 191 196 200 203 205 ]
7: [ 22 24 32 35 48 52 80 93 125 128 144 150 167 201 210 236 246 ]
8: [ 4 9 11 16 71 78 79 92 97 167 171 172 173 174 181 242 ]
9: [ 3 8 33 61 83 127 148 188 216 240 ]
10: [ 3 26 36 57 75 100 109 146 149 191 195 218 227 ]
11: [ 8 12 19 26 34 79 85 116 123 142 146 150 152 155 158 162 174 196 201 216 220 232 238 239 247 250 ]
12: [ 11 18 22 26 47 57 60 62 71 80 106 117 142 143 148 161 167 185 209 210 243 249 ]
13: [ 16 21 22 48 54 59 64 65 77 105 107 109 118 137 151 167 172 210 216 239 ]
14: [ 19 69 74 127 153 202 204 212 ]
15: [ 28 30 37 59 65 88 90 96 122 130 142 230 ]
16: [ 8 13 29 92 93 113 120 131 132 179 211 ]
17: [ 37 70 96 129 146 175 177 204 228 ]
18: [ 12 40 52 56 57 65 80 82 86 92 93 104 157 158 160 165 173 229 244 ]
19: [ 11 14 90 137 171 172 191 201 ]
20: [ 5 27 52 63 123 148 156 161 167 170 189 198 217 237 241 249 ]
21: [ 13 35 43 47 61 81 115 123 128 136 138 140 142 149 158 169 180 190 192 209 221 227 ]
22: [ 7 12 13 34 36 43 48 52 74 85 91 97 100 118 154 167 171 196 215 219 230 238 ]
23: [ 2 31 34 45 46 55 56 65 74 123 145 158 164 167 172 175 176 202 210 224 228 247 ]
24: [ 1 7 37 44 47 54 90 108 118 153 164 203 215 249 ]
25: [ 38 43 55 82 84 90 99 109 143 163 165 190 200 ]
26: [ 2 10 11 12 29 31 33 37 40 49 96 115 121 126 160 189 232 ]
27: [ 20 29 31 35 41 49 55 82 84 105 107 127 131 146 192 ]
28: [ 15 36 53 57 59 62 68 69 172 183 199 204 211 ]
29: [ 16 26 27 69 73 81 82 123 171 183 198 210 214 217 219 232 243 ]
30: [ 15 34 54 57 67 95 116 117 120 127 128 131 134 140 150 156 187 198 232 ]
31: [ 23 26 27 32 66 90 91 92 102 143 146 156 157 193 202 205 210 215 219 230 236 246 ]
32: [ 7 31 33 42 44 51 83 90 92 102 114 126 131 133 142 183 186 250 ]
33: [ 9 26 32 39 71 96 121 153 178 185 189 210 240 ]
34: [ 11 22 23 30 57 66 84 200 213 247 250 ]
35: [ 7 21 27 40 59 71 75 96 102 107 120 155 182 185 193 195 209 211 235 243 244 ]
36: [ 10 22 28 55 66 67 99 111 191 209 212 224 227 232 238 ]
37: [ 4 5 15 17 24 26 64 65 83 102 106 109 141 144 145 155 157 162 174 180 197 210 211 248 ]
38: [ 2 25 46 54 86 105 114 118 121 131 132 144 200 225 226 236 246 249 ]
39: [ 33 46 49 54 60 62 77 102 137 154 164 200 201 233 ]
40: [ 18 26 35 67 200 202 207 240 ]
41: [ 27 67 86 105 115 129 135 144 147 148 155 179 186 200 227 229 247 ]
42: [ 32 49 71 101 108 144 177 190 199 203 215 ]
43: [ 21 22 25 60 63 73 124 144 153 169 228 233 237 244 ]
44: [ 24 32 48 52 66 72 84 92 100 120 142 145 159 200 208 215 233 237 ]
45: [ 23 56 65 145 146 171 173 184 209 229 232 246 ]
46: [ 5 23 38 39 58 80 95 103 111 140 146 149 151 154 156 175 178 209 235 238 249 ]
47: [ 12 21 24 102 108 115 121 123 167 169 172 179 186 206 224 226 240 241 ]
48: [ 7 13 22 44 58 96 116 158 165 169 172 181 200 221 225 234 ]
49: [ 26 27 39 42 63 64 69 105 131 161 164 181 184 195 210 225 247 ]
50: [ 84 90 119 131 193 236 242 ]
51: [ 32 63 83 107 111 118 146 156 183 232 ]
52: [ 7 18 20 22 44 56 72 111 143 165 171 174 182 218 237 ]
53: [ 28 64 90 159 ]
54: [ 2 5 13 24 30 38 39 83 92 93 116 125 136 138 148 155 181 183 192 222 224 245 ]
55: [ 23 25 27 36 89 90 93 125 127 144 150 171 173 184 189 238 ]
56: [ 18 23 45 52 78 92 110 136 179 182 189 247 ]
57: [ 2 10 12 18 28 30 34 59 62 67 106 114 122 142 144 146 151 158 193 199 211 244 ]
58: [ 46 48 83 116 147 152 169 170 176 236 248 ]
59: [ 6 13 15 28 35 57 63 68 75 80 87 90 98 105 108 116 120 149 166 169 171 197 220 ]
60: [ 12 39 43 66 151 152 162 182 188 193 200 202 213 219 224 225 234 ]
61: [ 9 21 73 112 128 175 184 191 193 238 242 ]
62: [ 2 12 28 39 57 71 74 88 117 123 124 137 142 155 189 191 215 235 236 240 245 248 ]
63: [ 20 43 49 51 59 69 107 135 149 156 165 174 210 ]
64: [ 13 37 49 53 102 119 127 148 165 174 190 ]
65: [ 13 15 18 23 37 45 66 99 110 114 117 130 146 157 196 197 212 221 248 ]
66: [ 2 31 34 36 44 60 65 72 81 105 152 171 188 218 224 226 237 241 ]
67: [ 4 30 36 40 41 57 68 102 115 121 178 ]
68: [ 6 28 59 67 74 92 109 112 209 212 226 236 239 ]
69: [ 14 28 29 49 63 85 130 131 132 178 204 215 220 ]
70: [ 2 3 17 89 90 96 143 170 188 190 230 231 241 245 ]
71: [ 8 12 33 35 42 62 115 123 144 164 165 174 206 216 ]
72: [ 44 52 66 74 91 104 106 119 122 125 131 165 184 244 247 ]
73: [ 29 43 61 103 107 131 167 197 215 224 241 246 ]
74: [ 14 22 23 62 68 72 77 97 99 108 115 136 140 161 162 185 191 196 214 216 221 224 ]
75: [ 3 10 35 59 127 130 141 154 158 201 217 236 ]
76: [ 98 147 224 ]
77: [ 13 39 74 122 167 233 234 242 247 ]
78: [ 2 8 56 89 103 122 127 130 145 164 172 183 185 198 204 208 222 225 ]
79: [ 5 8 11 99 102 107 115 122 138 144 174 184 186 189 195 196 210 220 250 ]
80: [ 7 12 18 46 59 100 132 137 182 183 242 ]
81: [ 21 29 66 94 110 112 129 145 148 162 180 203 ]
82: [ 2 18 25 27 29 94 129 145 149 193 204 211 219 ]
83: [ 9 32 37 51 54 58 84 89 93 100 131 152 185 192 197 203 209 221 246 ]
84: [ 1 6 25 27 34 44 50 83 88 125 130 156 203 212 244 248 ]
85: [ 11 22 69 142 171 209 222 250 ]
86: [ 18 38 41 152 189 215 224 228 232 239 ]
87: [ 59 152 172 203 225 244 ]
88: [ 15 62 84 91 103 112 116 119 132 137 143 153 187 193 199 219 221 232 244 245 ]
89: [ 3 55 70 78 83 135 193 210 ]
90: [ 15 19 24 25 31 32 50 53 55 59 70 112 154 170 174 176 189 250 ]
91: [ 22 31 72 88 113 124 136 143 149 166 181 186 190 195 213 223 238 247 ]
92: [ 3 8 16 18 31 32 44 54 56 68 107 120 226 230 235 245 ]
93: [ 7 16 18 54 55 83 102 120 123 214 249 ]
94: [ 81 82 105 150 193 198 201 234 242 ]
95: [ 30 46 107 121 169 193 197 211 236 ]
96: [ 15 17 26 33 35 48 70 102 141 169 177 189 200 201 203 220 237 ]
97: [ 8 22 74 110 115 127 178 187 203 209 210 228 ]
98: [ 5 59 76 101 105 128 137 147 156 214 215 229 237 248 ]
99: [ 25 36 65 74 79 120 125 140 158 165 226 230 ]
100: [ 2 10 22 44 80 83 113 130 137 147 178 187 202 239 244 248 ]
101: [ 42 98 148 193 197 236 ]
102: [ 31 32 35 37 39 47 64 67 79 93 96 133 144 167 182 227 244 246 ]
103: [ 3 46 73 78 88 116 183 191 221 249 ]
104: [ 18 72 110 165 185 195 197 199 210 215 219 238 250 ]
105: [ 1 13 27 38 41 49 59 66 94 98 107 110 125 128 155 181 217 241 247 250 ]
106: [ 12 37 57 72 157 162 166 197 211 250 ]
107: [ 13 27 35 51 63 73 79 92 95 105 115 125 135 153 164 180 201 209 215 242 ]
108: [ 24 42 47 59 74 124 134 151 200 204 ]
109: [ 1 10 13 25 37 68 115 133 146 162 205 227 ]
110: [ 56 65 81 97 104 105 131 132 159 162 180 197 198 199 201 220 223 231 237 247 250 ]
111: [ 36 46 51 52 117 128 148 203 219 226 ]
112: [ 61 68 81 88 90 197 230 239 242 ]
113: [ 16 91 100 121 153 187 193 194 209 216 ]
114: [ 32 38 57 65 120 132 208 225 240 ]
115: [ 21 26 41 47 67 71 74 79 97 107 109 143 186 216 226 232 233 235 ]
116: [ 11 30 48 54 58 59 88 103 121 132 169 170 201 240 242 ]
117: [ 12 30 62 65 111 128 132 133 134 143 194 205 235 244 ]
118: [ 13 22 24 38 51 122 133 156 168 181 196 208 223 229 ]
119: [ 50 64 72 88 133 138 155 162 182 184 200 221 238 239 ]
120: [ 16 30 35 44 59 92 93 99 114 122 124 144 190 196 ]
121: [ 26 33 38 47 67 95 113 116 122 125 143 147 155 170 183 230 233 ]
122: [ 15 57 72 77 78 79 118 120 121 128 162 195 197 202 216 226 248 ]
123: [ 3 11 20 21 23 29 47 62 71 93 125 143 144 149 180 202 204 217 220 225 245 ]
124: [ 43 62 91 108 120 174 189 226 243 245 247 ]
125: [ 7 54 55 72 84 99 105 107 121 123 132 152 159 171 201 208 225 243 ]
126: [ 4 26 32 132 152 157 194 210 219 226 ]
127: [ 9 14 27 30 55 64 75 78 97 140 155 191 200 217 ]
128: [ 1 7 21 30 61 98 105 111 117 122 143 154 156 166 194 245 ]
129: [ 17 41 81 82 146 152 156 170 181 191 204 208 209 215 224 226 227 232 244 247 ]
130: [ 15 65 69 75 78 84 100 142 150 168 210 232 ]
131: [ 16 27 30 32 38 49 50 69 72 73 83 110 145 150 167 174 186 187 201 223 229 230 249 ]
132: [ 4 16 38 69 80 88 110 114 116 117 125 126 145 149 151 154 156 182 208 226 242 ]
133: [ 1 32 102 109 117 118 119 137 148 189 204 210 225 231 241 243 ]
134: [ 30 108 117 149 152 164 172 234 ]
135: [ 41 63 89 107 201 202 224 238 ]
136: [ 21 54 56 74 91 234 240 ]
137: [ 13 19 39 62 80 88 98 100 133 154 184 201 232 ]
138: [ 3 21 54 79 119 149 150 160 171 182 188 232 239 ]
139: [ 5 154 158 236 ]
140: [ 3 21 30 46 74 99 127 144 149 152 159 178 226 239 ]
141: [ 6 37 75 96 142 169 172 175 218 222 232 ]
142: [ 11 12 15 21 32 44 57 62 85 130 141 154 157 160 179 192 208 232 247 248 ]
143: [ 12 25 31 52 70 88 91 115 117 121 123 128 146 156 158 171 183 226 228 230 245 246 ]
144: [ 2 7 37 38 41 42 43 55 57 71 79 102 120 123 140 147 166 167 172 175 189 217 ]
145: [ 23 37 44 45 78 81 82 131 132 155 157 167 174 183 188 189 213 226 227 239 240 ]
146: [ 5 10 11 17 27 31 45 46 51 57 65 109 129 143 155 169 181 189 194 213 227 234 ]
147: [ 41 58 76 98 100 121 144 194 224 241 244 247 ]
148: [ 9 12 20 41 54 64 81 101 111 133 159 222 240 ]
149: [ 10 21 46 59 63 82 91 123 132 134 138 140 155 206 217 218 ]
150: [ 1 2 7 11 30 55 94 130 131 138 170 213 222 230 241 ]
151: [ 1 13 46 57 60 108 132 166 197 204 218 224 250 ]
152: [ 1 2 11 58 60 66 83 86 87 125 126 129 134 140 167 186 189 195 220 226 ]
153: [ 14 24 33 43 88 107 113 154 175 194 197 207 219 242 ]
154: [ 22 39 46 75 90 128 132 137 139 142 153 165 209 ]
155: [ 11 35 37 41 54 62 105 119 121 127 145 146 149 161 184 194 213 230 238 ]
156: [ 3 20 30 31 46 51 63 84 98 118 128 129 132 143 179 185 196 203 215 232 242 ]
157: [ 3 18 31 37 65 106 126 142 145 199 200 211 ]
158: [ 11 18 21 23 48 57 75 99 139 143 167 179 180 182 211 229 241 ]
159: [ 5 44 53 110 125 140 148 173 179 234 ]
160: [ 18 26 138 142 213 215 241 250 ]
161: [ 12 20 49 74 155 194 196 241 ]
162: [ 11 37 60 74 81 106 109 110 119 122 176 211 ]
163: [ 25 181 182 186 207 209 ]
164: [ 23 24 39 49 71 78 107 134 235 244 ]
165: [ 18 25 48 52 63 64 71 72 99 104 154 176 193 207 209 218 245 250 ]
166: [ 59 91 106 128 144 151 188 197 ]
167: [ 7 8 12 13 20 22 23 47 73 77 102 131 144 145 152 158 178 180 208 227 241 248 ]
168: [ 2 118 130 180 182 198 ]
169: [ 5 21 43 47 48 58 59 95 96 116 141 146 215 216 227 239 ]
170: [ 20 58 70 90 116 121 129 150 172 178 194 209 219 231 232 237 239 ]
171: [ 4 8 19 22 29 45 52 55 59 66 85 125 138 143 177 188 240 248 250 ]
172: [ 8 13 19 23 28 47 48 78 87 134 141 144 170 175 203 213 226 233 245 ]
173: [ 8 18 45 55 159 217 240 ]
174: [ 8 11 37 52 63 64 71 79 90 124 131 145 199 200 225 ]
175: [ 17 23 46 61 141 144 153 172 181 191 206 225 238 ]
176: [ 23 58 90 162 165 191 199 ]
177: [ 17 42 96 171 ]
178: [ 33 46 67 69 97 100 140 167 170 185 190 203 211 224 ]
179: [ 16 41 47 56 142 156 158 159 232 ]
180: [ 21 37 81 107 110 123 158 167 168 182 204 210 212 241 243 ]
181: [ 8 48 49 54 91 105 118 129 146 163 175 194 201 203 ]
182: [ 2 4 35 52 56 60 80 102 119 132 138 158 163 168 180 200 241 ]
183: [ 28 29 32 51 54 78 80 103 121 143 145 184 ]
184: [ 45 49 55 61 72 79 119 137 155 183 200 201 218 ]
185: [ 12 33 35 74 78 83 104 156 178 238 ]
186: [ 32 41 47 79 91 115 131 152 163 213 229 ]
187: [ 30 88 97 100 113 131 226 234 ]
188: [ 3 9 60 66 70 138 145 166 171 189 222 233 242 ]
189: [ 4 20 26 33 55 56 62 79 86 90 96 124 133 144 145 146 152 188 194 201 202 203 210 230 247 ]
190: [ 21 25 42 64 70 91 120 178 204 ]
191: [ 4 6 10 19 36 61 62 74 103 127 129 175 176 194 219 223 226 235 ]
192: [ 21 27 54 83 142 193 228 236 ]
193: [ 2 31 35 50 57 60 61 82 88 89 94 95 101 113 165 192 213 214 241 ]
194: [ 113 117 126 128 146 147 153 155 161 170 181 189 191 211 213 ]
195: [ 1 10 35 49 79 91 104 122 152 238 ]
196: [ 6 11 22 65 74 79 118 120 156 161 ]
197: [ 37 59 65 73 83 95 101 104 106 110 112 122 151 153 166 202 207 230 241 ]
198: [ 20 29 30 78 94 110 168 210 212 215 244 ]
199: [ 28 42 57 88 104 110 157 174 176 207 225 227 ]
200: [ 6 25 34 38 39 40 41 44 48 60 96 108 119 127 157 174 182 184 206 221 245 250 ]
201: [ 7 11 19 39 75 94 96 107 110 116 125 131 135 137 181 184 189 203 227 ]
202: [ 14 23 31 40 60 100 122 123 135 189 197 213 224 230 232 244 248 ]
203: [ 6 24 42 81 83 84 87 96 97 111 156 172 178 181 189 201 247 ]
204: [ 2 14 17 28 69 78 82 108 123 129 133 151 180 190 215 220 235 238 246 247 249 ]
205: [ 6 31 109 117 215 229 ]
206: [ 47 71 149 175 200 212 245 248 ]
207: [ 3 40 153 163 165 197 199 209 213 234 241 ]
208: [ 44 78 114 118 125 129 132 142 167 235 ]
209: [ 1 5 12 21 35 36 45 46 68 83 85 97 107 113 129 154 163 165 170 207 216 225 226 ]
210: [ 7 12 13 23 29 31 33 37 49 63 79 89 97 104 126 130 133 180 189 198 228 230 245 ]
211: [ 16 28 35 37 57 82 95 106 157 158 162 178 194 229 247 ]
212: [ 14 36 65 68 84 180 198 206 250 ]
213: [ 4 34 60 91 145 146 150 155 160 172 186 193 194 202 207 225 246 ]
214: [ 3 29 74 93 98 193 219 ]
215: [ 22 24 31 42 44 62 69 73 86 98 104 107 129 156 160 169 198 204 205 227 238 239 241 ]
216: [ 9 11 13 71 74 113 115 122 169 209 230 245 249 ]
217: [ 20 29 75 105 123 127 144 149 173 232 239 ]
218: [ 10 52 66 141 149 151 165 184 230 232 ]
219: [ 22 29 31 60 82 88 104 111 126 153 170 191 214 226 239 ]
220: [ 3 11 59 69 79 96 110 123 152 204 238 241 ]
221: [ 21 48 65 74 83 88 103 119 200 229 230 247 ]
222: [ 3 54 78 85 141 148 150 188 228 230 ]
223: [ 91 110 118 131 191 248 ]
224: [ 23 36 47 54 60 66 73 74 76 86 129 135 147 151 178 202 237 242 ]
225: [ 2 38 48 49 60 78 87 114 123 125 133 174 175 199 209 213 238 ]
226: [ 38 47 66 68 92 99 111 115 122 124 126 129 132 140 143 145 152 172 187 191 209 219 242 246 ]
227: [ 5 10 21 36 41 102 109 129 145 146 167 169 199 201 215 ]
228: [ 17 23 43 86 97 143 192 210 222 238 ]
229: [ 4 18 41 45 98 118 131 158 186 205 211 221 241 ]
230: [ 4 15 22 31 70 92 99 112 121 131 143 150 155 189 197 202 210 216 218 221 222 238 ]
231: [ 70 110 133 170 ]
232: [ 11 26 29 30 36 45 51 86 88 115 129 130 137 138 141 142 156 170 179 202 217 218 247 ]
233: [ 39 43 44 77 115 121 172 188 236 ]
234: [ 48 60 77 94 134 136 146 159 187 207 242 244 ]
235: [ 1 35 46 62 92 115 117 164 191 204 208 247 ]
236: [ 2 7 31 38 50 58 62 68 75 95 101 139 192 233 ]
237: [ 3 20 43 44 52 66 96 98 110 170 224 ]
238: [ 3 11 22 36 46 55 61 91 104 119 135 155 175 185 195 204 215 220 225 228 230 249 ]
239: [ 11 13 68 86 100 112 119 138 140 145 169 170 215 217 219 242 ]
240: [ 9 33 40 47 62 114 116 136 145 148 171 173 242 ]
241: [ 20 47 66 70 73 105 133 147 150 158 160 161 167 180 182 193 197 207 215 220 229 ]
242: [ 8 50 61 77 80 94 107 112 116 132 153 156 188 224 226 234 239 240 ]
243: [ 3 12 29 35 124 125 133 180 ]
244: [ 18 35 43 57 72 84 87 88 100 102 117 129 147 164 198 202 234 250 ]
245: [ 1 54 62 70 88 92 123 124 128 143 165 172 200 206 210 216 ]
246: [ 7 31 38 45 73 83 102 143 204 213 226 ]
247: [ 11 23 34 41 49 56 72 77 91 105 110 124 129 142 147 189 203 204 211 221 232 235 ]
248: [ 37 58 62 65 84 98 100 122 142 167 171 202 206 223 250 ]
249: [ 12 20 24 38 46 93 103 131 204 216 238 250 ]
250: [ 11 32 34 79 85 90 104 105 106 110 151 160 165 171 200 212 244 248 249 ]
