1: [ 2 3 5 15 16 33 41 56 61 91 118 132 149 154 162 183 185 186 197 221 231 250 ]
2: [ 1 6 10 14 27 40 46 70 75 77 87 112 115 118 127 158 180 218 227 229 ]
3: [ 1 18 19 59 84 90 115 123 124 134 144 155 165 176 197 219 ]
4: [ 17 23 24 29 98 110 152 173 187 191 208 233 234 239 ]
5: [ 1 18 23 45 46 57 64 80 90 99 100 126 153 158 199 205 211 215 ]
6: [ 2 25 39 52 59 70 79 103 105 120 131 142 185 190 192 212 218 239 ]
7: [ 20 86 132 172 180 185 ]
8: [ 32 60 63 80 93 111 122 125 133 136 149 151 152 174 190 ]
9: [ 13 18 38 42 44 49 88 91 123 127 129 130 158 175 182 211 219 221 240 245 ]
10: [ 2 33 54 83 84 104 118 120 131 133 167 190 204 207 210 213 ]
11: [ 66 78 83 108 125 130 133 144 148 154 200 209 225 232 246 ]
12: [ 22 27 53 91 95 100 189 215 218 220 225 ]
13: [ 9 39 46 59 93 99 127 131 149 153 162 173 180 188 195 211 219 245 ]
14: [ 2 17 26 36 46 95 118 125 142 158 164 167 187 204 216 239 240 249 ]
15: [ 1 16 62 116 153 165 169 173 216 218 230 233 ]
16: [ 1 15 17 42 51 57 65 74 77 101 127 133 139 154 167 174 185 186 195 198 209 222 239 ]
17: [ 4 14 16 27 53 66 95 98 106 107 119 124 175 179 ]
18: [ 3 5 9 30 45 60 64 69 84 94 106 131 135 205 208 ]
19: [ 3 29 71 91 121 130 131 151 210 225 240 ]
20: [ 7 40 41 69 71 74 101 125 155 160 166 197 206 210 223 224 229 232 237 239 240 ]
21: [ 39 40 97 129 142 151 178 196 215 ]
22: [ 12 23 42 55 77 102 109 112 117 122 125 152 194 200 213 215 221 223 ]
23: [ 4 5 22 33 36 56 66 71 93 104 129 140 141 181 210 230 243 ]
24: [ 4 33 43 61 167 235 ]
25: [ 6 46 47 48 66 105 114 115 132 158 199 208 213 216 228 237 ]
26: [ 14 45 140 147 182 210 216 225 ]
27: [ 2 12 17 33 41 116 134 141 177 182 189 201 219 239 ]
28: [ 39 48 53 69 71 99 156 159 161 195 224 240 ]
29: [ 4 19 57 85 117 123 142 174 175 204 213 227 229 ]
30: [ 18 98 122 144 191 200 205 232 236 237 243 ]
31: [ 39 49 51 67 92 97 106 107 111 122 181 192 200 240 245 248 ]
32: [ 8 33 43 59 62 66 70 118 149 160 164 180 222 225 229 230 235 ]
33: [ 1 10 23 24 27 32 75 108 126 134 148 159 170 171 177 178 179 184 189 194 209 233 239 ]
34: [ 59 65 73 80 117 123 133 155 157 173 185 234 250 ]
35: [ 55 59 68 89 116 129 135 191 237 239 ]
36: [ 14 23 38 45 59 64 68 102 108 114 147 148 152 159 188 205 233 ]
37: [ 38 41 64 65 67 93 102 130 181 197 202 216 ]
38: [ 9 36 37 41 42 48 63 66 75 77 93 124 126 135 163 174 177 190 196 212 ]
39: [ 6 13 21 28 31 68 86 105 122 134 158 172 184 193 198 208 210 215 217 221 222 ]
40: [ 2 20 21 76 87 100 124 127 140 156 163 177 182 201 202 221 242 ]
41: [ 1 20 27 37 38 56 71 89 111 120 123 126 129 130 131 148 149 150 152 163 180 193 196 222 230 240 247 ]
42: [ 9 16 22 38 63 70 74 102 116 122 147 151 174 214 225 230 240 245 ]
43: [ 24 32 48 67 73 79 105 124 129 130 144 165 167 173 183 188 215 237 241 ]
44: [ 9 53 90 128 131 158 167 190 233 237 244 ]
45: [ 5 18 26 36 46 52 89 99 107 121 141 144 ]
46: [ 2 5 13 14 25 45 49 54 65 73 79 80 93 99 116 157 161 166 184 190 197 209 234 ]
47: [ 25 90 98 118 122 124 158 174 191 197 199 227 ]
48: [ 25 28 38 43 67 87 133 167 188 196 204 212 245 ]
49: [ 9 31 46 51 62 63 68 75 85 97 116 122 149 161 163 166 201 209 224 231 245 ]
50: [ 51 53 58 64 66 162 190 ]
51: [ 16 31 49 50 52 64 68 76 86 92 101 107 111 128 129 159 165 181 182 194 212 232 243 245 ]
52: [ 6 45 51 59 60 98 108 133 139 142 147 149 153 169 195 212 217 226 ]
53: [ 12 17 28 44 50 67 127 134 142 164 173 209 213 245 247 ]
54: [ 10 46 78 83 96 108 112 126 156 176 187 191 194 199 201 221 232 235 236 249 ]
55: [ 22 35 64 92 105 109 111 131 159 167 182 221 ]
56: [ 1 23 41 58 68 128 142 144 169 174 200 208 209 232 242 ]
57: [ 5 16 29 75 83 ]
58: [ 50 56 63 65 90 114 121 165 176 180 228 231 238 245 ]
59: [ 3 6 13 32 34 35 36 52 63 96 107 122 126 147 164 172 179 225 226 229 230 ]
60: [ 8 18 52 75 81 87 88 106 117 165 174 178 207 220 225 248 ]
61: [ 1 24 86 87 114 117 123 137 142 151 204 223 225 ]
62: [ 15 32 49 64 71 82 92 99 112 129 154 160 168 170 171 192 195 205 207 212 237 239 ]
63: [ 8 38 42 49 58 59 82 96 102 115 116 134 136 144 174 190 202 238 ]
64: [ 5 18 36 37 50 51 55 62 68 94 105 110 154 156 172 201 209 236 242 ]
65: [ 16 34 37 46 58 86 89 95 107 118 136 142 156 167 172 184 197 232 ]
66: [ 11 17 23 25 32 38 50 77 113 128 133 151 155 156 197 222 235 ]
67: [ 31 37 43 48 53 91 97 106 111 121 125 155 178 201 220 242 243 ]
68: [ 35 36 39 49 51 56 64 85 88 105 107 117 122 162 166 176 212 ]
69: [ 18 20 28 74 82 87 93 105 106 122 127 129 133 137 141 176 191 197 208 211 212 228 ]
70: [ 2 6 32 42 73 97 101 113 114 123 135 143 147 149 178 189 201 214 219 221 223 ]
71: [ 19 20 23 28 41 62 77 82 87 118 128 131 140 141 144 153 154 173 174 192 210 228 247 ]
72: [ 78 82 120 139 141 151 172 220 244 ]
73: [ 34 43 46 70 98 118 121 147 196 204 229 ]
74: [ 16 20 42 69 82 122 140 154 229 237 ]
75: [ 2 33 38 49 57 60 87 104 136 137 148 155 157 188 217 218 224 246 ]
76: [ 40 51 79 81 122 133 148 173 182 183 186 197 200 210 241 ]
77: [ 2 16 22 38 66 71 79 102 111 119 160 220 229 ]
78: [ 11 54 72 104 118 119 146 205 ]
79: [ 6 43 46 76 77 97 98 99 118 120 166 186 215 220 243 ]
80: [ 5 8 34 46 81 97 100 106 110 147 154 157 176 188 195 205 221 ]
81: [ 60 76 80 84 90 110 141 164 168 186 188 204 220 224 245 248 ]
82: [ 62 63 69 71 72 74 98 116 118 144 164 193 194 204 216 217 236 240 ]
83: [ 10 11 54 57 85 95 104 118 120 123 124 125 133 141 149 165 173 187 199 216 ]
84: [ 3 10 18 81 93 113 129 131 137 139 149 158 160 171 174 187 191 220 231 244 250 ]
85: [ 29 49 68 83 102 114 177 208 222 223 239 250 ]
86: [ 7 39 51 61 65 121 139 163 172 174 202 203 204 225 226 227 ]
87: [ 2 40 48 60 61 69 71 75 97 103 113 119 122 129 140 172 179 199 216 217 250 ]
88: [ 9 60 68 90 99 114 125 139 191 194 ]
89: [ 35 41 45 65 105 139 ]
90: [ 3 5 44 47 58 81 88 99 143 173 182 192 193 196 228 235 248 ]
91: [ 1 9 12 19 67 119 122 124 161 172 204 220 ]
92: [ 31 51 55 62 122 161 183 187 190 197 215 223 237 247 ]
93: [ 8 13 23 37 38 46 69 84 100 102 106 123 128 161 164 223 225 236 238 ]
94: [ 18 64 106 164 216 233 ]
95: [ 12 14 17 65 83 111 128 148 163 173 174 181 195 204 225 246 ]
96: [ 54 59 63 153 167 183 201 223 237 ]
97: [ 21 31 49 67 70 79 80 87 99 137 166 183 187 ]
98: [ 4 17 30 47 52 73 79 82 119 159 176 182 188 195 203 207 208 ]
99: [ 5 13 28 45 46 62 79 88 90 97 109 124 136 144 182 206 207 ]
100: [ 5 12 40 80 93 112 114 127 149 164 188 204 218 226 242 ]
101: [ 16 20 51 70 102 129 139 181 185 191 212 ]
102: [ 22 36 37 42 63 77 85 93 101 107 123 130 132 137 164 193 210 232 ]
103: [ 6 87 163 199 208 230 234 237 246 ]
104: [ 10 23 75 78 83 110 141 152 153 165 172 201 215 216 232 ]
105: [ 6 25 39 43 55 64 68 69 89 107 130 148 158 187 195 196 199 219 ]
106: [ 17 18 31 60 67 69 80 93 94 111 123 155 196 208 223 232 ]
107: [ 17 31 45 51 59 65 68 102 105 109 125 143 151 165 248 ]
108: [ 11 33 36 52 54 129 156 193 207 231 232 245 ]
109: [ 22 55 99 107 140 211 244 248 ]
110: [ 4 64 80 81 104 118 150 170 225 226 235 245 ]
111: [ 8 31 41 51 55 67 77 95 106 113 116 124 162 170 194 197 221 223 239 ]
112: [ 2 22 54 62 100 117 137 186 239 ]
113: [ 66 70 84 87 111 118 143 149 242 ]
114: [ 25 36 58 61 70 85 88 100 120 121 149 155 163 208 220 223 229 231 239 242 ]
115: [ 2 3 25 63 154 181 189 210 211 214 216 ]
116: [ 15 27 35 42 46 49 63 82 111 127 142 177 205 211 232 249 ]
117: [ 22 29 34 60 61 68 112 127 142 161 163 166 173 183 196 203 ]
118: [ 1 2 10 14 32 47 65 71 73 78 79 82 83 110 113 151 153 174 200 223 ]
119: [ 17 77 78 87 91 98 121 145 147 204 245 250 ]
120: [ 6 10 41 72 79 83 114 134 139 140 141 151 157 173 187 208 209 215 225 229 246 247 ]
121: [ 19 45 58 67 73 86 114 119 137 138 149 194 195 197 240 ]
122: [ 8 22 30 31 39 42 47 49 59 68 69 74 76 87 91 92 140 153 163 176 179 215 223 242 ]
123: [ 3 9 29 34 41 61 70 83 93 102 106 147 150 154 155 156 161 216 ]
124: [ 3 17 38 40 43 47 83 91 99 111 132 140 144 150 152 171 211 218 234 239 246 ]
125: [ 8 11 14 20 22 67 83 88 107 164 170 208 214 216 221 233 244 ]
126: [ 5 33 38 41 54 59 203 223 233 ]
127: [ 2 9 13 16 40 53 69 100 116 117 136 139 156 165 166 189 190 194 212 213 224 ]
128: [ 44 51 56 66 71 93 95 153 159 182 195 215 240 242 243 244 ]
129: [ 9 21 23 35 41 43 51 62 69 84 87 101 108 140 145 153 156 166 177 189 200 226 ]
130: [ 9 11 19 37 41 43 102 105 137 155 157 168 207 208 ]
131: [ 6 10 13 18 19 41 44 55 71 84 144 204 207 214 224 233 ]
132: [ 1 7 25 102 124 142 157 196 226 ]
133: [ 8 10 11 16 34 48 52 66 69 76 83 172 189 190 ]
134: [ 3 27 33 39 53 63 120 146 153 176 179 186 192 197 210 217 223 247 249 ]
135: [ 18 35 38 70 158 164 183 208 215 220 244 ]
136: [ 8 63 65 75 99 127 153 190 198 200 216 229 248 ]
137: [ 61 69 75 84 97 102 112 121 130 140 149 162 163 177 182 193 194 203 208 244 ]
138: [ 121 151 163 180 190 ]
139: [ 16 52 72 84 86 88 89 101 120 127 142 154 159 166 168 172 178 181 191 207 212 240 247 250 ]
140: [ 23 26 40 71 74 87 109 120 122 124 129 137 142 150 153 156 167 183 186 195 201 202 ]
141: [ 23 27 45 69 71 72 81 83 104 120 143 192 216 250 ]
142: [ 6 14 21 29 52 53 56 61 65 116 117 132 139 140 155 157 159 180 195 201 205 211 225 233 239 245 ]
143: [ 70 90 107 113 141 152 186 245 ]
144: [ 3 11 30 43 45 56 63 71 82 99 124 131 156 157 170 195 197 218 223 225 235 237 244 245 ]
145: [ 119 129 156 171 195 224 236 239 ]
146: [ 78 134 201 225 ]
147: [ 26 36 42 52 59 70 73 80 119 123 161 183 185 230 235 ]
148: [ 11 33 36 41 75 76 95 105 167 188 245 ]
149: [ 1 8 13 32 41 49 52 70 83 84 100 113 114 121 137 150 154 156 183 191 207 209 224 237 243 ]
150: [ 41 110 123 124 140 149 169 189 239 ]
151: [ 8 19 21 42 61 66 72 107 118 120 138 232 235 ]
152: [ 4 8 22 36 41 104 124 143 153 156 176 201 228 240 ]
153: [ 5 13 15 52 71 96 104 118 122 128 129 134 136 140 152 174 185 198 208 211 213 ]
154: [ 1 11 16 62 64 71 74 80 115 123 139 149 158 162 168 211 218 237 250 ]
155: [ 3 20 34 66 67 75 106 114 123 130 142 157 160 188 199 201 202 216 241 247 ]
156: [ 28 40 54 64 65 66 108 123 127 129 140 144 145 149 152 160 162 163 174 221 227 243 ]
157: [ 34 46 75 80 120 130 132 142 144 155 162 164 197 206 209 227 241 242 ]
158: [ 2 5 9 14 25 39 44 47 84 105 135 154 161 163 217 218 228 235 240 ]
159: [ 28 33 36 51 55 98 128 139 142 161 174 189 194 201 204 218 230 250 ]
160: [ 20 32 62 77 84 155 156 191 203 ]
161: [ 28 46 49 91 92 93 117 123 147 158 159 167 182 193 218 225 243 ]
162: [ 1 13 50 68 111 137 154 156 157 163 203 204 222 ]
163: [ 38 40 41 49 86 95 103 114 117 122 137 138 156 158 162 179 185 197 203 208 222 235 247 ]
164: [ 14 32 53 59 81 82 93 94 100 102 125 135 157 173 176 209 220 232 233 244 246 ]
165: [ 3 15 43 51 58 60 83 104 107 127 199 212 220 ]
166: [ 20 46 49 68 79 97 117 127 129 139 173 183 223 233 235 237 ]
167: [ 10 14 16 24 43 44 48 55 65 96 140 148 161 180 190 230 ]
168: [ 62 81 130 139 154 204 ]
169: [ 15 52 56 150 187 223 ]
170: [ 33 62 110 111 125 144 220 ]
171: [ 33 62 84 124 145 220 240 ]
172: [ 7 39 59 64 65 72 86 87 91 104 133 139 206 225 ]
173: [ 4 13 15 34 43 53 71 76 83 90 95 117 120 164 166 178 237 ]
174: [ 8 16 29 38 42 47 56 60 63 71 84 86 95 118 153 156 159 190 193 215 219 224 ]
175: [ 9 17 29 180 183 215 ]
176: [ 3 54 58 68 69 80 98 122 134 152 164 180 193 226 ]
177: [ 27 33 38 40 85 116 129 137 198 224 242 ]
178: [ 21 33 60 67 70 139 173 180 185 187 190 216 230 244 ]
179: [ 17 33 59 87 122 134 163 182 ]
180: [ 2 7 13 32 41 58 138 142 167 175 176 178 194 210 212 215 223 224 231 236 247 ]
181: [ 23 31 37 51 95 101 115 139 221 237 ]
182: [ 9 26 27 40 51 55 76 90 98 99 128 137 161 179 191 193 201 214 223 ]
183: [ 1 43 76 92 96 97 117 135 140 147 149 166 175 211 215 232 242 ]
184: [ 33 39 46 65 185 199 222 231 244 ]
185: [ 1 6 7 16 34 101 147 153 163 178 184 197 205 210 220 ]
186: [ 1 16 76 79 81 112 134 140 143 199 220 226 ]
187: [ 4 14 54 83 84 92 97 105 120 169 178 233 ]
188: [ 13 36 43 48 75 80 81 98 100 148 155 237 ]
189: [ 12 27 33 70 115 127 129 133 150 159 197 224 230 ]
190: [ 6 8 10 38 44 46 50 63 92 127 133 136 138 167 174 178 225 228 240 245 ]
191: [ 4 30 35 47 54 69 84 88 101 139 149 160 182 205 216 ]
192: [ 6 31 62 71 90 134 141 194 212 215 228 230 246 ]
193: [ 39 41 82 90 102 108 137 161 174 176 182 225 234 241 ]
194: [ 22 33 51 54 82 88 111 121 127 137 159 180 192 200 221 223 ]
195: [ 13 16 28 52 62 80 95 98 105 121 128 140 142 144 145 224 ]
196: [ 21 38 41 48 73 90 105 106 117 132 205 209 221 234 242 248 ]
197: [ 1 3 20 37 46 47 65 66 69 76 92 111 121 134 144 157 163 185 189 220 242 243 ]
198: [ 16 39 136 153 177 203 208 222 232 241 ]
199: [ 5 25 47 54 83 87 103 105 155 165 184 186 201 205 211 213 221 232 245 246 ]
200: [ 11 22 30 31 56 76 118 129 136 194 ]
201: [ 27 40 49 54 64 67 70 96 104 140 142 146 152 155 159 182 199 ]
202: [ 37 40 63 86 140 155 214 ]
203: [ 86 98 117 126 137 160 162 163 198 206 219 231 ]
204: [ 10 14 29 48 61 73 81 82 86 91 95 100 119 131 159 162 168 213 236 240 ]
205: [ 5 18 30 36 62 78 80 116 142 185 191 196 199 221 233 239 ]
206: [ 20 99 157 172 203 209 ]
207: [ 10 60 62 98 99 108 130 131 139 149 208 216 221 225 ]
208: [ 4 18 25 39 56 69 85 98 103 106 114 120 125 130 135 137 153 163 198 207 214 ]
209: [ 11 16 33 46 49 53 56 64 120 149 157 164 196 206 228 231 235 244 245 ]
210: [ 10 19 20 23 26 39 71 76 102 115 134 180 185 244 ]
211: [ 5 9 13 69 109 115 116 124 142 153 154 183 199 223 233 245 ]
212: [ 6 38 48 51 52 62 68 69 101 127 139 165 180 192 218 249 ]
213: [ 10 22 25 29 53 127 153 199 204 224 ]
214: [ 42 70 115 125 131 182 202 208 ]
215: [ 5 12 21 22 39 43 79 92 104 120 122 128 135 174 175 180 183 192 218 234 ]
216: [ 14 15 25 26 37 82 83 87 94 104 115 123 125 136 141 155 178 191 207 218 237 244 246 247 ]
217: [ 39 52 75 82 87 134 158 225 233 239 ]
218: [ 2 6 12 15 75 100 124 144 154 158 159 161 212 215 216 221 ]
219: [ 3 9 13 27 70 105 174 203 ]
220: [ 12 60 67 72 77 79 81 84 91 114 135 164 165 170 171 185 186 197 ]
221: [ 1 9 22 39 40 54 55 70 80 111 125 156 181 194 196 199 205 207 218 223 232 ]
222: [ 16 32 39 41 66 85 162 163 184 198 230 236 237 ]
223: [ 20 22 61 70 85 92 93 96 106 111 114 118 122 126 134 144 166 169 180 182 194 211 221 225 240 246 ]
224: [ 20 28 49 75 81 127 131 145 149 174 177 180 189 195 213 228 ]
225: [ 11 12 19 26 32 42 59 60 61 86 93 95 110 120 142 144 146 161 172 190 193 207 217 223 237 ]
226: [ 52 59 86 100 110 129 132 176 186 ]
227: [ 2 29 47 86 156 157 ]
228: [ 25 58 69 71 90 152 158 190 192 209 224 ]
229: [ 2 20 29 32 59 73 74 77 114 120 136 232 244 248 ]
230: [ 15 23 32 41 42 59 103 147 159 167 178 189 192 222 244 ]
231: [ 1 49 58 84 108 114 180 184 203 209 232 ]
232: [ 11 20 30 51 54 56 65 102 104 106 108 116 151 164 183 198 199 221 229 231 237 ]
233: [ 4 15 33 36 44 94 125 126 131 142 164 166 187 205 211 217 234 235 237 241 ]
234: [ 4 34 46 103 124 193 196 215 233 249 ]
235: [ 24 32 54 66 90 110 144 147 151 158 163 166 209 233 ]
236: [ 30 54 64 82 93 145 180 204 222 ]
237: [ 20 25 30 35 43 44 62 74 92 96 103 144 149 154 166 173 181 188 216 222 225 232 233 ]
238: [ 58 63 93 239 ]
239: [ 4 6 14 16 20 27 33 35 62 85 111 112 114 124 142 145 150 205 217 238 248 ]
240: [ 9 14 19 20 28 31 41 42 82 121 128 139 152 158 171 190 204 223 245 ]
241: [ 43 76 155 157 193 198 233 ]
242: [ 40 56 64 67 100 113 114 122 128 157 177 183 196 197 243 ]
243: [ 23 30 51 67 79 128 149 156 161 197 242 ]
244: [ 44 72 84 109 125 128 135 137 144 164 178 184 209 210 216 229 230 ]
245: [ 9 13 31 42 48 49 51 53 58 81 108 110 119 142 143 144 148 190 199 209 211 240 ]
246: [ 11 75 95 103 120 124 164 192 199 216 223 ]
247: [ 41 53 71 92 120 134 139 155 163 180 216 249 ]
248: [ 31 60 81 90 107 109 136 196 229 239 ]
249: [ 14 54 116 134 212 234 247 ]
250: [ 1 34 84 85 87 119 139 141 154 159 ]
