1: [ 17 48 66 70 76 78 87 99 155 158 192 205 207 213 223 227 228 229 ]
2: [ 9 18 32 105 140 184 205 209 225 ]
3: [ 24 66 91 110 156 171 200 228 248 ]
4: [ 18 20 51 72 75 79 98 109 129 132 140 143 145 163 171 200 208 222 242 ]
5: [ 13 21 33 61 87 102 112 123 143 150 165 174 181 182 203 225 ]
6: [ 35 42 55 66 182 ]
7: [ 34 37 57 85 90 103 108 116 117 136 139 164 167 211 234 244 ]
8: [ 14 28 50 52 61 68 79 185 208 219 ]
9: [ 2 24 64 78 84 125 156 159 163 170 194 209 214 223 ]
10: [ 30 34 36 57 100 120 126 138 156 173 202 234 242 ]
11: [ 41 54 64 74 77 83 90 92 101 104 105 113 118 124 141 154 172 187 197 211 226 228 236 249 ]
12: [ 20 23 32 39 67 71 80 87 93 104 105 116 145 154 157 192 212 215 222 225 228 232 249 ]
13: [ 5 20 60 61 63 75 83 87 103 115 129 140 142 154 157 159 162 170 192 214 237 238 248 ]
14: [ 8 18 43 73 97 102 118 133 142 143 160 175 192 230 ]
15: [ 142 170 193 204 ]
16: [ 32 46 73 94 102 113 134 194 232 239 ]
17: [ 1 30 31 47 55 82 87 88 93 110 137 143 146 147 155 160 166 173 175 190 242 ]
18: [ 2 4 14 30 39 73 74 111 120 128 138 145 149 167 168 182 191 204 214 243 ]
19: [ 27 48 148 176 179 212 ]
20: [ 4 12 13 81 126 153 242 ]
21: [ 5 27 50 93 156 172 199 223 225 ]
22: [ 95 110 112 122 146 159 175 179 212 ]
23: [ 12 35 36 41 45 63 182 232 237 241 ]
24: [ 3 9 34 60 76 85 101 117 199 248 ]
25: [ 40 57 74 76 77 87 137 138 188 199 240 ]
26: [ 41 42 50 76 93 139 145 192 210 228 230 240 ]
27: [ 19 21 38 50 65 81 86 95 110 112 126 148 158 159 171 195 197 199 226 ]
28: [ 8 37 62 81 96 136 144 147 159 169 180 181 203 241 247 ]
29: [ 33 121 132 194 196 206 207 ]
30: [ 10 17 18 43 89 96 103 125 190 211 230 246 ]
31: [ 17 43 58 157 168 184 190 193 205 221 ]
32: [ 2 12 16 43 48 53 72 80 105 109 112 119 151 152 153 154 162 163 191 200 201 217 221 ]
33: [ 5 29 35 79 114 143 160 194 203 215 231 239 ]
34: [ 7 10 24 44 50 53 114 125 140 142 215 ]
35: [ 6 23 33 38 53 74 103 106 108 117 120 122 125 132 135 146 163 178 228 ]
36: [ 10 23 51 54 66 75 89 107 119 125 134 147 156 158 162 163 179 183 198 202 206 212 ]
37: [ 7 28 63 66 114 164 181 227 230 231 242 ]
38: [ 27 35 41 77 86 116 132 147 154 155 171 183 185 193 198 246 249 ]
39: [ 12 18 55 58 99 113 121 138 150 167 213 216 222 231 247 ]
40: [ 25 56 64 75 78 106 113 126 130 153 161 169 185 188 195 199 207 208 220 225 232 234 ]
41: [ 11 23 26 38 51 68 80 88 113 121 146 153 193 206 208 ]
42: [ 6 26 48 56 57 62 69 103 104 112 130 157 168 169 175 205 233 ]
43: [ 14 30 31 32 52 64 69 139 141 142 158 179 189 203 231 ]
44: [ 34 50 179 195 215 249 ]
45: [ 23 47 51 61 112 131 139 148 150 182 193 195 201 211 212 221 229 230 ]
46: [ 16 52 57 63 70 129 148 155 157 162 175 202 206 215 216 236 243 244 ]
47: [ 17 45 54 110 129 146 155 178 212 242 ]
48: [ 1 19 32 42 66 69 73 88 95 98 101 108 115 137 153 183 186 230 238 249 ]
49: [ 55 114 126 145 163 166 186 230 242 ]
50: [ 8 21 26 27 34 44 63 65 69 71 83 95 98 126 148 154 175 207 214 227 238 ]
51: [ 4 36 41 45 75 80 111 131 134 140 155 164 194 201 249 ]
52: [ 8 43 46 69 76 78 94 100 149 159 161 167 180 186 203 208 214 221 227 245 248 ]
53: [ 32 34 35 72 96 102 105 118 126 152 155 162 171 184 190 224 ]
54: [ 11 36 47 61 71 89 107 112 122 164 181 191 193 200 221 ]
55: [ 6 17 39 49 67 73 101 105 107 110 126 130 137 149 150 184 186 207 211 222 231 241 242 ]
56: [ 40 42 76 104 131 157 181 215 221 231 ]
57: [ 7 10 25 42 46 58 63 64 66 107 125 141 144 151 157 191 ]
58: [ 31 39 57 85 115 132 146 192 214 221 241 ]
59: [ 87 89 113 124 149 176 221 241 ]
60: [ 13 24 103 147 154 164 217 226 243 ]
61: [ 5 8 13 45 54 79 86 100 119 141 143 144 153 154 156 203 206 215 232 250 ]
62: [ 28 42 70 76 83 97 107 150 162 198 235 ]
63: [ 13 23 37 46 50 57 73 87 95 111 116 139 158 179 191 199 200 214 230 ]
64: [ 9 11 40 43 57 93 119 120 137 143 152 154 171 178 183 194 230 237 247 ]
65: [ 27 50 102 143 182 220 ]
66: [ 1 3 6 36 37 48 57 80 85 99 112 115 134 140 179 187 188 203 214 225 241 ]
67: [ 12 55 85 114 118 126 164 197 ]
68: [ 8 41 77 127 182 214 215 221 ]
69: [ 42 43 48 50 52 72 87 99 124 140 144 155 182 201 215 221 223 231 238 250 ]
70: [ 1 46 62 76 99 156 169 203 205 210 221 ]
71: [ 12 50 54 83 91 109 140 243 ]
72: [ 4 32 53 69 77 79 91 114 116 136 138 139 141 158 163 164 183 184 194 209 224 228 231 232 239 244 ]
73: [ 14 16 18 48 55 63 91 96 97 98 107 109 121 123 143 165 179 180 210 215 233 ]
74: [ 11 18 25 35 82 131 134 141 151 164 198 232 ]
75: [ 4 13 36 40 51 99 109 138 165 166 205 208 ]
76: [ 1 24 25 26 52 56 62 70 109 115 116 133 167 169 182 211 231 ]
77: [ 11 25 38 68 72 139 145 165 189 223 ]
78: [ 1 9 40 52 81 99 169 177 197 215 ]
79: [ 4 8 33 61 72 87 100 103 117 120 125 136 158 170 185 201 212 234 242 248 ]
80: [ 12 32 41 51 66 85 118 124 154 157 220 ]
81: [ 20 27 28 78 121 124 140 154 209 228 240 ]
82: [ 17 74 106 114 115 120 129 218 226 ]
83: [ 11 13 50 62 71 86 110 118 143 148 161 199 243 ]
84: [ 9 85 86 105 126 142 155 177 178 182 196 228 ]
85: [ 7 24 58 66 67 80 84 112 128 189 196 225 241 ]
86: [ 27 38 61 83 84 87 100 122 128 166 171 180 201 ]
87: [ 1 5 12 13 17 25 59 63 69 79 86 115 154 155 171 172 195 197 203 232 239 ]
88: [ 17 41 48 92 100 113 120 162 163 192 225 229 ]
89: [ 30 36 54 59 90 95 98 121 126 145 151 154 183 198 199 201 210 234 ]
90: [ 7 11 89 96 111 157 163 202 215 223 ]
91: [ 3 71 72 73 98 100 109 118 158 163 173 184 185 ]
92: [ 11 88 162 170 229 ]
93: [ 12 17 21 26 64 99 100 119 122 130 143 148 151 152 188 215 234 ]
94: [ 16 52 101 112 113 131 137 150 185 219 ]
95: [ 22 27 48 50 63 89 113 123 125 141 146 156 167 206 237 248 ]
96: [ 28 30 53 73 90 99 171 180 184 242 ]
97: [ 14 62 73 130 145 146 164 172 177 192 193 206 219 222 235 239 243 ]
98: [ 4 48 50 73 89 91 100 109 114 115 121 122 142 147 154 158 179 199 202 ]
99: [ 1 39 66 69 70 75 78 93 96 137 211 226 233 248 ]
100: [ 10 52 61 79 86 88 91 93 98 104 113 143 150 158 162 182 189 195 229 247 ]
101: [ 11 24 48 55 94 107 134 146 156 194 198 217 222 249 ]
102: [ 5 14 16 53 65 117 141 146 156 173 232 ]
103: [ 7 13 30 35 42 60 79 149 165 ]
104: [ 11 12 42 56 100 122 125 134 136 164 174 192 194 195 231 ]
105: [ 2 11 12 32 53 55 84 113 122 124 135 146 174 190 193 199 225 226 233 236 242 ]
106: [ 35 40 82 134 135 150 154 161 169 240 248 ]
107: [ 36 54 55 57 62 73 101 112 116 123 167 169 203 206 220 222 249 ]
108: [ 7 35 48 180 215 236 ]
109: [ 4 32 71 73 75 76 91 98 146 157 168 178 180 190 ]
110: [ 3 17 22 27 47 55 83 137 140 147 159 161 174 183 184 196 197 203 205 212 248 ]
111: [ 18 51 63 90 119 149 152 157 179 184 197 198 207 213 ]
112: [ 5 22 27 32 42 45 54 66 85 94 107 146 154 155 169 170 178 191 193 220 225 235 237 ]
113: [ 11 16 39 40 41 59 88 94 95 100 105 117 128 145 160 161 168 179 212 213 225 230 233 ]
114: [ 33 34 37 49 67 72 82 98 152 161 165 193 213 218 235 249 ]
115: [ 13 48 58 66 76 82 87 98 146 170 171 174 203 210 232 ]
116: [ 7 12 38 63 72 76 107 121 141 159 185 191 218 250 ]
117: [ 7 24 35 79 102 113 132 143 147 195 203 233 ]
118: [ 11 14 53 67 80 83 91 122 149 162 163 166 207 209 234 ]
119: [ 32 36 61 64 93 111 137 145 182 194 220 230 ]
120: [ 10 18 35 64 79 82 88 132 141 160 166 168 181 188 202 210 220 222 224 242 ]
121: [ 29 39 41 73 81 89 98 116 148 152 161 185 206 220 ]
122: [ 22 35 54 86 93 98 104 105 118 151 166 167 174 213 233 ]
123: [ 5 73 95 107 126 142 184 201 206 237 240 244 ]
124: [ 11 59 69 80 81 105 151 166 168 179 196 215 225 241 244 ]
125: [ 9 30 34 35 36 57 79 95 104 131 152 160 164 191 195 197 235 240 243 ]
126: [ 10 20 27 40 49 50 53 55 67 84 89 123 132 134 140 170 175 180 188 235 237 244 ]
127: [ 68 154 162 188 193 220 ]
128: [ 18 85 86 113 171 190 205 208 230 ]
129: [ 4 13 46 47 82 135 159 189 192 197 229 241 242 ]
130: [ 40 42 55 93 97 134 145 161 201 224 245 ]
131: [ 45 51 56 74 94 125 137 152 153 171 175 179 208 235 241 ]
132: [ 4 29 35 38 58 117 120 126 184 203 222 231 247 ]
133: [ 14 76 164 ]
134: [ 16 36 51 66 74 101 104 106 126 130 151 182 190 194 214 ]
135: [ 35 105 106 129 159 171 179 199 211 ]
136: [ 7 28 72 79 104 141 210 ]
137: [ 17 25 48 55 64 94 99 110 119 131 143 146 153 170 184 188 219 223 230 ]
138: [ 10 18 25 39 72 75 167 191 ]
139: [ 7 26 43 45 63 72 77 141 180 210 226 234 248 ]
140: [ 2 4 13 34 51 66 69 71 81 110 126 161 187 195 207 243 ]
141: [ 11 43 57 61 72 74 95 102 116 120 136 139 148 157 162 172 176 201 227 232 243 245 ]
142: [ 13 14 15 34 43 84 98 123 147 152 164 166 175 199 227 235 249 ]
143: [ 4 5 14 17 33 61 64 65 73 83 93 100 117 137 157 182 184 190 191 202 224 241 245 247 ]
144: [ 28 57 61 69 ]
145: [ 4 12 18 26 49 77 89 97 113 119 130 156 165 203 235 239 ]
146: [ 17 22 35 41 47 58 95 97 101 102 105 109 112 115 137 155 168 173 182 185 191 193 201 203 ]
147: [ 17 28 36 38 60 98 110 117 142 156 161 162 174 176 193 200 207 218 225 245 247 ]
148: [ 19 27 45 46 50 83 93 121 141 171 194 ]
149: [ 18 52 55 59 103 111 118 225 228 ]
150: [ 5 39 45 55 62 94 100 106 156 170 185 215 ]
151: [ 32 57 74 89 93 122 124 134 161 196 228 ]
152: [ 32 53 64 93 111 114 121 125 131 142 182 190 203 215 228 233 235 247 ]
153: [ 20 32 40 41 48 61 131 137 182 195 215 237 248 ]
154: [ 11 12 13 32 38 50 60 61 64 80 81 87 89 98 106 112 127 218 220 ]
155: [ 1 17 38 46 47 51 53 69 84 87 112 146 156 159 202 227 246 ]
156: [ 3 9 10 21 36 61 70 95 101 102 145 147 150 155 187 225 250 ]
157: [ 12 13 31 42 46 56 57 80 90 109 111 141 143 170 190 191 207 239 241 ]
158: [ 1 27 36 43 63 72 79 91 98 100 163 166 167 191 192 214 220 222 239 250 ]
159: [ 9 13 22 27 28 52 110 116 129 135 155 188 194 199 202 228 232 248 ]
160: [ 14 17 33 113 120 125 163 170 183 188 204 206 218 220 ]
161: [ 40 52 83 106 110 113 114 121 130 140 147 151 182 183 207 225 233 238 239 ]
162: [ 13 32 36 46 53 62 88 92 100 118 127 141 147 163 183 197 198 199 237 ]
163: [ 4 9 32 35 36 49 72 88 90 91 118 158 160 162 176 189 209 232 ]
164: [ 7 37 51 54 60 67 72 74 97 104 125 133 142 175 190 195 199 214 215 218 225 234 237 244 ]
165: [ 5 73 75 77 103 114 145 180 242 ]
166: [ 17 49 75 86 118 120 122 124 142 158 175 177 185 197 199 218 235 ]
167: [ 7 18 39 52 76 95 107 122 138 158 173 178 215 220 246 ]
168: [ 18 31 42 109 113 120 124 146 187 188 227 231 235 240 246 ]
169: [ 28 40 42 70 76 78 106 107 112 179 180 242 ]
170: [ 9 13 15 79 92 112 115 126 137 150 157 160 198 202 220 227 228 232 ]
171: [ 3 4 27 38 53 64 86 87 96 115 128 131 135 148 181 183 190 205 217 ]
172: [ 11 21 87 97 141 190 195 213 214 ]
173: [ 10 17 91 102 146 167 186 190 215 218 221 231 238 ]
174: [ 5 104 105 110 115 122 147 175 195 209 219 220 240 ]
175: [ 14 17 22 42 46 50 126 131 142 164 166 174 189 203 209 234 242 ]
176: [ 19 59 141 147 163 203 ]
177: [ 78 84 97 166 ]
178: [ 35 47 64 84 109 112 167 182 202 237 248 ]
179: [ 19 22 36 43 44 63 66 73 98 111 113 124 131 135 169 186 197 211 212 239 241 248 ]
180: [ 28 52 73 86 96 108 109 126 139 165 169 183 186 211 232 233 ]
181: [ 5 28 37 54 56 120 171 197 221 ]
182: [ 5 6 18 23 45 65 68 69 76 84 100 119 134 143 146 152 153 161 178 185 198 214 232 243 244 ]
183: [ 36 38 48 64 72 89 110 160 161 162 171 180 205 228 238 ]
184: [ 2 31 53 55 72 91 96 110 111 123 132 137 143 194 205 209 214 215 233 235 242 ]
185: [ 8 38 40 79 91 94 116 121 146 150 166 182 200 216 225 248 ]
186: [ 48 49 52 55 173 179 180 193 202 211 ]
187: [ 11 66 140 156 168 193 223 240 245 ]
188: [ 25 40 66 93 120 126 127 137 159 160 168 215 233 240 ]
189: [ 43 77 85 100 129 163 175 191 199 202 208 217 241 ]
190: [ 17 30 31 53 105 109 128 134 143 152 157 164 171 172 173 199 205 243 244 ]
191: [ 18 32 54 57 63 112 116 125 138 143 146 157 158 189 196 202 217 218 230 238 240 ]
192: [ 1 12 13 14 26 58 88 97 104 129 158 216 ]
193: [ 15 31 38 41 45 54 97 105 112 114 127 146 147 186 187 200 203 ]
194: [ 9 16 29 33 51 64 72 101 104 119 134 148 159 184 206 208 213 214 250 ]
195: [ 27 40 44 45 87 100 104 117 125 140 153 164 172 174 197 199 200 221 225 241 ]
196: [ 29 84 85 110 124 151 191 210 241 ]
197: [ 11 27 67 78 87 110 111 125 129 162 166 179 181 195 201 216 237 ]
198: [ 36 38 62 74 89 101 111 162 170 182 201 206 218 221 231 ]
199: [ 21 24 25 27 40 63 83 89 98 105 135 142 159 162 164 166 189 190 195 213 217 250 ]
200: [ 3 4 32 54 63 147 185 193 195 207 209 ]
201: [ 32 45 51 69 79 86 89 123 130 141 146 197 198 ]
202: [ 10 36 46 90 98 120 143 155 159 170 178 186 189 191 204 214 227 233 246 248 ]
203: [ 5 28 33 43 52 61 66 70 87 107 110 115 117 132 145 146 152 175 176 193 222 226 228 ]
204: [ 15 18 160 202 227 236 ]
205: [ 1 2 31 42 70 75 110 128 171 183 184 190 210 211 225 ]
206: [ 29 36 41 46 61 95 97 107 121 123 160 194 198 231 ]
207: [ 1 29 40 50 55 111 118 140 147 157 161 200 227 239 240 244 ]
208: [ 4 8 40 41 52 75 128 131 189 194 225 232 243 244 ]
209: [ 2 9 72 81 118 163 174 175 184 200 212 ]
210: [ 26 70 73 89 115 120 136 139 196 205 212 215 229 231 246 ]
211: [ 7 11 30 45 55 76 99 135 179 180 186 205 212 226 227 229 233 245 ]
212: [ 12 19 22 36 45 47 79 110 113 179 209 210 211 ]
213: [ 1 39 111 113 114 122 172 194 199 215 220 240 242 ]
214: [ 9 13 18 50 52 58 63 66 68 134 158 164 172 182 184 194 202 215 216 219 225 228 ]
215: [ 12 33 34 44 46 56 61 68 69 73 78 90 93 108 124 150 152 153 164 167 173 184 188 210 213 214 242 246 ]
216: [ 39 46 185 192 197 214 233 ]
217: [ 32 60 101 171 189 191 199 239 ]
218: [ 82 114 116 147 154 160 164 166 173 191 198 ]
219: [ 8 94 97 137 174 214 246 ]
220: [ 40 65 80 107 112 119 120 121 127 154 158 160 167 170 174 213 235 238 248 ]
221: [ 31 32 45 52 54 56 58 59 68 69 70 173 181 195 198 224 225 236 240 ]
222: [ 4 12 39 55 97 101 107 120 132 158 203 224 226 229 ]
223: [ 1 9 21 69 77 90 137 187 228 ]
224: [ 53 72 120 130 143 221 222 ]
225: [ 2 5 12 21 40 66 85 88 105 112 113 124 147 149 156 161 164 185 195 205 208 214 221 226 248 250 ]
226: [ 11 27 60 82 99 105 139 203 211 222 225 235 239 242 243 ]
227: [ 1 37 50 52 141 142 155 168 170 202 204 207 211 235 ]
228: [ 1 3 11 12 26 35 72 81 84 149 151 152 159 170 183 203 214 223 ]
229: [ 1 45 88 92 100 129 210 211 222 237 250 ]
230: [ 14 26 30 37 45 48 49 63 64 113 119 128 137 191 246 ]
231: [ 33 37 39 43 55 56 69 72 76 104 132 168 173 198 206 210 233 248 ]
232: [ 12 16 23 40 61 72 74 87 102 115 141 159 163 170 180 182 208 235 240 248 ]
233: [ 42 73 99 105 113 117 122 152 161 180 184 188 202 211 216 231 240 ]
234: [ 7 10 40 79 89 93 118 139 164 175 235 ]
235: [ 62 97 112 114 125 126 131 142 145 152 166 168 184 220 226 227 232 234 249 ]
236: [ 11 46 105 108 204 221 240 ]
237: [ 13 23 64 95 112 123 126 153 162 164 178 197 229 242 ]
238: [ 13 48 50 69 161 173 183 191 220 ]
239: [ 16 33 72 87 97 145 157 158 161 179 207 217 226 ]
240: [ 25 26 81 106 123 125 168 174 187 188 191 207 213 221 232 233 236 246 247 ]
241: [ 23 28 55 58 59 66 85 124 129 131 143 157 179 189 195 196 ]
242: [ 4 10 17 20 37 47 49 55 79 96 105 120 129 165 169 175 184 213 215 226 237 ]
243: [ 18 46 60 71 83 97 125 140 141 182 190 208 226 ]
244: [ 7 46 72 123 124 126 164 182 190 207 208 ]
245: [ 52 130 141 143 147 187 211 ]
246: [ 30 38 155 167 168 202 210 215 219 230 240 ]
247: [ 28 39 64 100 132 143 147 152 240 250 ]
248: [ 3 13 24 52 79 95 99 106 110 139 153 159 178 179 185 202 220 225 231 232 ]
249: [ 11 12 38 44 48 51 101 107 114 142 235 ]
250: [ 61 69 116 156 158 194 199 225 229 247 ]
