1: [ 7 54 105 154 181 197 215 216 232 ]
2: [ 10 30 36 59 70 72 96 103 106 129 153 165 177 185 199 224 228 235 245 ]
3: [ 40 43 51 109 112 117 122 158 170 187 190 201 202 213 220 232 246 ]
4: [ 20 21 32 33 36 47 97 98 102 103 105 110 112 120 121 125 126 213 ]
5: [ 21 31 39 94 99 137 145 167 181 233 236 238 250 ]
6: [ 10 23 24 28 45 53 112 129 130 131 142 195 209 214 219 238 243 246 ]
7: [ 1 15 20 24 49 54 87 90 92 103 107 118 124 132 143 146 157 158 178 179 212 226 250 ]
8: [ 11 30 39 76 99 103 175 214 220 ]
9: [ 12 22 23 27 43 64 69 75 83 87 133 135 157 199 231 239 246 248 ]
10: [ 2 6 27 85 94 100 135 139 148 159 174 190 197 205 208 217 244 250 ]
11: [ 8 22 32 33 43 55 65 98 130 132 145 146 156 182 187 188 198 209 224 ]
12: [ 9 17 42 78 97 133 156 159 166 182 237 248 ]
13: [ 90 153 155 159 222 230 234 ]
14: [ 21 28 39 47 55 56 58 61 110 125 127 173 208 228 241 243 ]
15: [ 7 53 66 69 76 89 113 125 148 150 156 159 167 169 216 240 250 ]
16: [ 34 35 42 65 71 82 93 96 108 148 156 178 179 202 205 218 219 220 229 233 243 246 ]
17: [ 12 50 66 92 105 149 158 159 184 193 222 232 243 ]
18: [ 30 36 53 122 124 132 162 179 180 187 192 199 226 228 234 244 250 ]
19: [ 29 94 132 156 193 208 228 ]
20: [ 4 7 39 49 62 79 82 87 102 154 167 179 181 190 203 235 243 250 ]
21: [ 4 5 14 24 65 87 105 125 137 141 149 186 229 ]
22: [ 9 11 30 47 81 93 97 116 135 188 229 ]
23: [ 6 9 32 35 42 74 85 135 144 154 155 164 172 219 232 235 ]
24: [ 6 7 21 36 66 75 95 98 100 109 119 142 144 145 167 197 206 211 ]
25: [ 42 72 97 147 179 183 208 217 ]
26: [ 33 48 68 91 167 190 211 246 249 250 ]
27: [ 9 10 49 57 64 73 100 104 108 125 143 165 235 244 245 ]
28: [ 6 14 53 54 59 75 79 104 113 137 164 166 193 197 217 ]
29: [ 19 59 61 86 111 153 154 162 172 194 206 207 212 217 224 246 247 ]
30: [ 2 8 18 22 31 58 82 100 114 127 132 136 140 146 154 177 183 187 194 203 205 215 231 ]
31: [ 5 30 36 45 67 71 83 95 96 107 127 154 155 164 209 220 223 224 ]
32: [ 4 11 23 98 105 119 132 161 212 226 229 230 232 ]
33: [ 4 11 26 36 59 66 77 93 137 238 ]
34: [ 16 40 59 116 143 160 170 187 208 212 231 238 ]
35: [ 16 23 63 84 86 93 105 144 160 182 184 188 211 229 ]
36: [ 2 4 18 24 31 33 43 58 66 92 98 136 141 142 156 179 183 198 226 232 245 249 ]
37: [ 42 78 89 160 162 183 212 240 248 ]
38: [ 41 48 74 83 97 117 144 150 156 161 212 217 235 ]
39: [ 5 8 14 20 46 49 60 61 62 80 82 120 131 133 147 175 184 220 221 237 249 ]
40: [ 3 34 47 49 139 161 179 241 249 ]
41: [ 38 45 133 230 231 234 248 ]
42: [ 12 16 23 25 37 54 65 73 103 106 173 210 229 238 240 249 ]
43: [ 3 9 11 36 44 56 61 68 76 77 109 124 127 128 134 159 166 176 203 217 228 230 233 235 244 245 ]
44: [ 43 103 104 164 166 180 207 210 230 ]
45: [ 6 31 41 80 82 89 90 95 123 172 183 188 201 203 215 238 ]
46: [ 39 53 98 103 108 110 121 125 137 144 148 159 162 168 224 ]
47: [ 4 14 22 40 49 59 68 90 91 102 105 109 115 118 138 140 170 194 218 228 230 247 ]
48: [ 26 38 77 120 132 137 167 194 202 ]
49: [ 7 20 27 39 40 47 58 63 113 116 138 146 160 163 168 185 196 211 ]
50: [ 17 101 134 142 172 186 217 247 ]
51: [ 3 96 122 127 164 170 221 243 ]
52: [ 90 100 139 183 184 ]
53: [ 6 15 18 28 46 55 67 69 74 76 97 143 164 182 195 201 214 216 230 244 250 ]
54: [ 1 7 28 42 67 74 85 117 137 143 148 157 163 170 219 225 227 230 239 248 ]
55: [ 11 14 53 62 75 96 98 102 193 215 ]
56: [ 14 43 103 128 136 176 178 184 205 240 ]
57: [ 27 67 70 74 81 86 109 182 185 190 ]
58: [ 14 30 36 49 87 97 172 182 ]
59: [ 2 28 29 33 34 47 65 69 77 88 96 142 153 159 165 173 190 210 215 224 235 238 250 ]
60: [ 39 82 141 144 187 224 ]
61: [ 14 29 39 43 64 67 72 75 92 96 123 140 172 196 212 220 245 ]
62: [ 20 39 55 66 68 89 111 133 144 167 187 ]
63: [ 35 49 70 84 168 176 183 199 204 214 228 ]
64: [ 9 27 61 68 94 113 116 117 130 165 189 204 245 250 ]
65: [ 11 16 21 42 59 94 110 119 125 146 151 167 168 198 199 200 221 ]
66: [ 15 17 24 33 36 62 83 102 103 144 177 215 221 226 229 235 246 ]
67: [ 31 53 54 57 61 127 211 236 ]
68: [ 26 43 47 62 64 70 90 105 116 139 145 151 156 157 162 181 185 188 196 ]
69: [ 9 15 53 59 76 77 81 90 95 100 129 133 135 175 181 212 240 244 ]
70: [ 2 57 63 68 90 96 97 101 113 128 135 144 176 202 218 ]
71: [ 16 31 84 109 119 172 175 194 226 231 ]
72: [ 2 25 61 95 105 132 144 172 204 210 214 215 221 232 ]
73: [ 27 42 191 214 226 232 ]
74: [ 23 38 53 54 57 80 87 103 113 119 131 141 144 153 170 197 206 209 215 223 ]
75: [ 9 24 28 55 61 97 135 164 173 175 186 193 211 220 250 ]
76: [ 8 15 43 53 69 100 107 129 136 155 186 196 199 211 213 232 238 ]
77: [ 33 43 48 59 69 79 97 104 129 139 141 158 193 203 222 247 ]
78: [ 12 37 100 162 182 183 209 217 229 235 250 ]
79: [ 20 28 77 107 168 203 240 244 ]
80: [ 39 45 74 137 144 158 159 178 202 217 230 242 ]
81: [ 22 57 69 91 103 107 110 129 186 203 245 ]
82: [ 16 20 30 39 45 60 85 116 130 144 146 158 162 170 214 233 245 ]
83: [ 9 31 38 66 84 85 103 112 119 120 129 133 154 158 162 228 229 231 241 ]
84: [ 35 63 71 83 86 118 119 143 186 199 223 226 231 232 ]
85: [ 10 23 54 82 83 104 109 163 197 214 230 233 ]
86: [ 29 35 57 84 111 119 142 147 153 155 195 210 225 230 241 243 250 ]
87: [ 7 9 20 21 58 74 97 175 177 193 245 ]
88: [ 59 139 155 158 228 238 250 ]
89: [ 15 37 45 62 136 137 142 143 147 152 154 185 191 193 199 207 229 230 ]
90: [ 7 13 45 47 52 68 69 70 95 130 137 188 199 200 205 212 ]
91: [ 26 47 81 99 103 115 116 130 131 136 155 158 222 232 238 241 244 245 ]
92: [ 7 17 36 61 95 98 108 129 232 ]
93: [ 16 22 33 35 164 199 212 227 239 ]
94: [ 5 10 19 64 65 100 226 228 ]
95: [ 24 31 45 69 72 90 92 127 173 186 191 214 240 248 ]
96: [ 2 16 31 51 55 59 61 70 139 192 211 241 ]
97: [ 4 12 22 25 38 53 58 70 75 77 87 110 118 125 143 190 199 205 214 ]
98: [ 4 11 24 32 36 46 55 92 109 110 135 152 161 225 226 ]
99: [ 5 8 91 108 110 113 115 119 131 138 151 158 185 196 200 219 ]
100: [ 10 24 27 30 52 69 76 78 94 109 111 131 135 165 166 174 192 222 ]
101: [ 50 70 127 149 163 169 173 181 182 205 223 231 ]
102: [ 4 20 47 55 66 110 124 152 154 174 178 195 196 197 206 220 232 233 240 ]
103: [ 2 4 7 8 42 44 46 56 66 74 81 83 91 130 136 146 173 229 234 250 ]
104: [ 27 28 44 77 85 112 115 138 158 177 195 209 219 ]
105: [ 1 4 17 21 32 35 47 68 72 118 121 128 136 146 236 242 ]
106: [ 2 42 123 132 140 165 180 193 212 215 223 239 ]
107: [ 7 31 76 79 81 110 144 146 195 221 ]
108: [ 16 27 46 92 99 132 137 202 ]
109: [ 3 24 43 47 57 71 85 98 100 113 128 136 148 175 176 177 183 184 186 211 ]
110: [ 4 14 46 65 81 97 98 99 102 107 129 146 170 178 235 ]
111: [ 29 62 86 100 112 122 141 144 162 186 188 212 243 247 ]
112: [ 3 4 6 83 104 111 129 160 162 172 220 225 230 ]
113: [ 15 28 49 64 70 74 99 109 119 198 201 208 232 237 249 ]
114: [ 30 120 124 157 214 233 235 238 244 ]
115: [ 47 91 99 104 181 209 238 ]
116: [ 22 34 49 64 68 82 91 120 167 170 181 194 195 233 ]
117: [ 3 38 54 64 142 175 187 223 226 ]
118: [ 7 47 84 97 105 132 163 180 189 228 234 244 ]
119: [ 24 32 65 71 74 83 84 86 99 113 126 132 145 160 176 182 186 215 217 237 249 ]
120: [ 4 39 48 83 114 116 160 162 189 203 215 217 230 233 238 ]
121: [ 4 46 105 151 183 212 ]
122: [ 3 18 51 111 127 142 146 163 191 250 ]
123: [ 45 61 106 129 135 172 173 184 208 220 221 223 237 ]
124: [ 7 18 43 102 114 136 154 163 167 206 248 ]
125: [ 4 14 15 21 27 46 65 97 138 146 153 161 163 197 207 ]
126: [ 4 119 136 186 196 215 ]
127: [ 14 30 31 43 51 67 95 101 122 132 139 143 190 219 223 226 237 244 246 ]
128: [ 43 56 70 105 109 172 234 ]
129: [ 2 6 69 76 77 81 83 92 110 112 123 130 134 151 170 176 203 207 223 ]
130: [ 6 11 64 82 90 91 103 129 144 148 165 176 198 210 223 239 245 248 ]
131: [ 6 39 74 91 99 100 157 188 189 191 193 225 ]
132: [ 7 11 18 19 30 32 48 72 106 108 118 119 127 137 139 141 146 175 204 227 241 250 ]
133: [ 9 12 39 41 62 69 83 167 179 185 195 207 ]
134: [ 43 50 129 184 ]
135: [ 9 10 22 23 69 70 75 98 100 123 152 212 228 ]
136: [ 30 36 56 76 89 91 103 105 109 124 126 141 165 175 212 ]
137: [ 5 21 28 33 46 48 54 80 89 90 108 132 161 180 245 ]
138: [ 47 49 99 104 125 139 154 155 173 192 204 219 232 233 ]
139: [ 10 40 52 68 77 88 96 127 132 138 156 158 204 227 231 ]
140: [ 30 47 61 106 151 205 207 241 ]
141: [ 21 36 60 74 77 111 132 136 146 151 152 154 158 162 183 189 190 192 196 205 223 234 ]
142: [ 6 24 36 50 59 86 89 117 122 175 208 222 ]
143: [ 7 27 34 53 54 84 89 97 127 160 179 209 215 220 ]
144: [ 23 24 35 38 46 60 62 66 70 72 74 80 82 107 111 130 145 164 182 188 215 228 ]
145: [ 5 11 24 68 119 144 160 183 196 197 223 245 250 ]
146: [ 7 11 30 49 65 82 103 105 107 110 122 125 132 141 155 161 173 198 201 222 225 ]
147: [ 25 39 86 89 158 172 181 203 219 230 232 246 247 249 ]
148: [ 10 15 16 46 54 109 130 177 209 231 ]
149: [ 17 21 101 171 207 244 ]
150: [ 15 38 170 180 182 186 197 228 ]
151: [ 65 68 99 121 129 140 141 173 226 ]
152: [ 89 98 102 135 141 166 238 ]
153: [ 2 13 29 59 74 86 125 185 206 219 222 240 247 ]
154: [ 1 20 23 29 30 31 83 89 102 124 138 141 195 225 230 231 ]
155: [ 13 23 31 76 86 88 91 138 146 173 182 185 195 223 ]
156: [ 11 12 15 16 19 36 38 68 139 184 195 239 ]
157: [ 7 9 54 68 114 131 167 170 215 ]
158: [ 3 7 17 77 80 82 83 88 91 99 104 139 141 147 159 163 164 182 185 200 227 ]
159: [ 10 12 13 15 17 43 46 59 80 158 175 178 190 192 214 ]
160: [ 34 35 37 49 112 119 120 143 145 172 179 194 196 200 223 230 234 244 245 ]
161: [ 32 38 40 98 125 137 146 166 167 175 180 193 215 217 224 236 ]
162: [ 18 29 37 46 68 78 82 83 111 112 120 141 166 170 173 211 232 240 248 ]
163: [ 49 54 85 101 118 122 124 125 158 164 221 223 234 245 250 ]
164: [ 23 28 31 44 51 53 75 93 144 158 163 173 198 199 235 237 ]
165: [ 2 27 59 64 100 106 130 136 189 191 214 244 ]
166: [ 12 28 43 44 100 152 161 162 170 175 201 205 210 244 ]
167: [ 5 15 20 24 26 48 62 65 116 124 133 157 161 178 185 188 209 223 224 226 227 234 ]
168: [ 46 49 63 65 79 211 ]
169: [ 15 101 221 ]
170: [ 3 34 47 51 54 74 82 110 116 129 150 157 162 166 178 179 186 188 209 223 ]
171: [ 149 174 180 225 ]
172: [ 23 29 45 50 58 61 71 72 112 123 128 147 160 202 207 222 226 234 238 250 ]
173: [ 14 42 59 75 95 101 103 123 138 146 151 155 162 164 224 243 ]
174: [ 10 100 102 171 184 228 ]
175: [ 8 39 69 71 75 87 109 117 132 136 142 159 161 166 190 193 207 219 223 233 238 241 242 245 249 ]
176: [ 43 56 63 70 109 119 129 130 180 244 ]
177: [ 2 30 66 87 104 109 148 195 200 214 215 ]
178: [ 7 16 56 80 102 110 159 167 170 211 212 216 224 247 ]
179: [ 7 16 18 20 25 36 40 133 143 160 170 196 199 202 ]
180: [ 18 44 106 118 137 150 161 171 176 188 219 237 ]
181: [ 1 5 20 68 69 101 115 116 147 243 ]
182: [ 11 12 35 53 57 58 78 101 119 144 150 155 158 215 222 225 ]
183: [ 25 30 36 37 45 52 63 78 109 121 141 145 223 ]
184: [ 17 35 39 52 56 109 123 134 156 174 195 250 ]
185: [ 2 49 57 68 89 99 133 153 155 158 167 186 210 215 ]
186: [ 21 50 75 76 81 84 95 109 111 119 126 150 170 185 211 230 232 247 ]
187: [ 3 11 18 30 34 60 62 117 205 215 ]
188: [ 11 22 35 45 68 90 111 131 144 167 170 180 190 216 223 ]
189: [ 64 118 120 131 141 165 247 ]
190: [ 3 10 20 26 57 59 97 127 141 159 175 188 193 223 231 233 236 244 248 ]
191: [ 73 89 95 122 131 165 228 230 ]
192: [ 18 96 100 138 141 159 207 223 ]
193: [ 17 19 28 55 75 77 87 89 106 131 161 175 190 212 216 220 245 246 ]
194: [ 29 30 47 48 71 116 160 214 231 233 237 ]
195: [ 6 53 86 102 104 107 116 133 154 155 156 177 184 200 211 217 225 248 ]
196: [ 49 61 68 76 99 102 126 141 145 160 179 197 205 215 220 223 225 237 ]
197: [ 1 10 24 28 74 85 102 125 145 150 196 202 240 ]
198: [ 11 36 65 113 130 146 164 205 222 250 ]
199: [ 2 9 18 63 65 76 84 89 90 93 97 164 179 209 221 235 244 247 250 ]
200: [ 65 90 99 158 160 177 195 213 ]
201: [ 3 45 53 113 146 166 ]
202: [ 3 16 48 70 80 108 172 179 197 203 209 221 238 ]
203: [ 20 30 43 45 77 79 81 120 129 147 202 223 239 ]
204: [ 63 64 72 132 138 139 230 ]
205: [ 10 16 30 56 90 97 101 140 141 166 187 196 198 212 230 231 ]
206: [ 24 29 74 102 124 153 ]
207: [ 29 44 89 125 129 133 140 149 172 175 192 217 222 224 240 ]
208: [ 10 14 19 25 34 113 123 142 226 234 238 ]
209: [ 6 11 31 74 78 104 115 143 148 167 170 199 202 227 238 240 ]
210: [ 42 44 59 72 86 130 166 185 239 241 ]
211: [ 24 26 35 49 67 75 76 96 109 162 168 178 186 195 233 247 ]
212: [ 7 29 32 34 37 38 61 69 90 93 106 111 121 135 136 178 193 205 216 235 250 ]
213: [ 3 4 76 200 217 248 ]
214: [ 6 8 53 63 72 73 82 85 95 97 114 159 165 177 194 229 ]
215: [ 1 30 45 55 59 66 72 74 106 119 120 126 143 144 157 161 177 182 185 187 196 222 ]
216: [ 1 15 53 178 188 193 212 228 235 249 ]
217: [ 10 25 28 29 38 43 50 78 80 119 120 161 195 207 213 222 224 236 240 ]
218: [ 16 47 70 ]
219: [ 6 16 23 54 99 104 127 138 147 153 175 180 ]
220: [ 3 8 16 31 39 61 75 102 112 123 143 193 196 231 ]
221: [ 39 51 65 66 72 107 123 163 169 199 202 234 238 ]
222: [ 13 17 77 91 100 142 146 153 172 182 198 207 215 217 235 ]
223: [ 31 74 84 101 106 117 123 127 129 130 141 145 155 160 163 167 170 175 183 188 190 192 196 203 231 ]
224: [ 2 11 29 31 46 59 60 161 167 173 178 207 217 249 ]
225: [ 54 86 98 112 131 146 154 171 182 195 196 239 244 ]
226: [ 7 18 32 36 66 71 73 84 94 98 117 127 151 167 172 208 229 248 ]
227: [ 54 93 132 139 158 167 209 ]
228: [ 2 14 18 19 43 47 63 83 88 94 118 135 144 150 174 191 216 232 236 248 ]
229: [ 16 21 22 32 35 42 66 78 83 89 103 214 226 ]
230: [ 13 32 41 43 44 47 53 54 80 85 86 89 112 120 147 154 160 186 191 204 205 243 244 ]
231: [ 9 30 34 41 71 83 84 101 139 148 154 190 194 205 220 223 242 243 244 ]
232: [ 1 3 17 23 32 36 72 73 76 84 91 92 102 113 138 147 162 186 228 241 243 249 ]
233: [ 5 16 43 82 85 102 114 116 120 138 175 190 194 211 ]
234: [ 13 18 41 103 118 128 141 160 163 167 172 208 221 ]
235: [ 2 20 23 27 38 43 59 66 78 110 114 164 199 212 216 222 ]
236: [ 5 67 105 161 190 217 228 237 ]
237: [ 12 39 113 119 123 127 164 180 194 196 236 246 ]
238: [ 5 6 33 34 42 45 59 76 88 91 114 115 120 152 172 175 202 208 209 221 241 ]
239: [ 9 54 93 106 130 156 203 210 225 ]
240: [ 15 37 42 56 69 79 95 102 153 162 197 207 209 217 245 247 ]
241: [ 14 40 83 86 91 96 132 140 175 210 232 238 243 ]
242: [ 80 105 175 231 245 ]
243: [ 6 14 16 17 20 51 86 111 173 181 230 231 232 241 244 ]
244: [ 10 18 27 43 53 69 79 91 114 118 127 149 160 165 166 176 190 199 225 230 231 243 ]
245: [ 2 27 36 43 61 64 81 82 87 91 130 137 145 160 163 175 193 240 242 249 ]
246: [ 3 6 9 16 26 29 66 127 147 193 237 ]
247: [ 29 47 50 77 111 147 153 178 186 189 199 211 240 ]
248: [ 9 12 37 41 54 95 124 130 162 190 195 213 226 228 ]
249: [ 26 36 39 40 42 113 119 147 175 216 224 232 245 ]
250: [ 5 7 10 15 18 20 26 53 59 64 75 78 86 88 103 122 132 145 163 172 184 198 199 212 ]
