1: [ 11 14 19 61 74 100 101 110 125 143 175 183 198 199 212 214 217 227 243 ]
2: [ 3 33 48 50 59 73 93 99 101 125 140 142 144 158 205 218 225 244 247 248 ]
3: [ 2 23 24 31 70 139 149 173 183 234 241 ]
4: [ 32 42 79 86 100 124 204 210 213 233 237 ]
5: [ 11 72 75 87 101 108 111 117 144 157 158 170 203 205 207 212 214 221 245 ]
6: [ 21 26 27 53 117 127 143 146 183 205 210 216 ]
7: [ 71 87 122 174 201 ]
8: [ 23 61 72 75 77 82 116 126 133 135 137 141 151 171 179 210 219 233 247 ]
9: [ 16 24 63 66 70 76 83 87 119 132 168 174 180 204 248 ]
10: [ 221 ]
11: [ 1 5 18 29 34 83 95 98 106 122 137 139 141 154 158 166 173 204 206 238 ]
12: [ 75 93 99 157 165 213 214 218 222 234 236 ]
13: [ 25 33 34 66 93 94 124 143 153 167 168 169 177 194 216 230 232 248 ]
14: [ 1 19 88 159 179 227 ]
15: [ 51 62 103 105 108 118 121 127 132 133 136 157 190 199 204 207 209 218 223 234 243 ]
16: [ 9 23 25 29 95 96 110 113 185 229 ]
17: [ 72 86 109 119 154 225 229 ]
18: [ 11 24 32 38 40 49 83 87 101 112 114 123 127 151 168 215 ]
19: [ 1 14 21 44 45 51 59 64 79 106 107 121 131 148 174 192 206 208 211 222 227 233 ]
20: [ 43 122 138 176 233 ]
21: [ 6 19 39 40 51 59 72 84 89 95 128 148 177 191 207 238 246 ]
22: [ 27 33 49 68 73 81 99 103 106 119 144 172 174 206 218 226 241 ]
23: [ 3 8 16 32 45 63 113 125 198 203 204 210 214 ]
24: [ 3 9 18 26 82 96 116 123 126 127 135 152 154 210 218 ]
25: [ 13 16 39 44 49 54 64 104 123 153 173 184 203 235 241 246 249 ]
26: [ 6 24 41 89 91 99 112 113 114 122 127 143 146 157 208 248 ]
27: [ 6 22 38 74 117 167 217 ]
28: [ 30 65 118 143 226 230 ]
29: [ 11 16 71 72 85 95 98 119 125 139 193 200 202 ]
30: [ 28 35 44 71 75 87 107 121 128 131 138 190 193 205 210 215 239 248 ]
31: [ 3 34 47 72 79 81 91 97 116 141 144 149 152 153 157 163 173 184 191 217 ]
32: [ 4 18 23 39 62 68 75 111 146 151 171 172 227 ]
33: [ 2 13 22 68 76 78 86 94 96 148 149 154 162 186 191 212 214 226 ]
34: [ 11 13 31 56 63 90 123 148 188 192 193 210 227 239 241 ]
35: [ 30 42 61 79 103 107 113 123 158 167 181 194 211 240 ]
36: [ 53 67 84 89 98 119 138 197 ]
37: [ 210 ]
38: [ 18 27 51 104 117 196 ]
39: [ 21 25 32 47 53 77 91 107 116 122 124 125 146 153 189 220 236 240 ]
40: [ 18 21 50 66 71 72 78 96 99 168 194 214 232 241 ]
41: [ 26 53 61 73 74 79 82 116 122 130 139 153 173 178 193 206 207 232 244 ]
42: [ 4 35 59 72 78 94 104 108 147 149 154 188 197 ]
43: [ 20 57 96 130 138 139 146 172 177 181 191 193 195 206 215 220 224 236 237 238 ]
44: [ 19 25 30 68 82 98 100 111 115 116 127 144 179 181 185 202 234 240 245 ]
45: [ 19 23 73 80 92 106 113 130 144 171 ]
46: [ 65 94 116 161 206 207 227 ]
47: [ 31 39 50 71 79 113 127 173 174 195 203 238 244 245 ]
48: [ 2 62 64 74 86 119 122 123 193 200 207 211 216 228 ]
49: [ 18 22 25 71 119 125 137 186 200 224 241 ]
50: [ 2 40 47 68 73 75 78 80 96 118 122 139 158 159 223 242 ]
51: [ 15 19 21 38 79 108 133 166 192 194 ]
52: [ 64 75 100 102 145 146 162 189 222 227 232 ]
53: [ 6 36 39 41 108 115 122 161 184 192 244 ]
54: [ 25 60 117 138 147 182 184 197 203 228 234 240 243 ]
55: [ 72 73 103 108 141 156 199 214 238 ]
56: [ 34 117 127 211 216 239 248 ]
57: [ 43 71 89 101 104 115 124 142 146 147 150 175 177 199 202 218 224 226 228 236 243 246 ]
58: [ 88 98 105 109 111 155 160 161 173 204 208 248 ]
59: [ 2 19 21 42 62 67 74 82 84 119 158 165 170 184 248 ]
60: [ 54 63 113 115 147 148 151 188 205 214 238 241 246 ]
61: [ 1 8 35 41 72 85 86 97 106 111 116 118 124 135 155 184 193 197 204 210 232 ]
62: [ 15 32 48 59 78 110 132 145 146 161 170 218 235 237 238 248 ]
63: [ 9 23 34 60 76 79 87 90 107 147 193 246 ]
64: [ 19 25 48 52 81 96 115 118 144 158 178 185 203 204 216 236 ]
65: [ 28 46 155 157 170 191 216 249 ]
66: [ 9 13 40 76 83 87 132 133 141 142 160 161 178 179 185 215 236 239 242 ]
67: [ 36 59 113 116 123 133 176 188 210 215 219 221 224 227 ]
68: [ 22 32 33 44 50 75 94 96 104 121 145 148 179 184 222 238 ]
69: [ 98 155 162 244 ]
70: [ 3 9 88 95 106 108 127 146 187 199 230 233 ]
71: [ 7 29 30 40 47 49 57 94 106 108 111 116 118 143 155 173 211 ]
72: [ 5 8 17 21 29 31 40 42 55 61 79 93 94 106 107 119 141 150 151 161 166 208 222 229 242 ]
73: [ 2 22 41 45 50 55 83 98 118 152 174 194 207 213 216 230 232 238 246 ]
74: [ 1 27 41 48 59 104 119 144 151 155 165 225 233 241 243 244 248 ]
75: [ 5 8 12 30 32 50 52 68 87 123 133 140 145 170 180 191 206 233 234 241 245 ]
76: [ 9 33 63 66 85 97 112 146 153 169 193 196 218 237 240 ]
77: [ 8 39 95 101 107 126 133 136 137 182 184 206 227 243 245 ]
78: [ 33 40 42 50 62 92 98 103 111 149 156 173 205 206 210 214 ]
79: [ 4 19 31 35 41 47 51 63 72 92 124 139 144 185 189 194 220 224 236 ]
80: [ 45 50 114 118 136 147 181 195 199 208 214 ]
81: [ 22 31 64 192 217 226 ]
82: [ 8 24 41 44 59 96 100 110 124 133 141 142 150 153 158 213 230 ]
83: [ 9 11 18 66 73 94 100 107 121 125 129 136 213 225 235 237 ]
84: [ 21 36 59 122 146 151 152 155 182 205 230 235 ]
85: [ 29 61 76 86 90 107 147 158 168 181 ]
86: [ 4 17 33 48 61 85 100 101 133 136 146 153 159 186 193 205 ]
87: [ 5 7 9 18 30 63 66 75 104 117 122 133 141 173 183 184 192 210 217 225 246 ]
88: [ 14 58 70 112 116 152 195 204 211 ]
89: [ 21 26 36 57 115 122 145 156 178 222 230 ]
90: [ 34 63 85 104 137 140 154 170 172 183 245 ]
91: [ 26 31 39 113 155 195 199 229 ]
92: [ 45 78 79 118 141 186 ]
93: [ 2 12 13 72 110 147 153 155 159 167 180 198 207 208 211 216 218 ]
94: [ 13 33 42 46 68 71 72 83 96 103 114 116 118 123 141 158 217 233 242 ]
95: [ 11 16 21 29 70 77 120 135 144 153 154 169 175 184 200 214 219 ]
96: [ 16 24 33 40 43 50 64 68 82 94 114 138 149 169 171 173 188 247 ]
97: [ 31 61 76 102 108 120 126 131 165 195 232 236 ]
98: [ 11 29 36 44 58 69 73 78 122 136 149 156 165 166 169 214 216 226 ]
99: [ 2 12 22 26 40 101 118 120 146 155 162 179 202 217 ]
100: [ 1 4 44 52 82 83 86 101 111 116 130 144 160 179 180 211 213 248 ]
101: [ 1 2 5 18 57 77 86 99 100 129 170 174 179 183 184 198 200 215 247 ]
102: [ 52 97 126 133 146 195 201 207 214 242 247 ]
103: [ 15 22 35 55 78 94 105 122 125 141 152 161 175 187 212 214 226 ]
104: [ 25 38 42 57 68 74 87 90 109 127 131 138 153 212 213 220 227 232 235 236 246 ]
105: [ 15 58 103 135 179 180 195 234 248 ]
106: [ 11 19 22 45 61 70 71 72 131 143 153 167 190 199 212 ]
107: [ 19 30 35 39 63 72 77 83 85 122 123 147 155 165 182 213 226 231 233 239 246 ]
108: [ 5 15 42 51 53 55 70 71 97 109 119 138 169 173 179 198 199 205 211 222 226 ]
109: [ 17 58 104 108 113 114 177 186 187 191 215 226 ]
110: [ 1 16 62 82 93 115 116 122 124 143 191 205 221 240 242 ]
111: [ 5 32 44 58 61 71 78 100 116 121 132 137 140 165 172 183 201 216 222 231 233 ]
112: [ 18 26 76 88 118 129 134 153 155 159 166 ]
113: [ 16 23 26 35 45 47 60 67 91 109 118 130 136 149 152 155 177 194 213 222 ]
114: [ 18 26 80 94 96 109 156 173 199 216 228 ]
115: [ 44 53 57 60 64 89 110 183 195 198 212 216 229 244 ]
116: [ 8 24 31 39 41 44 46 61 67 71 88 94 100 110 111 168 172 182 199 230 232 ]
117: [ 5 6 27 38 54 56 87 129 135 138 146 216 231 244 ]
118: [ 15 28 50 61 64 71 73 80 92 94 99 112 113 128 136 149 155 161 170 185 222 ]
119: [ 9 17 22 29 36 48 49 59 72 74 108 124 134 150 151 155 157 159 198 199 204 217 232 235 ]
120: [ 95 97 99 151 153 154 164 199 237 ]
121: [ 15 19 30 68 83 111 122 128 133 148 191 205 226 230 243 ]
122: [ 7 11 20 26 39 41 48 50 53 84 87 89 98 103 107 110 121 124 137 159 161 169 186 200 206 226 239 249 ]
123: [ 18 24 25 34 35 48 67 75 94 107 131 133 158 163 164 167 182 191 194 204 205 225 ]
124: [ 4 13 39 57 61 79 82 110 119 122 146 149 150 177 178 187 191 213 222 ]
125: [ 1 2 23 29 39 49 83 103 237 ]
126: [ 8 24 77 97 102 140 141 151 162 167 173 197 212 237 ]
127: [ 6 15 18 24 26 44 47 56 70 104 133 143 151 152 165 167 191 193 208 210 231 ]
128: [ 21 30 118 121 135 184 233 234 244 ]
129: [ 83 101 112 117 147 148 159 193 217 238 ]
130: [ 41 43 45 100 113 178 184 214 231 ]
131: [ 19 30 97 104 106 123 145 179 198 233 240 ]
132: [ 9 15 62 66 111 149 170 245 ]
133: [ 8 15 51 66 67 75 77 82 86 87 102 121 123 127 139 153 156 186 189 215 231 234 238 ]
134: [ 112 119 170 198 235 ]
135: [ 8 24 61 95 105 117 128 152 155 181 187 215 ]
136: [ 15 77 80 83 86 98 113 118 148 228 235 ]
137: [ 8 11 49 77 90 111 122 148 164 180 188 191 193 198 210 228 237 240 ]
138: [ 20 30 36 43 54 96 104 108 117 187 206 207 223 232 246 ]
139: [ 3 11 29 41 43 50 79 133 141 168 182 ]
140: [ 2 75 90 111 126 244 248 ]
141: [ 8 11 31 55 66 72 82 87 92 94 103 126 139 163 186 ]
142: [ 2 57 66 82 154 178 187 205 217 229 ]
143: [ 1 6 13 26 28 71 106 110 127 167 176 183 193 200 206 213 234 247 ]
144: [ 2 5 22 31 44 45 64 74 79 95 100 145 153 208 228 247 ]
145: [ 52 62 68 75 89 131 144 173 179 185 208 211 220 228 231 ]
146: [ 6 26 32 39 43 52 57 62 70 76 84 86 99 102 117 124 147 152 191 220 ]
147: [ 42 54 57 60 63 80 85 93 107 129 146 157 162 172 214 233 238 240 245 ]
148: [ 19 21 33 34 60 68 121 129 136 137 156 178 183 207 211 220 221 225 247 ]
149: [ 3 31 33 42 78 96 98 113 118 124 132 155 184 210 212 220 240 243 247 ]
150: [ 57 72 82 119 124 175 228 244 ]
151: [ 8 18 32 60 72 74 84 119 120 126 127 163 194 195 198 214 229 242 ]
152: [ 24 31 73 84 88 103 113 127 135 146 157 160 162 192 220 223 240 248 ]
153: [ 13 25 31 39 41 76 82 86 93 95 104 106 112 120 133 144 157 164 189 192 232 ]
154: [ 11 17 24 33 42 90 95 120 142 182 211 222 235 ]
155: [ 58 61 65 69 71 74 84 91 93 99 107 112 113 118 119 135 149 171 176 185 189 196 207 212 ]
156: [ 55 78 89 98 114 133 148 157 163 180 190 194 232 236 245 ]
157: [ 5 12 15 26 31 65 119 147 152 153 156 162 174 180 193 199 ]
158: [ 2 5 11 35 50 59 64 82 85 94 123 161 164 171 193 202 205 207 227 238 ]
159: [ 14 50 86 93 112 119 122 129 185 189 206 248 ]
160: [ 58 66 100 152 238 241 ]
161: [ 46 53 58 62 66 72 103 118 122 158 191 194 199 207 213 227 244 ]
162: [ 33 52 69 99 126 147 152 157 164 204 247 ]
163: [ 31 123 141 151 156 165 189 ]
164: [ 120 123 137 153 158 162 222 ]
165: [ 12 59 74 97 98 107 111 127 163 235 241 ]
166: [ 11 51 72 98 112 173 186 199 215 232 ]
167: [ 13 27 35 93 106 123 126 127 143 173 191 200 203 213 237 242 246 ]
168: [ 9 13 18 40 85 116 139 219 ]
169: [ 13 76 95 96 98 108 122 171 179 195 234 ]
170: [ 5 59 62 65 75 90 101 118 132 134 194 206 227 233 ]
171: [ 8 32 45 96 155 158 169 193 216 232 ]
172: [ 22 32 43 90 111 116 147 193 199 232 235 246 ]
173: [ 3 11 25 31 41 47 58 71 78 87 96 108 114 126 145 166 167 194 217 222 ]
174: [ 7 9 19 22 47 73 101 157 187 191 235 240 241 250 ]
175: [ 1 57 95 103 150 187 192 219 222 ]
176: [ 20 67 143 155 211 232 235 242 243 248 ]
177: [ 13 21 43 57 109 113 124 200 240 ]
178: [ 41 64 66 89 124 130 142 148 184 189 205 ]
179: [ 8 14 44 66 68 99 100 101 105 108 131 145 169 192 204 219 ]
180: [ 9 75 93 100 105 137 156 157 194 204 207 217 245 ]
181: [ 35 43 44 80 85 135 192 237 ]
182: [ 54 77 84 107 116 123 139 154 210 ]
183: [ 1 3 6 87 90 101 111 115 143 148 210 216 219 223 ]
184: [ 25 31 53 54 59 61 68 77 87 95 101 128 130 149 178 220 233 238 241 ]
185: [ 16 44 64 66 79 118 145 155 159 193 217 231 247 ]
186: [ 33 49 86 92 109 122 133 141 166 238 ]
187: [ 70 103 109 124 135 138 142 174 175 214 215 227 246 ]
188: [ 34 42 60 67 96 137 206 210 250 ]
189: [ 39 52 79 133 153 155 159 163 178 195 214 226 227 ]
190: [ 15 30 106 156 192 201 ]
191: [ 21 31 33 43 65 75 109 110 121 123 124 127 137 146 161 167 174 199 202 204 235 246 ]
192: [ 19 34 51 53 81 87 152 153 175 179 181 190 210 222 227 232 ]
193: [ 29 30 34 41 43 48 61 63 76 86 127 129 137 143 157 158 171 172 185 217 222 223 226 228 234 238 245 ]
194: [ 13 35 40 51 73 79 113 123 151 156 161 170 173 180 197 209 237 ]
195: [ 43 47 80 88 91 97 102 105 115 151 169 189 231 232 245 ]
196: [ 38 76 155 197 ]
197: [ 36 42 54 61 126 194 196 202 232 236 ]
198: [ 1 23 93 101 108 115 119 131 134 137 151 203 204 230 247 ]
199: [ 1 15 55 57 70 80 91 106 108 114 116 119 120 157 161 166 172 191 207 215 216 218 226 ]
200: [ 29 48 49 95 101 122 143 167 177 219 225 228 232 234 235 248 ]
201: [ 7 102 111 190 215 220 ]
202: [ 29 44 57 99 158 191 197 229 232 ]
203: [ 5 23 25 47 54 64 167 198 215 ]
204: [ 4 9 11 15 23 58 61 64 88 119 123 162 179 180 191 198 209 ]
205: [ 2 5 6 30 60 78 84 86 108 110 121 123 142 158 178 241 ]
206: [ 11 19 22 41 43 46 75 77 78 122 138 143 159 170 188 214 221 ]
207: [ 5 15 21 41 46 48 73 93 102 138 148 155 158 161 180 199 234 245 ]
208: [ 19 26 58 72 80 93 127 144 145 ]
209: [ 15 194 204 225 238 ]
210: [ 4 6 8 23 24 30 34 37 61 67 78 87 127 137 149 182 183 188 192 234 235 240 244 ]
211: [ 19 35 48 56 71 88 93 100 108 145 148 154 176 214 215 226 233 234 ]
212: [ 1 5 33 103 104 106 115 126 149 155 ]
213: [ 4 12 73 82 83 100 104 107 113 124 143 161 167 ]
214: [ 1 5 12 23 33 40 55 60 78 80 95 98 102 103 130 147 151 187 189 206 211 216 233 ]
215: [ 18 30 43 66 67 101 109 133 135 166 187 199 201 203 211 ]
216: [ 6 13 48 56 64 65 73 93 98 111 114 115 117 171 183 199 214 230 244 ]
217: [ 1 27 31 81 87 94 99 119 129 142 173 180 185 193 220 234 240 245 ]
218: [ 2 12 15 22 24 57 62 76 93 199 239 ]
219: [ 8 67 95 168 175 179 183 200 220 240 ]
220: [ 39 43 79 104 145 146 148 149 152 184 201 217 219 222 226 235 ]
221: [ 5 10 67 110 148 206 224 225 231 240 ]
222: [ 12 19 52 68 72 89 108 111 113 118 124 154 164 173 175 192 193 220 ]
223: [ 15 50 138 152 183 193 232 ]
224: [ 43 49 57 67 79 221 ]
225: [ 2 17 74 83 87 123 148 200 209 221 228 232 ]
226: [ 22 28 33 57 81 98 103 107 108 109 121 122 189 193 199 211 220 230 234 236 ]
227: [ 1 14 19 32 34 46 52 67 77 104 158 161 170 187 189 192 234 ]
228: [ 48 54 57 114 136 137 144 145 150 193 200 225 232 241 ]
229: [ 16 17 72 91 115 142 151 202 238 ]
230: [ 13 28 70 73 82 84 89 116 121 198 216 226 236 ]
231: [ 107 111 117 127 130 133 145 185 195 221 243 ]
232: [ 13 40 41 52 61 73 97 104 116 119 138 153 156 166 171 172 176 192 195 197 200 202 223 225 228 ]
233: [ 4 8 19 20 70 74 75 94 107 111 128 131 147 170 184 211 214 246 ]
234: [ 3 12 15 44 54 75 105 128 133 143 169 193 200 207 210 211 217 226 227 ]
235: [ 25 62 83 84 104 119 134 136 154 165 172 174 176 191 200 210 220 ]
236: [ 12 39 43 57 64 66 79 97 104 156 197 226 230 250 ]
237: [ 4 43 62 76 83 120 125 126 137 167 181 194 249 ]
238: [ 11 21 43 47 55 60 62 68 73 129 133 147 158 160 184 186 193 209 229 239 240 ]
239: [ 30 34 56 66 107 122 218 238 250 ]
240: [ 35 39 44 54 76 110 131 137 147 149 152 174 177 210 217 219 221 238 243 ]
241: [ 3 22 25 34 40 49 60 74 75 160 165 174 184 205 228 243 248 ]
242: [ 50 66 72 94 102 110 151 167 176 ]
243: [ 1 15 54 57 74 77 121 149 176 231 240 241 ]
244: [ 2 41 47 53 69 74 115 117 128 140 150 161 210 216 ]
245: [ 5 44 47 75 77 90 132 147 156 180 193 195 207 217 ]
246: [ 21 25 57 60 63 73 87 104 107 138 167 172 187 191 233 ]
247: [ 2 8 96 101 102 143 144 148 149 162 185 198 ]
248: [ 2 9 13 26 30 56 58 59 62 74 100 105 140 152 159 176 200 241 ]
249: [ 25 65 122 237 ]
250: [ 174 188 236 239 ]
