1: [ 38 88 179 183 200 210 224 ]
2: [ 5 11 16 29 30 31 35 74 93 104 109 130 147 149 190 195 204 229 234 237 242 ]
3: [ 48 50 69 71 112 119 126 128 141 147 156 169 170 187 206 207 211 213 216 224 238 ]
4: [ 21 29 111 118 153 178 ]
5: [ 2 9 10 51 53 64 139 144 ]
6: [ 8 29 58 75 151 161 166 199 249 ]
7: [ 18 22 29 34 52 120 141 159 170 174 210 214 218 241 ]
8: [ 6 13 62 64 74 75 88 92 96 100 110 112 120 140 157 168 171 180 219 221 223 227 247 ]
9: [ 5 17 23 29 30 38 43 47 50 73 78 89 90 119 124 126 134 149 150 158 166 169 183 198 207 211 217 218 249 250 ]
10: [ 5 16 25 52 77 90 94 131 136 147 155 170 183 184 196 236 ]
11: [ 2 12 30 87 151 153 156 166 179 180 188 189 205 211 219 230 ]
12: [ 11 15 39 49 56 74 102 106 140 146 156 160 174 179 196 206 207 214 222 228 231 250 ]
13: [ 8 45 63 81 84 86 115 124 148 150 174 180 190 217 231 234 248 ]
14: [ 18 32 52 78 90 115 130 139 180 209 211 217 230 234 ]
15: [ 12 30 35 119 120 122 131 133 139 146 173 182 183 199 207 221 249 ]
16: [ 2 10 116 120 138 164 165 168 173 186 222 ]
17: [ 9 67 157 181 186 236 238 ]
18: [ 7 14 19 56 75 79 110 129 149 153 174 241 250 ]
19: [ 18 23 26 34 58 94 107 110 111 120 136 141 191 203 230 ]
20: [ 25 60 69 85 157 163 217 ]
21: [ 4 32 43 51 61 74 78 90 115 127 129 136 146 167 202 207 208 233 249 ]
22: [ 7 29 30 53 63 99 100 126 159 179 185 210 226 ]
23: [ 9 19 32 43 50 59 62 92 127 148 187 190 200 216 220 228 ]
24: [ 44 73 86 119 124 146 164 190 205 238 243 ]
25: [ 10 20 111 128 167 200 214 225 227 ]
26: [ 19 43 44 49 70 100 104 110 154 203 210 231 245 ]
27: [ 43 44 60 65 70 73 78 81 98 127 176 183 193 194 227 229 ]
28: [ 36 42 44 69 81 83 109 110 111 121 147 160 240 ]
29: [ 2 4 6 7 9 22 56 66 79 102 136 155 160 169 170 184 188 201 204 207 209 219 230 239 244 ]
30: [ 2 9 11 15 22 71 81 91 97 103 109 114 124 139 152 169 225 233 243 ]
31: [ 2 32 68 102 115 132 136 164 174 208 213 235 241 243 245 ]
32: [ 14 21 23 31 33 42 44 49 73 115 117 127 130 170 175 201 ]
33: [ 32 61 117 162 174 192 197 ]
34: [ 7 19 61 75 80 126 160 164 175 192 216 232 235 237 ]
35: [ 2 15 78 117 170 184 ]
36: [ 28 70 94 137 160 189 231 ]
37: [ 45 68 78 81 107 113 117 125 128 131 147 148 160 167 170 193 196 230 240 ]
38: [ 1 9 56 60 61 115 126 128 132 134 135 161 162 166 171 172 173 175 198 215 227 244 ]
39: [ 12 40 75 93 129 136 179 187 189 ]
40: [ 39 108 180 181 218 220 222 ]
41: [ 42 125 173 182 187 210 223 234 239 ]
42: [ 28 32 41 60 79 89 93 95 144 ]
43: [ 9 21 23 26 27 70 77 81 97 100 103 132 147 152 156 171 185 187 193 220 225 233 239 ]
44: [ 24 26 27 28 32 45 50 51 58 78 94 144 194 200 214 216 225 234 ]
45: [ 13 37 44 80 81 100 135 141 158 165 170 182 215 220 237 240 250 ]
46: [ 73 74 75 92 104 107 169 171 172 175 181 183 191 222 234 245 ]
47: [ 9 52 66 85 88 103 105 107 111 121 128 149 226 245 248 ]
48: [ 3 74 90 161 207 217 220 229 232 237 249 ]
49: [ 12 26 32 54 88 93 111 116 153 ]
50: [ 3 9 23 44 62 105 112 117 120 139 140 147 170 201 206 249 ]
51: [ 5 21 44 105 106 107 112 127 129 134 159 218 223 227 235 245 ]
52: [ 7 10 14 47 83 85 90 95 113 178 182 185 187 ]
53: [ 5 22 94 105 107 108 118 123 128 142 157 173 187 193 221 237 ]
54: [ 49 74 139 183 205 206 225 230 240 ]
55: [ 59 62 109 169 216 224 233 ]
56: [ 12 18 29 38 63 70 118 149 172 180 185 187 198 211 224 ]
57: [ 58 60 93 96 107 139 149 172 186 212 213 215 222 231 ]
58: [ 6 19 44 57 69 79 96 104 149 150 151 156 165 175 176 185 188 199 220 224 227 ]
59: [ 23 55 60 78 108 131 165 170 185 219 ]
60: [ 20 27 38 42 57 59 67 76 107 112 151 168 180 189 206 218 250 ]
61: [ 21 33 34 38 64 69 91 110 136 138 145 156 159 174 182 190 207 217 225 233 243 246 ]
62: [ 8 23 50 55 67 99 102 110 ]
63: [ 13 22 56 67 77 100 102 109 111 113 122 149 151 215 247 ]
64: [ 5 8 61 79 111 137 138 160 218 ]
65: [ 27 90 103 107 157 188 201 219 222 228 ]
66: [ 29 47 91 93 116 151 170 173 189 190 210 ]
67: [ 17 60 62 63 87 111 122 133 136 150 175 202 236 ]
68: [ 31 37 87 99 118 155 177 191 202 206 211 ]
69: [ 3 20 28 58 61 80 102 105 119 132 144 156 178 205 216 237 ]
70: [ 26 27 36 43 56 80 85 92 101 109 155 159 160 215 243 246 ]
71: [ 3 30 81 86 115 142 165 168 189 202 ]
72: [ 189 236 ]
73: [ 9 24 27 32 46 80 119 123 161 182 188 193 196 199 214 215 217 222 235 236 239 ]
74: [ 2 8 12 21 46 48 54 110 115 118 172 186 188 189 195 ]
75: [ 6 8 18 34 39 46 98 116 142 148 164 165 185 191 204 217 224 ]
76: [ 60 119 151 160 170 209 230 ]
77: [ 10 43 63 79 118 154 174 184 193 222 ]
78: [ 9 14 21 27 35 37 44 59 80 95 114 116 139 143 185 188 192 194 231 ]
79: [ 18 29 42 58 64 77 132 151 165 169 174 180 211 230 233 240 ]
80: [ 34 45 69 70 73 78 102 108 110 117 127 179 186 187 191 194 207 209 217 229 ]
81: [ 13 27 28 30 37 43 45 71 93 122 134 177 214 ]
82: [ 93 104 115 151 156 157 162 167 214 ]
83: [ 28 52 133 153 171 177 204 209 237 244 ]
84: [ 13 106 158 244 ]
85: [ 20 47 52 70 87 90 99 106 120 128 143 181 182 190 213 218 225 ]
86: [ 13 24 71 88 108 115 118 123 129 133 148 158 159 166 177 180 191 217 219 220 222 227 236 ]
87: [ 11 67 68 85 93 94 127 141 175 180 184 186 188 241 ]
88: [ 1 8 47 49 86 148 163 212 215 ]
89: [ 9 42 113 122 143 147 161 175 211 216 231 ]
90: [ 9 10 14 21 48 52 65 85 103 106 146 165 208 210 224 236 ]
91: [ 30 61 66 139 167 237 ]
92: [ 8 23 46 70 120 133 135 142 144 156 174 238 ]
93: [ 2 39 42 49 57 66 81 82 87 105 131 132 142 143 164 167 172 185 199 201 229 ]
94: [ 10 19 36 44 53 87 115 121 139 142 154 185 206 239 ]
95: [ 42 52 78 115 134 146 164 191 230 ]
96: [ 8 57 58 104 111 114 141 172 206 230 234 ]
97: [ 30 43 105 109 117 148 162 168 200 208 221 229 237 ]
98: [ 27 75 104 105 151 190 244 ]
99: [ 22 62 68 85 142 145 149 177 238 247 ]
100: [ 8 22 26 43 45 63 129 134 222 247 ]
101: [ 70 130 159 172 224 234 ]
102: [ 12 29 31 62 63 69 80 107 110 117 118 127 159 170 174 177 179 189 193 216 222 226 232 238 245 249 250 ]
103: [ 30 43 47 65 90 111 142 156 184 213 215 224 227 240 241 ]
104: [ 2 26 46 58 82 96 98 111 120 144 146 163 187 192 198 210 228 232 234 239 ]
105: [ 47 50 51 53 69 93 97 98 114 130 164 178 225 ]
106: [ 12 51 84 85 90 137 147 171 188 206 208 211 228 231 244 249 ]
107: [ 19 37 46 47 51 53 57 60 65 102 120 189 193 216 227 ]
108: [ 40 53 59 80 86 111 117 132 186 189 234 ]
109: [ 2 28 30 55 63 70 97 141 143 147 150 158 167 190 194 198 ]
110: [ 8 18 19 26 28 61 62 74 80 102 149 151 156 174 182 183 196 215 220 228 249 ]
111: [ 4 19 25 28 47 49 63 64 67 96 103 104 108 122 134 170 193 200 203 231 248 ]
112: [ 3 8 50 51 60 122 132 142 152 169 222 234 235 244 ]
113: [ 37 52 63 89 116 134 154 156 163 230 231 ]
114: [ 30 78 96 105 146 147 177 184 187 193 226 ]
115: [ 13 14 21 31 32 38 71 74 82 86 94 95 128 135 142 147 159 170 171 176 209 231 237 238 240 243 ]
116: [ 16 49 66 75 78 113 158 174 201 231 ]
117: [ 32 33 35 37 50 80 97 102 108 130 140 141 156 181 184 187 213 224 233 ]
118: [ 4 53 56 68 74 77 86 102 151 232 241 248 ]
119: [ 3 9 15 24 69 73 76 122 128 145 159 186 187 214 ]
120: [ 7 8 15 16 19 50 85 92 104 107 132 162 179 218 227 ]
121: [ 28 47 94 126 150 169 211 ]
122: [ 15 63 67 81 89 111 112 119 150 152 166 187 188 189 204 227 228 ]
123: [ 53 73 86 151 172 181 186 194 214 243 ]
124: [ 9 13 24 30 153 156 202 220 223 233 242 ]
125: [ 37 41 180 200 ]
126: [ 3 9 22 34 38 121 146 215 228 245 246 247 ]
127: [ 21 23 27 32 51 80 87 102 145 156 186 194 221 238 249 ]
128: [ 3 25 37 38 47 53 85 115 119 136 137 141 142 150 159 164 165 174 177 236 246 ]
129: [ 18 21 39 51 86 100 133 164 169 208 211 242 ]
130: [ 2 14 32 101 105 117 228 249 ]
131: [ 10 15 37 59 93 185 201 228 ]
132: [ 31 38 43 69 79 93 108 112 120 146 184 191 214 236 ]
133: [ 15 67 83 86 92 129 174 224 228 231 ]
134: [ 9 38 51 81 95 100 111 113 140 149 158 160 162 186 199 213 219 228 234 236 240 ]
135: [ 38 45 92 115 136 169 180 ]
136: [ 10 19 21 29 31 39 61 67 128 135 153 156 180 201 207 212 220 ]
137: [ 36 64 106 128 152 160 176 215 225 230 244 ]
138: [ 16 61 64 150 188 193 225 ]
139: [ 5 14 15 30 50 54 57 78 91 94 153 165 166 170 171 208 210 236 244 ]
140: [ 8 12 50 117 134 144 224 ]
141: [ 3 7 19 45 87 96 109 117 128 160 182 207 233 236 244 ]
142: [ 53 71 75 92 93 94 99 103 112 115 128 149 151 168 217 247 249 250 ]
143: [ 78 85 89 93 109 166 181 ]
144: [ 5 42 44 69 92 104 140 152 155 182 207 231 ]
145: [ 61 99 119 127 205 214 223 229 ]
146: [ 12 15 21 24 90 95 104 114 126 132 148 177 189 193 207 209 ]
147: [ 2 3 10 28 37 43 50 89 106 109 114 115 151 224 237 ]
148: [ 13 23 37 75 86 88 97 146 154 168 182 189 209 211 219 231 238 239 247 ]
149: [ 2 9 18 47 56 57 58 63 99 110 134 142 152 193 201 206 218 226 237 249 ]
150: [ 9 13 58 67 109 121 122 128 138 179 191 210 211 219 241 ]
151: [ 6 11 58 60 63 66 76 79 82 98 110 118 123 142 147 164 182 213 222 236 ]
152: [ 30 43 112 122 137 144 149 164 181 184 203 217 243 244 249 ]
153: [ 4 11 18 49 83 124 136 139 191 201 202 216 226 230 234 238 ]
154: [ 26 77 94 113 148 156 162 181 185 ]
155: [ 10 29 68 70 144 175 177 184 201 211 218 227 ]
156: [ 3 11 12 43 58 61 69 82 92 103 110 113 117 124 127 136 154 169 200 233 247 ]
157: [ 8 17 20 53 65 82 170 218 220 231 244 ]
158: [ 9 45 84 86 109 116 134 175 181 193 194 213 228 ]
159: [ 7 22 51 61 70 86 101 102 115 119 128 173 175 179 186 187 194 201 207 212 230 234 ]
160: [ 12 28 29 34 36 37 64 70 76 134 137 141 175 186 193 194 196 198 204 228 246 ]
161: [ 6 38 48 73 89 162 185 191 194 214 217 219 231 237 ]
162: [ 33 38 82 97 120 134 154 161 210 215 231 ]
163: [ 20 88 104 113 164 175 191 217 231 ]
164: [ 16 24 31 34 75 93 95 105 128 129 151 152 163 174 190 204 ]
165: [ 16 45 58 59 71 75 79 90 128 139 183 202 211 217 232 249 ]
166: [ 6 9 11 38 86 122 139 143 183 189 205 222 ]
167: [ 21 25 37 82 91 93 109 182 187 204 211 227 228 233 245 249 ]
168: [ 8 16 60 71 97 142 148 190 217 222 231 ]
169: [ 3 9 29 30 46 55 79 112 121 129 135 156 200 212 224 243 ]
170: [ 3 7 10 29 32 35 37 45 50 59 66 76 102 111 115 139 157 199 221 223 224 228 232 ]
171: [ 8 38 43 46 83 106 115 139 188 201 208 ]
172: [ 38 46 56 57 74 93 96 101 123 216 222 226 ]
173: [ 15 16 38 41 53 66 159 178 208 234 248 ]
174: [ 7 12 13 18 31 33 61 77 79 92 102 110 116 128 133 164 192 199 219 224 225 230 240 ]
175: [ 32 34 38 46 58 67 87 89 155 158 159 160 163 186 244 247 ]
176: [ 27 58 115 137 180 192 194 210 227 ]
177: [ 68 81 83 86 99 102 114 128 146 155 179 180 221 242 ]
178: [ 4 52 69 105 173 212 221 ]
179: [ 1 11 12 22 39 80 102 120 150 159 177 181 ]
180: [ 8 11 13 14 40 56 60 79 86 87 125 135 136 176 177 184 188 191 194 201 205 208 239 242 ]
181: [ 17 40 46 85 117 123 143 152 154 158 179 182 210 224 238 ]
182: [ 15 41 45 52 61 73 85 110 141 144 148 151 167 181 190 193 ]
183: [ 1 9 10 15 27 46 54 110 165 166 217 248 ]
184: [ 10 29 35 77 87 103 114 117 132 152 155 180 187 207 225 231 ]
185: [ 22 43 52 56 58 59 75 78 93 94 131 154 161 189 220 231 249 ]
186: [ 16 17 57 74 80 87 108 119 123 127 134 159 160 175 206 210 218 222 236 242 244 ]
187: [ 3 23 39 41 43 52 53 56 80 104 114 117 119 122 159 167 184 202 205 218 ]
188: [ 11 29 58 65 73 74 78 87 106 122 138 171 180 190 215 228 230 ]
189: [ 11 36 39 60 66 71 72 74 102 107 108 122 146 148 166 185 196 208 214 ]
190: [ 2 13 23 24 61 66 85 98 109 164 168 182 188 191 208 ]
191: [ 19 46 68 75 80 86 95 132 150 153 161 163 180 190 201 207 208 234 ]
192: [ 33 34 78 104 174 176 205 215 217 221 230 247 ]
193: [ 27 37 43 53 73 77 102 107 111 114 138 146 149 158 160 182 230 231 244 ]
194: [ 27 44 78 80 109 123 127 158 159 160 161 176 180 197 199 227 231 ]
195: [ 2 74 198 207 224 ]
196: [ 10 12 37 73 110 160 189 233 236 243 ]
197: [ 33 194 210 244 ]
198: [ 9 38 56 104 109 160 195 224 ]
199: [ 6 15 58 73 93 134 170 174 194 208 211 241 ]
200: [ 1 23 25 44 97 111 125 156 169 209 ]
201: [ 29 32 50 65 93 116 131 136 149 153 155 159 171 180 191 212 218 220 223 229 243 249 ]
202: [ 21 67 68 71 124 153 165 187 206 228 245 ]
203: [ 19 26 111 152 ]
204: [ 2 29 75 83 122 160 164 167 ]
205: [ 11 24 54 69 145 166 180 187 192 218 237 243 ]
206: [ 3 12 50 54 60 68 94 96 106 149 186 202 207 217 227 ]
207: [ 3 9 12 15 21 29 48 61 80 136 141 144 146 159 184 191 195 206 220 247 ]
208: [ 21 31 90 97 106 129 139 171 173 180 189 190 191 199 216 249 ]
209: [ 14 29 76 80 83 115 146 148 200 239 ]
210: [ 1 7 22 26 41 66 90 104 139 150 162 176 181 186 197 217 233 240 249 ]
211: [ 3 9 11 14 56 68 79 89 106 121 129 148 150 155 165 167 199 231 235 ]
212: [ 57 88 136 159 169 178 201 225 233 ]
213: [ 3 31 57 85 103 117 134 151 158 216 ]
214: [ 7 12 25 44 73 81 82 119 123 132 145 161 189 231 ]
215: [ 38 45 57 63 70 73 88 103 110 126 137 162 188 192 223 227 229 232 ]
216: [ 3 23 34 44 55 69 89 102 107 153 172 208 213 218 226 227 229 237 ]
217: [ 9 13 14 20 48 61 73 75 80 86 142 152 161 163 165 168 183 192 206 210 245 ]
218: [ 7 9 40 51 60 64 85 120 149 155 157 186 187 201 205 216 242 ]
219: [ 8 11 29 59 65 86 134 148 150 161 174 225 ]
220: [ 23 40 43 45 48 58 86 110 124 136 157 185 201 207 221 228 ]
221: [ 8 15 53 97 127 170 177 178 192 220 222 234 ]
222: [ 12 16 40 46 57 65 73 77 86 100 102 112 151 166 168 172 186 221 233 ]
223: [ 8 41 51 124 145 170 201 215 ]
224: [ 1 3 55 56 58 75 90 101 103 117 133 140 147 169 170 174 181 195 198 241 243 249 ]
225: [ 25 30 43 44 54 61 85 105 137 138 174 184 212 219 234 239 ]
226: [ 22 47 102 114 149 153 172 216 247 ]
227: [ 8 25 27 38 51 58 86 103 107 120 122 155 167 176 194 206 215 216 243 247 249 ]
228: [ 12 23 65 104 106 110 122 126 130 131 133 134 158 160 167 170 188 202 220 230 239 245 ]
229: [ 2 27 48 80 93 97 145 201 215 216 ]
230: [ 11 14 19 29 37 54 76 79 95 96 113 137 153 159 174 188 192 193 228 ]
231: [ 12 13 26 36 57 78 89 106 111 113 115 116 133 144 148 157 161 162 163 168 184 185 193 194 211 214 232 ]
232: [ 34 48 102 104 118 165 170 215 231 244 249 ]
233: [ 21 30 43 55 61 79 117 124 141 156 167 196 210 212 222 ]
234: [ 2 13 14 41 44 46 96 101 104 108 112 134 153 159 173 191 221 225 237 ]
235: [ 31 34 51 73 112 211 ]
236: [ 10 17 67 72 73 86 90 128 132 134 139 141 151 186 196 ]
237: [ 2 34 45 48 53 69 83 91 97 115 147 149 161 205 216 234 246 ]
238: [ 3 17 24 92 99 102 115 127 148 153 181 247 ]
239: [ 29 41 43 73 94 104 148 180 209 225 228 ]
240: [ 28 37 45 54 79 103 115 134 174 210 ]
241: [ 7 18 31 87 103 118 150 199 224 243 ]
242: [ 2 124 129 177 180 186 218 249 ]
243: [ 24 30 31 61 70 115 123 152 169 196 201 205 224 227 241 248 ]
244: [ 29 38 83 84 98 106 112 137 139 141 152 157 175 186 193 197 232 247 ]
245: [ 26 31 46 47 51 102 126 167 202 217 228 ]
246: [ 61 70 126 128 160 237 ]
247: [ 8 63 99 100 126 142 148 156 175 192 207 226 227 238 244 ]
248: [ 13 47 111 118 173 183 243 ]
249: [ 6 9 15 21 48 50 102 106 110 127 130 142 149 152 165 167 185 201 208 210 224 227 232 242 ]
250: [ 9 12 18 45 60 102 142 ]
