1: [ 37 112 115 128 134 159 184 208 222 233 ]
2: [ 5 59 80 82 105 129 168 173 206 213 246 ]
3: [ 37 62 77 111 121 140 164 169 207 215 222 ]
4: [ 20 21 22 58 86 95 112 115 146 154 166 195 213 216 232 240 250 ]
5: [ 2 6 9 16 32 34 64 66 74 99 100 127 142 150 161 168 217 246 ]
6: [ 5 18 36 49 57 62 103 105 113 121 166 209 218 221 224 225 ]
7: [ 23 35 75 109 134 155 218 221 235 248 ]
8: [ 20 27 46 98 100 103 168 171 179 200 207 216 ]
9: [ 5 14 18 37 41 53 85 95 104 132 139 141 162 165 180 189 198 ]
10: [ 19 21 25 94 105 106 109 111 115 122 132 141 154 175 189 192 200 208 222 ]
11: [ 14 18 19 64 81 86 104 106 137 167 171 173 177 179 188 198 203 214 217 218 219 228 238 241 242 250 ]
12: [ 20 30 36 50 55 71 99 121 136 157 191 224 235 239 ]
13: [ 39 42 48 55 89 104 114 117 129 143 184 230 233 235 243 ]
14: [ 9 11 55 62 75 81 84 114 116 125 140 146 159 167 180 185 201 213 225 250 ]
15: [ 35 61 85 87 92 101 157 174 208 224 227 229 239 247 248 ]
16: [ 5 28 31 38 43 51 81 84 89 95 98 127 136 140 163 167 173 210 ]
17: [ 37 125 159 200 ]
18: [ 6 9 11 34 38 97 114 118 147 210 215 233 ]
19: [ 10 11 21 27 93 99 117 122 134 146 153 195 207 209 216 230 236 ]
20: [ 4 8 12 36 37 47 73 75 109 110 121 122 130 153 159 182 200 209 241 ]
21: [ 4 10 19 53 57 64 67 84 102 132 149 157 215 240 ]
22: [ 4 26 27 30 50 87 94 100 124 132 152 161 162 183 213 216 226 ]
23: [ 7 45 72 80 89 112 123 133 162 164 181 204 206 212 218 ]
24: [ 76 99 127 147 158 184 201 ]
25: [ 10 38 93 214 215 236 ]
26: [ 22 40 60 73 102 112 135 137 144 146 166 180 188 200 208 210 215 237 241 245 ]
27: [ 8 19 22 59 68 95 117 129 138 213 237 248 ]
28: [ 16 34 77 80 87 88 164 171 177 178 182 194 200 242 ]
29: [ 37 106 110 171 184 207 221 239 ]
30: [ 12 22 49 77 113 120 133 180 184 215 ]
31: [ 16 78 90 122 168 202 213 229 233 ]
32: [ 5 58 60 61 66 78 87 105 120 122 131 136 171 184 190 201 203 206 233 237 238 ]
33: [ 39 46 51 52 111 133 218 245 ]
34: [ 5 18 28 41 49 67 68 103 106 107 125 165 170 174 198 210 211 212 229 241 ]
35: [ 7 15 52 67 68 88 102 121 133 140 141 142 147 184 244 ]
36: [ 6 12 20 37 64 91 97 102 108 120 126 164 171 195 233 240 ]
37: [ 1 3 9 17 20 29 36 53 61 65 66 87 116 167 176 181 205 211 223 227 239 246 ]
38: [ 16 18 25 48 89 90 99 102 111 125 129 137 144 151 171 187 191 202 217 221 222 224 240 ]
39: [ 13 33 46 102 114 138 176 177 179 211 212 220 240 ]
40: [ 26 76 80 81 90 104 129 135 137 161 162 167 180 181 189 194 ]
41: [ 9 34 54 55 107 113 130 143 161 167 201 207 ]
42: [ 13 55 73 86 88 100 120 143 169 178 209 210 213 228 ]
43: [ 16 84 97 ]
44: [ 132 135 242 ]
45: [ 23 46 76 81 105 112 134 175 184 215 230 ]
46: [ 8 33 39 45 60 71 73 74 85 89 118 122 149 152 185 187 189 195 197 203 ]
47: [ 20 87 128 198 211 219 237 ]
48: [ 13 38 57 66 73 117 122 130 133 136 188 221 228 233 ]
49: [ 6 30 34 71 79 118 130 178 180 188 195 214 236 ]
50: [ 12 22 52 62 91 104 141 145 150 202 211 222 241 ]
51: [ 16 33 64 138 164 169 192 200 204 ]
52: [ 33 35 50 76 111 118 134 180 184 220 235 ]
53: [ 9 21 37 54 82 85 159 173 215 219 230 243 ]
54: [ 41 53 55 66 92 98 112 125 147 157 173 196 ]
55: [ 12 13 14 41 42 54 67 85 86 87 140 151 165 201 202 ]
56: [ 61 75 85 128 141 142 144 165 169 180 194 238 240 ]
57: [ 6 21 48 71 109 111 121 122 136 137 144 158 195 199 202 227 234 ]
58: [ 4 32 84 101 111 116 127 149 161 174 201 214 223 227 ]
59: [ 2 27 75 114 171 214 228 243 ]
60: [ 26 32 46 75 86 144 ]
61: [ 15 32 37 56 67 70 94 103 109 184 186 192 197 200 208 214 222 232 240 247 ]
62: [ 3 6 14 50 67 76 85 97 112 139 158 162 176 181 206 240 242 ]
63: [ 81 89 103 144 158 166 167 171 217 ]
64: [ 5 11 21 36 51 68 73 74 89 115 130 153 173 188 195 216 233 239 243 248 ]
65: [ 37 88 98 105 111 168 169 200 207 223 ]
66: [ 5 32 37 48 54 68 70 81 87 89 98 104 106 122 145 157 166 169 177 189 199 218 226 234 235 ]
67: [ 21 34 35 55 61 62 89 95 121 130 136 138 144 167 184 199 200 201 207 209 211 212 245 ]
68: [ 27 34 35 64 66 71 94 95 124 168 197 211 215 248 ]
69: [ 71 86 97 112 162 167 180 200 202 ]
70: [ 61 66 79 99 101 115 125 166 186 203 216 ]
71: [ 12 46 49 57 68 69 80 94 97 132 148 151 185 194 218 ]
72: [ 23 93 144 168 172 184 196 199 216 ]
73: [ 20 26 42 46 48 64 80 102 106 127 148 158 186 192 202 215 250 ]
74: [ 5 46 64 107 115 123 140 143 144 149 168 179 196 206 207 ]
75: [ 7 14 20 56 59 60 78 113 123 134 224 232 ]
76: [ 24 40 45 52 62 87 93 97 108 117 127 155 168 198 203 223 230 245 ]
77: [ 3 28 30 92 169 188 199 216 222 227 240 ]
78: [ 31 32 75 91 96 104 107 121 186 194 199 222 228 236 248 ]
79: [ 49 70 83 104 187 216 228 239 ]
80: [ 2 23 28 40 71 73 87 108 111 118 140 222 237 ]
81: [ 11 14 16 40 45 63 66 85 114 119 121 134 136 146 182 193 196 207 213 218 219 226 236 238 ]
82: [ 2 53 83 86 141 151 224 ]
83: [ 79 82 96 116 130 135 143 156 158 204 235 239 ]
84: [ 14 16 21 43 58 97 101 121 147 157 165 172 176 190 198 200 238 242 ]
85: [ 9 15 46 53 55 56 62 81 91 93 110 136 150 155 157 164 189 199 222 227 229 234 246 ]
86: [ 4 11 42 55 60 69 82 97 126 128 130 187 194 196 199 200 207 216 217 ]
87: [ 15 22 28 32 37 47 55 66 76 80 91 143 169 173 216 239 249 ]
88: [ 28 35 42 65 104 130 186 199 220 225 ]
89: [ 13 16 23 38 46 63 64 66 67 90 153 164 177 198 ]
90: [ 31 38 40 89 102 139 148 152 156 159 169 189 190 192 193 201 233 ]
91: [ 36 50 78 85 87 92 96 139 155 160 162 169 176 216 230 ]
92: [ 15 54 77 91 97 98 112 125 131 136 141 145 152 155 160 177 183 186 197 198 204 216 219 ]
93: [ 19 25 72 76 85 102 109 118 125 148 149 162 195 196 239 ]
94: [ 10 22 61 68 71 99 122 141 155 172 178 203 225 227 ]
95: [ 4 9 16 27 67 68 121 125 127 149 158 173 181 183 190 191 207 231 ]
96: [ 78 83 91 105 136 162 181 206 222 ]
97: [ 18 36 43 62 69 71 76 84 86 92 112 113 131 137 147 155 163 171 185 219 220 224 ]
98: [ 8 16 54 65 66 92 99 111 114 177 186 190 200 204 208 216 221 222 224 229 230 240 ]
99: [ 5 12 19 24 38 70 94 98 101 122 136 147 148 152 160 190 205 222 231 233 ]
100: [ 5 8 22 42 101 114 122 143 151 161 198 206 209 221 234 237 246 248 ]
101: [ 15 58 70 84 99 100 143 153 160 163 182 215 244 ]
102: [ 21 26 35 36 38 39 73 90 93 106 111 121 129 131 165 180 186 189 218 248 ]
103: [ 6 8 34 61 63 110 112 122 153 162 163 196 219 223 228 235 ]
104: [ 9 11 13 40 50 66 78 79 88 122 125 138 171 184 196 204 215 241 242 ]
105: [ 2 6 10 32 45 65 96 110 114 115 117 137 143 154 176 195 200 204 218 225 ]
106: [ 10 11 29 34 66 73 102 108 140 164 168 179 194 ]
107: [ 34 41 74 78 109 185 190 196 201 ]
108: [ 36 76 80 106 109 134 139 181 196 200 209 220 236 ]
109: [ 7 10 20 57 61 93 107 108 127 142 144 149 183 213 243 ]
110: [ 20 29 85 103 105 133 158 167 229 247 ]
111: [ 3 10 33 38 52 57 58 65 80 98 102 146 178 194 195 196 204 222 223 230 235 ]
112: [ 1 4 23 26 45 54 62 69 92 97 103 140 159 168 169 182 199 209 213 222 232 234 ]
113: [ 6 30 41 75 97 114 174 190 204 219 226 227 234 238 ]
114: [ 13 14 18 39 59 81 98 100 105 113 140 154 178 192 202 205 209 211 222 247 ]
115: [ 1 4 10 64 70 74 105 118 120 126 171 184 198 216 221 234 ]
116: [ 14 37 58 83 141 154 162 184 194 205 244 ]
117: [ 13 19 27 48 76 105 123 195 203 210 225 236 246 ]
118: [ 18 46 49 52 80 93 115 129 133 141 176 186 216 220 ]
119: [ 81 125 140 236 ]
120: [ 30 32 36 42 115 148 154 160 173 192 201 221 ]
121: [ 3 6 12 20 35 57 67 78 81 84 95 102 124 154 161 167 188 215 227 235 236 242 246 ]
122: [ 10 19 20 31 32 46 48 57 66 94 99 100 103 104 158 186 197 210 242 247 ]
123: [ 23 74 75 117 139 144 150 165 ]
124: [ 22 68 121 169 222 ]
125: [ 14 17 34 38 54 70 92 93 95 104 119 143 153 163 177 184 186 204 217 218 219 221 250 ]
126: [ 36 86 115 175 181 196 202 213 219 246 ]
127: [ 5 16 24 58 73 76 95 109 128 133 177 187 237 246 ]
128: [ 1 47 56 86 127 133 137 145 148 172 ]
129: [ 2 13 27 38 40 102 118 149 158 164 177 178 183 188 192 196 197 198 201 217 235 ]
130: [ 20 41 48 49 64 67 83 86 88 138 143 182 191 194 201 217 247 ]
131: [ 32 92 97 102 145 197 204 240 ]
132: [ 9 10 21 22 44 71 144 198 208 234 ]
133: [ 23 30 33 35 48 110 118 127 128 137 143 153 163 173 176 178 187 216 222 238 247 ]
134: [ 1 7 19 45 52 75 81 108 155 173 176 194 196 210 213 222 232 241 ]
135: [ 26 40 44 83 136 146 172 177 196 225 246 ]
136: [ 12 16 32 48 57 67 81 85 92 96 99 135 160 230 237 ]
137: [ 11 26 38 40 57 97 105 128 133 155 168 173 203 ]
138: [ 27 39 51 67 104 130 159 167 168 172 192 203 212 226 232 241 246 ]
139: [ 9 62 90 91 108 123 177 193 197 215 218 ]
140: [ 3 14 16 35 55 74 80 106 112 114 119 168 172 190 211 219 229 ]
141: [ 9 10 35 50 56 82 92 94 116 118 154 178 181 183 217 240 245 ]
142: [ 5 35 56 109 157 168 201 ]
143: [ 13 41 42 74 83 87 100 101 105 125 130 133 145 165 179 187 204 224 233 246 ]
144: [ 26 38 56 57 60 63 67 72 74 109 123 132 160 164 177 182 186 197 199 201 213 223 231 235 248 249 ]
145: [ 50 66 92 128 131 143 218 234 238 244 ]
146: [ 4 14 19 26 81 111 135 179 207 211 ]
147: [ 18 24 35 54 84 97 99 160 173 185 204 211 228 236 ]
148: [ 71 73 90 93 99 120 128 188 223 ]
149: [ 21 46 58 74 93 95 109 129 181 ]
150: [ 5 50 85 123 167 172 175 183 209 212 224 245 ]
151: [ 38 55 71 82 100 160 169 185 213 214 224 235 ]
152: [ 22 46 90 92 99 163 214 233 243 ]
153: [ 19 20 64 89 101 103 125 133 160 169 173 226 ]
154: [ 4 10 105 114 116 120 121 141 164 201 239 241 ]
155: [ 7 76 85 91 92 94 97 134 137 191 193 236 ]
156: [ 83 90 164 183 200 201 218 242 ]
157: [ 12 15 21 54 66 84 85 142 176 177 186 199 223 225 236 ]
158: [ 24 57 62 63 73 83 95 110 122 129 161 166 176 178 197 208 215 219 ]
159: [ 1 14 17 20 53 90 112 138 166 171 184 188 197 223 236 ]
160: [ 91 92 99 101 120 136 144 147 151 153 164 199 212 224 237 ]
161: [ 5 22 40 41 58 100 121 158 199 204 ]
162: [ 9 22 23 40 62 69 91 93 96 103 116 167 193 207 214 216 244 247 ]
163: [ 16 97 101 103 125 133 152 235 ]
164: [ 3 23 28 36 51 85 89 106 129 144 154 156 160 169 203 214 232 247 ]
165: [ 9 34 55 56 84 102 123 143 182 213 248 ]
166: [ 4 6 26 63 66 70 158 159 172 182 204 207 217 227 ]
167: [ 11 14 16 37 40 41 63 67 69 110 121 138 150 162 169 173 176 ]
168: [ 2 5 8 31 65 68 72 74 76 106 112 137 138 140 142 175 181 201 205 207 220 222 227 232 ]
169: [ 3 42 51 56 65 66 77 87 90 91 112 124 151 153 164 167 173 189 191 206 208 221 250 ]
170: [ 34 184 ]
171: [ 8 11 28 29 32 36 38 59 63 97 104 115 159 177 186 230 234 241 246 ]
172: [ 72 84 94 128 135 138 140 150 166 173 176 177 182 183 184 238 239 ]
173: [ 2 11 16 53 54 64 87 95 120 133 134 137 147 153 167 169 172 186 200 216 227 ]
174: [ 15 34 58 113 217 218 220 222 244 ]
175: [ 10 45 126 150 168 210 214 216 228 ]
176: [ 37 39 62 84 91 105 118 133 134 157 158 167 172 181 186 213 215 ]
177: [ 11 28 39 66 89 92 98 125 127 129 135 139 144 157 171 172 179 195 217 218 221 243 ]
178: [ 28 42 49 94 111 114 129 133 141 158 206 210 217 230 236 238 ]
179: [ 8 11 39 74 106 143 146 177 200 209 218 ]
180: [ 9 14 26 30 40 49 52 56 69 102 216 ]
181: [ 23 37 40 62 95 96 108 126 141 149 168 176 188 199 201 203 210 214 228 236 ]
182: [ 20 28 81 101 112 130 144 165 166 172 228 ]
183: [ 22 92 95 109 129 141 150 156 172 186 190 208 212 231 248 ]
184: [ 1 13 24 29 30 32 35 45 52 61 67 72 104 115 116 125 159 170 172 193 197 198 209 212 230 236 247 ]
185: [ 14 46 71 97 107 147 151 186 ]
186: [ 61 70 73 78 88 92 98 102 118 122 125 144 157 171 173 176 183 185 192 193 206 210 246 248 ]
187: [ 38 46 79 86 127 133 143 221 ]
188: [ 11 26 48 49 64 77 121 129 148 159 181 200 221 232 ]
189: [ 9 10 40 46 66 85 90 102 169 197 204 206 213 220 227 ]
190: [ 32 84 90 95 98 99 107 113 140 183 207 221 227 237 ]
191: [ 12 38 95 130 155 169 229 247 ]
192: [ 10 51 61 73 90 114 120 129 138 186 203 213 231 234 ]
193: [ 81 90 139 155 162 184 186 204 207 209 248 ]
194: [ 28 40 56 71 78 86 106 111 116 130 134 231 236 ]
195: [ 4 19 36 46 49 57 64 93 105 111 117 177 205 206 209 210 211 215 ]
196: [ 54 72 74 81 86 93 103 104 107 108 111 126 129 134 135 197 205 227 ]
197: [ 46 61 68 92 122 129 131 139 144 158 159 184 189 196 198 200 201 203 229 232 238 241 246 250 ]
198: [ 9 11 34 47 76 84 89 92 100 115 129 132 184 197 210 221 225 ]
199: [ 57 66 67 72 77 78 85 86 88 112 144 157 160 161 181 210 212 238 242 ]
200: [ 8 10 17 20 26 28 51 61 65 67 69 84 86 98 105 108 156 173 179 188 197 207 217 232 234 241 ]
201: [ 14 24 32 41 55 58 67 90 107 120 129 130 142 144 154 156 168 181 197 242 ]
202: [ 31 38 50 55 57 69 73 114 126 207 217 250 ]
203: [ 11 32 46 70 76 94 117 137 138 164 181 192 197 227 230 242 245 ]
204: [ 23 51 83 92 98 104 105 111 113 125 131 143 147 161 166 189 193 206 208 210 223 240 ]
205: [ 37 99 114 116 168 195 196 207 216 217 224 232 ]
206: [ 2 23 32 62 74 96 100 169 178 186 189 195 204 213 219 224 233 ]
207: [ 3 8 19 29 41 65 67 74 81 86 95 146 162 166 168 190 193 200 202 205 222 245 247 ]
208: [ 1 10 15 26 61 98 132 158 169 183 204 212 218 220 ]
209: [ 6 19 20 42 67 100 108 112 114 150 179 184 193 195 213 218 245 ]
210: [ 16 18 26 34 42 117 122 134 175 178 181 186 195 198 199 204 212 216 222 249 250 ]
211: [ 34 37 39 47 50 67 68 114 140 146 147 195 242 245 ]
212: [ 23 34 39 67 138 150 160 183 184 199 208 210 ]
213: [ 2 4 14 22 27 31 42 81 109 112 126 134 144 151 165 176 189 192 206 209 214 215 224 ]
214: [ 11 25 49 58 59 61 151 152 162 164 175 181 213 220 233 243 ]
215: [ 3 18 21 25 26 30 45 53 68 73 101 104 121 139 158 176 195 213 224 229 239 ]
216: [ 4 8 19 22 64 70 72 77 79 86 87 91 92 98 115 118 133 162 173 175 180 205 210 220 231 ]
217: [ 5 11 38 63 86 125 129 130 141 166 174 177 178 200 202 205 226 228 246 ]
218: [ 6 7 11 23 33 66 71 81 102 105 125 139 145 156 174 177 179 208 209 221 228 233 235 239 ]
219: [ 11 47 53 81 92 97 103 113 125 126 140 158 206 244 ]
220: [ 39 52 88 97 108 118 168 174 189 208 214 216 228 249 ]
221: [ 6 7 29 38 48 98 100 115 120 125 169 177 187 188 190 198 218 231 237 240 ]
222: [ 1 3 10 38 50 61 77 78 80 85 96 98 99 111 112 114 124 133 134 168 174 207 210 234 235 239 ]
223: [ 37 58 65 76 103 111 144 148 157 159 204 230 237 246 ]
224: [ 6 12 15 38 75 82 97 98 143 150 151 160 205 206 213 215 239 ]
225: [ 6 14 88 94 105 117 135 157 198 240 243 ]
226: [ 22 66 81 113 138 153 217 ]
227: [ 15 37 57 58 77 85 94 113 121 166 168 173 189 190 196 203 235 ]
228: [ 11 42 48 59 78 79 103 147 175 181 182 217 218 220 230 234 241 ]
229: [ 15 31 34 85 98 110 140 191 197 215 235 ]
230: [ 13 19 45 53 76 91 98 111 136 171 178 184 203 223 228 239 ]
231: [ 95 99 144 183 192 194 216 221 242 ]
232: [ 4 61 75 112 134 138 164 168 188 197 200 205 236 ]
233: [ 1 13 18 31 32 36 48 64 90 99 143 152 206 214 218 242 ]
234: [ 57 66 85 100 112 113 115 132 145 171 192 200 222 228 241 244 248 ]
235: [ 7 12 13 52 66 83 103 111 121 129 144 151 163 218 222 227 229 248 ]
236: [ 19 25 49 78 81 108 117 119 121 147 155 157 159 178 181 184 194 232 237 239 250 ]
237: [ 26 27 32 47 80 100 127 136 160 190 221 223 236 246 ]
238: [ 11 32 56 81 84 113 133 145 172 178 197 199 246 ]
239: [ 12 15 29 37 64 79 83 87 93 154 172 215 218 222 224 230 236 243 246 248 ]
240: [ 4 21 36 38 39 56 61 62 77 98 131 141 204 221 225 ]
241: [ 11 20 26 34 50 104 134 138 154 171 197 200 228 234 ]
242: [ 11 28 44 62 84 104 121 122 156 199 201 203 211 231 233 ]
243: [ 13 53 59 64 109 152 177 214 225 239 ]
244: [ 35 101 116 145 162 174 219 234 ]
245: [ 26 33 67 76 141 150 203 207 209 211 249 ]
246: [ 2 5 37 85 100 117 121 126 127 135 138 143 171 186 197 217 223 237 238 239 ]
247: [ 15 61 110 114 122 130 133 162 164 184 191 207 ]
248: [ 7 15 27 64 68 78 100 102 144 165 183 186 193 234 235 239 ]
249: [ 87 144 210 220 245 ]
250: [ 4 11 14 73 125 169 197 202 210 236 ]
