1: [ 6 26 37 51 63 78 148 151 153 166 177 ]
2: [ 7 8 23 30 59 67 79 108 113 124 143 148 166 199 208 232 ]
3: [ 101 125 211 217 ]
4: [ 13 15 31 46 55 62 68 69 72 73 90 91 100 115 140 163 183 197 234 ]
5: [ 23 47 51 58 72 78 104 110 123 139 140 205 207 213 228 236 ]
6: [ 1 63 105 123 153 164 171 179 188 192 203 231 ]
7: [ 2 21 23 24 29 36 52 57 62 75 144 157 175 180 187 194 197 ]
8: [ 2 13 18 28 34 40 81 84 88 98 109 110 119 143 164 194 208 211 221 235 243 244 ]
9: [ 38 48 59 64 67 91 105 117 125 142 176 204 209 229 243 246 ]
10: [ 11 26 31 67 68 72 73 89 103 120 129 140 148 173 174 199 202 219 231 234 ]
11: [ 10 49 74 85 107 158 201 230 243 ]
12: [ 17 28 30 62 69 70 72 93 127 174 234 ]
13: [ 4 8 46 56 101 113 119 135 147 169 205 206 ]
14: [ 21 31 46 68 77 95 166 171 198 214 215 231 245 ]
15: [ 4 22 38 45 61 64 73 78 119 138 180 200 238 244 ]
16: [ 23 89 113 126 148 157 ]
17: [ 12 22 32 50 55 62 65 106 110 122 136 137 138 157 161 171 179 180 183 186 203 211 215 225 228 239 242 243 ]
18: [ 8 19 57 61 80 89 121 124 163 201 203 205 ]
19: [ 18 26 27 37 45 72 74 81 82 101 105 112 113 115 131 143 147 175 187 210 222 228 236 ]
20: [ 25 39 65 77 87 149 176 210 213 229 231 234 ]
21: [ 7 14 37 75 86 113 220 248 ]
22: [ 15 17 47 71 74 77 90 95 96 104 110 112 137 149 151 158 162 189 190 194 204 225 230 243 ]
23: [ 2 5 7 16 26 72 74 82 89 99 130 237 ]
24: [ 7 37 49 50 56 61 83 108 109 113 122 137 153 170 189 190 193 207 222 232 244 ]
25: [ 20 52 83 90 96 125 141 191 193 202 225 ]
26: [ 1 10 19 23 30 36 44 58 90 98 125 130 135 136 148 149 172 187 197 200 218 228 230 234 239 250 ]
27: [ 19 50 67 85 142 173 197 241 242 ]
28: [ 8 12 50 64 67 72 106 129 130 184 214 248 249 ]
29: [ 7 59 82 96 105 113 145 160 162 222 223 242 ]
30: [ 2 12 26 38 57 88 108 123 129 196 198 218 228 ]
31: [ 4 10 14 45 48 51 64 87 109 116 130 145 156 187 211 217 219 ]
32: [ 17 33 40 45 52 58 73 146 151 163 170 178 179 182 237 ]
33: [ 32 41 81 118 125 158 210 220 248 ]
34: [ 8 52 85 126 148 165 190 210 246 ]
35: [ 113 129 227 250 ]
36: [ 7 26 40 61 69 136 163 167 190 222 233 236 238 ]
37: [ 1 19 21 24 38 50 65 74 84 85 94 95 101 138 156 173 178 181 190 202 205 248 ]
38: [ 9 15 30 37 40 61 100 123 142 154 207 222 225 240 ]
39: [ 20 58 115 130 161 165 169 171 194 203 215 229 231 ]
40: [ 8 32 36 38 46 53 57 83 94 101 114 156 160 171 198 234 236 ]
41: [ 33 49 53 57 106 135 137 138 139 143 163 173 211 214 224 ]
42: [ 74 100 166 182 ]
43: [ 55 68 76 90 141 187 219 236 242 ]
44: [ 26 59 63 67 75 78 91 95 97 128 132 138 140 173 205 207 218 223 228 234 ]
45: [ 15 19 31 32 53 70 73 79 92 95 146 169 190 219 232 236 248 ]
46: [ 4 13 14 40 82 94 154 169 191 ]
47: [ 5 22 62 63 75 90 103 135 136 153 199 216 224 ]
48: [ 9 31 66 160 173 174 183 194 205 213 234 235 ]
49: [ 11 24 41 72 74 79 83 86 95 105 116 121 132 133 138 145 149 186 191 194 222 ]
50: [ 17 24 27 28 37 100 113 117 123 124 160 164 166 172 174 187 188 211 218 226 228 231 243 ]
51: [ 1 5 31 62 89 99 102 152 165 170 173 208 210 227 228 229 234 ]
52: [ 7 25 32 34 57 60 107 119 128 140 163 165 176 181 192 199 214 220 231 233 ]
53: [ 40 41 45 94 161 211 243 246 ]
54: [ 105 110 163 167 186 211 222 245 ]
55: [ 4 17 43 63 71 105 114 142 174 177 180 225 228 ]
56: [ 13 24 89 96 101 127 160 162 168 187 222 237 ]
57: [ 7 18 30 40 41 52 76 100 114 116 122 181 183 196 214 226 227 249 ]
58: [ 5 26 32 39 95 113 131 206 211 217 237 ]
59: [ 2 9 29 44 63 64 70 72 84 91 115 122 160 194 200 204 216 219 ]
60: [ 52 62 84 156 158 173 199 213 220 231 234 ]
61: [ 15 18 24 36 38 65 68 82 125 139 145 152 163 171 172 200 201 218 223 ]
62: [ 4 7 12 17 47 51 60 75 84 129 130 147 164 168 175 206 221 233 234 248 ]
63: [ 1 6 44 47 55 59 67 77 81 102 112 117 141 149 153 196 209 217 224 228 ]
64: [ 9 15 28 31 59 78 81 88 106 110 126 132 141 158 160 184 187 192 195 215 230 232 249 ]
65: [ 17 20 37 61 66 69 75 81 94 102 111 120 141 147 172 194 202 203 215 222 238 246 ]
66: [ 48 65 152 171 189 193 226 244 ]
67: [ 2 9 10 27 28 44 63 74 108 112 182 194 206 220 230 243 ]
68: [ 4 10 14 43 61 88 89 91 106 110 122 156 163 171 184 187 196 206 217 225 250 ]
69: [ 4 12 36 65 77 81 94 113 145 147 161 178 187 199 204 208 212 218 220 222 235 ]
70: [ 12 45 59 129 132 144 187 229 240 241 248 ]
71: [ 22 55 85 97 117 169 170 184 206 222 ]
72: [ 4 5 10 12 19 23 28 49 59 74 83 108 135 140 153 170 175 183 187 190 203 216 217 230 ]
73: [ 4 10 15 32 45 125 132 149 170 186 189 195 199 246 ]
74: [ 11 19 22 23 37 42 49 67 72 76 80 90 112 126 143 170 176 180 186 212 224 246 248 ]
75: [ 7 21 44 47 62 65 83 ]
76: [ 43 57 74 79 80 86 90 96 108 134 145 147 170 234 235 239 250 ]
77: [ 14 20 22 63 69 84 89 100 101 123 124 125 141 142 143 158 194 204 217 223 235 242 ]
78: [ 1 5 15 44 64 89 97 138 192 197 244 245 ]
79: [ 2 45 49 76 144 187 198 ]
80: [ 18 74 76 97 124 129 141 225 ]
81: [ 8 19 33 63 64 65 69 95 114 130 207 211 220 224 227 230 ]
82: [ 19 23 29 46 61 91 104 119 132 154 186 192 193 203 205 229 236 ]
83: [ 24 25 40 49 72 75 94 161 170 188 222 ]
84: [ 8 37 59 60 62 77 117 178 186 222 236 ]
85: [ 11 27 34 37 71 96 102 105 112 113 198 206 215 224 234 242 ]
86: [ 21 49 76 157 159 169 202 218 245 ]
87: [ 20 31 91 106 123 147 154 208 223 230 243 249 ]
88: [ 8 30 64 68 95 140 156 171 180 194 230 239 243 ]
89: [ 10 16 18 23 51 56 68 77 78 94 100 130 154 162 200 210 213 221 231 250 ]
90: [ 4 22 25 26 43 47 74 76 106 123 125 127 149 166 176 190 224 244 ]
91: [ 4 9 44 59 68 82 87 156 210 242 ]
92: [ 45 126 135 154 228 244 ]
93: [ 12 111 132 137 138 142 153 183 190 226 ]
94: [ 37 40 46 53 65 69 83 89 116 120 122 155 164 199 210 227 ]
95: [ 14 22 37 44 45 49 58 81 88 98 139 144 170 172 187 190 197 231 232 235 ]
96: [ 22 25 29 56 76 85 99 134 186 200 235 240 ]
97: [ 44 71 78 80 109 115 134 158 165 168 172 174 200 207 217 223 227 235 244 ]
98: [ 8 26 95 110 117 ]
99: [ 23 51 96 127 176 210 216 242 ]
100: [ 4 38 42 50 57 77 89 101 112 141 182 218 222 225 227 ]
101: [ 3 13 19 37 40 56 77 100 117 136 156 164 177 180 192 201 230 236 ]
102: [ 51 63 65 85 110 120 149 167 182 190 207 209 223 231 ]
103: [ 10 47 129 134 ]
104: [ 5 22 82 105 134 202 232 233 242 ]
105: [ 6 9 19 29 49 54 55 85 104 130 141 148 151 166 170 193 216 237 ]
106: [ 17 28 41 64 68 87 90 125 151 158 168 186 188 194 206 222 229 236 243 ]
107: [ 11 52 119 150 166 179 189 192 203 225 230 ]
108: [ 2 24 30 67 72 76 109 128 129 149 160 168 171 180 183 205 213 230 232 247 ]
109: [ 8 24 31 97 108 184 199 ]
110: [ 5 8 17 22 54 64 68 98 102 137 157 185 202 204 232 ]
111: [ 65 93 125 130 148 180 186 227 ]
112: [ 19 22 63 67 74 85 100 113 127 136 139 210 228 ]
113: [ 2 13 16 19 21 24 29 35 50 58 69 85 112 114 122 123 156 183 217 223 241 ]
114: [ 40 55 57 81 113 123 124 154 219 247 ]
115: [ 4 19 39 59 97 151 154 243 ]
116: [ 31 49 57 94 136 193 206 209 ]
117: [ 9 50 63 71 84 98 101 134 139 198 234 ]
118: [ 33 ]
119: [ 8 13 15 52 82 107 129 137 154 173 195 217 223 230 248 ]
120: [ 10 65 94 102 122 136 140 141 203 217 248 ]
121: [ 18 49 135 177 214 228 229 231 244 ]
122: [ 17 24 57 59 68 94 113 120 155 156 179 192 223 225 248 ]
123: [ 5 6 30 38 50 77 87 90 113 114 141 150 151 157 171 186 211 238 246 ]
124: [ 2 18 50 77 80 114 146 154 171 174 230 247 ]
125: [ 3 9 25 26 33 61 73 77 90 106 111 141 142 155 177 191 201 215 225 240 ]
126: [ 16 34 64 74 92 130 139 149 153 181 186 243 244 245 ]
127: [ 12 56 90 99 112 129 149 160 213 225 236 238 ]
128: [ 44 52 108 144 198 209 221 234 238 ]
129: [ 10 28 30 35 62 70 80 103 108 119 127 153 154 178 189 206 223 227 238 ]
130: [ 23 26 28 31 39 62 81 89 105 111 126 133 138 139 141 144 169 170 172 179 185 190 198 201 208 244 ]
131: [ 19 58 179 186 200 209 234 ]
132: [ 44 49 64 70 73 82 93 135 136 138 161 164 174 185 187 202 208 216 235 ]
133: [ 49 130 151 205 ]
134: [ 76 96 97 103 104 117 138 172 183 199 228 238 ]
135: [ 13 26 41 47 72 92 121 132 150 176 ]
136: [ 17 26 36 47 101 112 116 120 132 155 201 219 226 230 ]
137: [ 17 22 24 41 93 110 119 147 175 189 190 199 250 ]
138: [ 15 17 37 41 44 49 78 93 130 132 134 145 149 202 215 217 228 229 231 250 ]
139: [ 5 41 61 95 112 117 126 130 155 174 198 232 ]
140: [ 4 5 10 44 52 72 88 120 153 171 230 ]
141: [ 25 43 63 64 65 77 80 100 105 120 123 125 130 196 206 213 215 239 ]
142: [ 9 27 38 55 77 93 125 150 153 163 164 172 174 194 197 200 213 226 228 235 ]
143: [ 2 8 19 41 74 77 163 168 171 179 225 235 249 ]
144: [ 7 70 79 95 128 130 148 152 156 167 176 200 204 231 236 246 ]
145: [ 29 31 49 61 69 76 138 147 148 160 164 167 171 193 208 209 220 222 227 229 231 ]
146: [ 32 45 124 155 176 230 235 ]
147: [ 13 19 62 65 69 76 87 137 145 152 156 159 167 169 173 191 193 206 210 216 229 237 250 ]
148: [ 1 2 10 16 26 34 105 111 144 145 157 187 205 ]
149: [ 20 22 26 49 63 73 90 102 108 126 127 138 150 153 186 201 235 ]
150: [ 107 123 135 142 149 162 192 219 234 ]
151: [ 1 22 32 105 106 115 123 133 153 160 194 228 ]
152: [ 51 61 66 144 147 174 176 177 191 214 229 ]
153: [ 1 6 24 47 63 72 93 126 129 140 142 149 151 155 166 195 229 242 ]
154: [ 38 46 82 87 89 92 114 115 119 124 129 187 190 194 202 205 208 225 ]
155: [ 94 122 125 136 139 146 153 177 234 ]
156: [ 31 37 40 60 68 88 91 101 113 122 144 147 188 193 207 218 ]
157: [ 7 16 17 86 110 123 148 195 200 215 221 232 235 244 ]
158: [ 11 22 33 60 64 77 97 106 177 230 ]
159: [ 86 147 215 218 219 ]
160: [ 29 40 48 50 56 59 64 108 127 145 151 166 171 177 190 213 220 224 227 237 243 248 ]
161: [ 17 39 53 69 83 132 176 208 210 217 ]
162: [ 22 29 56 89 150 197 201 208 218 229 234 ]
163: [ 4 18 32 36 41 52 54 61 68 142 143 203 221 222 246 ]
164: [ 6 8 50 62 94 101 132 142 145 186 207 213 219 235 ]
165: [ 34 39 51 52 97 202 209 226 232 ]
166: [ 1 2 14 42 50 90 105 107 153 160 174 183 202 214 219 232 ]
167: [ 36 54 102 144 145 147 195 211 241 250 ]
168: [ 56 62 97 106 108 143 232 ]
169: [ 13 39 45 46 71 86 130 147 207 222 ]
170: [ 24 32 51 71 72 73 74 76 83 95 105 130 180 187 192 223 ]
171: [ 6 14 17 39 40 61 66 68 88 108 123 124 140 143 145 160 186 222 ]
172: [ 26 50 61 65 95 97 130 134 142 225 230 249 ]
173: [ 10 27 37 41 44 48 51 60 119 147 190 236 ]
174: [ 10 12 48 50 55 97 124 132 139 142 152 166 191 228 ]
175: [ 7 19 62 72 137 182 199 211 215 234 ]
176: [ 9 20 52 74 90 99 135 144 146 152 161 180 195 224 229 ]
177: [ 1 55 101 121 125 152 155 158 160 178 197 200 229 232 235 244 ]
178: [ 32 37 69 84 129 177 215 223 248 ]
179: [ 6 17 32 107 122 130 131 143 199 204 218 225 243 250 ]
180: [ 7 15 17 55 74 88 101 108 111 170 176 186 191 236 ]
181: [ 37 52 57 126 186 202 218 229 243 ]
182: [ 32 42 67 100 102 175 198 244 248 ]
183: [ 4 17 48 57 72 93 108 113 134 166 ]
184: [ 28 64 68 71 109 238 242 ]
185: [ 110 130 132 204 210 236 ]
186: [ 17 49 54 73 74 82 84 96 106 111 123 126 131 149 164 171 180 181 232 234 ]
187: [ 7 19 26 31 43 50 56 64 68 69 70 72 79 95 132 148 154 170 196 199 203 226 ]
188: [ 6 50 83 106 156 192 215 223 ]
189: [ 22 24 66 73 107 129 137 199 ]
190: [ 22 24 34 36 37 45 72 90 93 95 102 130 137 154 160 173 219 236 238 243 244 248 ]
191: [ 25 46 49 125 147 152 174 180 216 221 241 ]
192: [ 6 52 64 78 82 101 107 122 150 170 188 195 202 215 220 225 250 ]
193: [ 24 25 66 82 105 116 145 147 156 200 218 230 246 ]
194: [ 7 8 22 39 48 49 59 65 67 77 88 106 142 151 154 211 228 238 247 ]
195: [ 64 73 119 153 157 167 176 192 198 215 242 248 ]
196: [ 30 57 63 68 141 187 212 248 ]
197: [ 4 7 26 27 78 95 142 162 177 199 230 249 ]
198: [ 14 30 40 79 85 117 128 130 139 182 195 204 210 226 242 ]
199: [ 2 10 47 52 60 69 73 94 109 134 137 175 179 187 189 197 200 205 207 213 225 ]
200: [ 15 26 59 61 89 96 97 131 142 144 157 177 193 199 222 225 232 ]
201: [ 11 18 61 101 125 130 136 149 162 204 220 222 ]
202: [ 10 25 37 65 86 104 110 132 138 154 165 166 181 192 213 217 247 248 ]
203: [ 6 17 18 39 65 72 82 107 120 163 187 228 ]
204: [ 9 22 59 69 77 110 144 179 185 198 201 213 220 229 240 241 243 ]
205: [ 5 13 18 37 44 48 82 108 133 148 154 199 209 222 225 235 238 248 ]
206: [ 13 58 62 67 68 71 85 106 116 129 141 147 ]
207: [ 5 24 38 44 81 97 102 156 164 169 199 232 ]
208: [ 2 8 51 69 87 130 132 145 154 161 162 ]
209: [ 9 63 102 116 128 131 145 165 205 213 226 ]
210: [ 19 20 33 34 51 89 91 94 99 112 147 161 185 198 228 239 242 ]
211: [ 3 8 17 31 41 50 53 54 58 81 123 167 175 194 213 239 247 ]
212: [ 69 74 196 ]
213: [ 5 20 48 60 89 108 127 141 142 160 164 199 202 204 209 211 226 ]
214: [ 14 28 41 52 57 121 152 166 ]
215: [ 14 17 39 64 65 85 125 138 141 157 159 175 178 188 192 195 ]
216: [ 47 59 72 99 105 132 147 191 225 235 236 ]
217: [ 3 31 58 63 68 72 77 97 113 119 120 138 161 202 232 ]
218: [ 26 30 44 50 61 69 86 100 156 159 162 179 181 193 236 244 ]
219: [ 10 31 43 45 59 114 136 150 159 164 166 190 238 ]
220: [ 21 33 52 60 67 69 81 145 160 192 201 204 238 ]
221: [ 8 62 89 128 157 163 191 ]
222: [ 19 24 29 36 38 49 54 56 65 69 71 83 84 100 106 145 163 169 171 200 201 205 229 236 ]
223: [ 29 44 61 77 87 97 102 113 119 122 129 170 178 188 227 230 231 232 ]
224: [ 41 47 63 74 81 85 90 160 176 ]
225: [ 17 22 25 38 55 68 80 100 107 122 125 127 143 154 172 179 192 199 200 205 216 236 239 ]
226: [ 50 57 66 93 136 142 165 187 198 209 213 230 242 ]
227: [ 35 51 57 81 94 97 100 111 129 145 160 223 ]
228: [ 5 17 19 26 30 44 50 51 55 63 92 112 121 134 138 142 151 174 194 203 210 242 ]
229: [ 9 20 39 51 70 82 106 121 138 145 147 152 153 162 176 177 181 204 222 ]
230: [ 11 22 26 64 67 72 81 87 88 101 107 108 119 124 136 140 146 158 172 193 197 223 226 ]
231: [ 6 10 14 20 39 50 52 60 89 95 102 121 138 144 145 223 232 ]
232: [ 2 24 45 64 95 104 108 110 139 157 165 166 168 177 186 200 207 217 223 231 236 239 243 ]
233: [ 36 52 62 104 ]
234: [ 4 10 12 20 26 40 44 48 51 60 62 76 85 117 128 131 150 155 162 175 186 240 ]
235: [ 8 48 69 76 77 95 96 97 132 142 143 146 149 157 164 177 205 216 ]
236: [ 5 19 36 40 43 45 82 84 101 106 127 144 173 180 185 190 216 218 222 225 232 243 ]
237: [ 23 32 56 58 105 147 160 ]
238: [ 15 36 65 123 127 128 129 134 184 190 194 205 219 220 ]
239: [ 17 26 76 88 141 210 211 225 232 ]
240: [ 38 70 96 125 204 234 ]
241: [ 27 70 113 167 191 204 ]
242: [ 17 27 29 43 77 85 91 99 104 153 184 195 198 210 226 228 ]
243: [ 8 9 11 17 22 50 53 67 87 88 106 115 126 160 179 181 190 204 232 236 ]
244: [ 8 15 24 66 78 90 92 97 121 126 130 157 177 182 190 218 ]
245: [ 14 54 78 86 126 ]
246: [ 9 34 53 65 73 74 123 144 163 193 ]
247: [ 108 114 124 194 202 211 ]
248: [ 21 28 33 37 45 62 70 74 119 120 122 160 178 182 190 195 196 202 205 ]
249: [ 28 57 64 87 143 172 197 ]
250: [ 26 35 68 76 89 137 138 147 167 179 192 ]
