1: [ 20 35 37 42 80 108 122 159 167 ]
2: [ 4 43 50 51 61 90 98 124 138 149 172 213 219 243 ]
3: [ 24 28 36 37 54 72 121 134 145 167 205 207 215 244 ]
4: [ 2 24 26 31 44 98 126 128 157 202 209 235 242 ]
5: [ 17 45 59 64 91 95 110 113 120 124 127 138 151 163 165 205 218 248 ]
6: [ 21 23 34 59 137 141 164 189 190 212 216 231 239 250 ]
7: [ 29 43 48 49 58 62 63 80 100 102 104 146 150 153 160 181 185 187 208 211 ]
8: [ 31 43 53 119 125 150 167 176 204 223 250 ]
9: [ 16 32 37 40 43 61 80 102 113 128 154 161 174 206 238 ]
10: [ 26 55 62 66 85 173 250 ]
11: [ 65 134 162 188 211 243 246 ]
12: [ 48 101 ]
13: [ 21 25 26 29 60 64 71 77 81 84 99 115 152 169 178 219 233 247 ]
14: [ 34 57 90 124 150 191 242 ]
15: [ 24 60 79 116 171 184 205 224 250 ]
16: [ 9 26 43 56 75 78 96 121 235 ]
17: [ 5 28 39 44 50 63 66 136 137 154 189 198 ]
18: [ 104 105 117 144 165 203 226 238 ]
19: [ 26 33 38 75 86 89 117 119 121 135 143 146 151 186 206 211 238 240 247 248 ]
20: [ 1 63 74 81 99 101 152 156 160 202 211 214 222 228 248 ]
21: [ 6 13 26 27 38 46 64 89 100 104 113 117 123 140 165 171 199 210 214 217 232 238 244 ]
22: [ 24 49 51 72 94 112 114 132 153 154 162 167 184 204 231 ]
23: [ 6 74 84 96 112 116 120 122 136 138 211 231 240 242 244 ]
24: [ 3 4 15 22 37 54 57 63 69 70 78 86 95 132 137 142 152 154 157 166 177 200 224 232 ]
25: [ 13 45 46 47 53 56 96 102 125 135 137 138 151 171 172 183 197 221 226 228 245 ]
26: [ 4 10 13 16 19 21 33 48 93 98 111 133 145 153 156 198 201 202 206 209 210 226 239 248 ]
27: [ 21 72 102 124 167 206 220 233 248 ]
28: [ 3 17 35 74 86 108 128 132 144 164 169 182 190 205 210 213 224 229 ]
29: [ 7 13 36 39 56 60 119 120 131 135 148 150 151 177 186 226 244 ]
30: [ 56 99 105 116 122 144 158 ]
31: [ 4 8 36 40 55 65 74 109 117 120 121 127 129 160 204 220 222 ]
32: [ 9 55 115 137 150 172 241 ]
33: [ 19 26 47 58 74 123 124 130 143 153 183 191 194 197 200 238 ]
34: [ 6 14 38 62 66 71 81 82 101 121 122 159 184 215 228 249 ]
35: [ 1 28 38 56 82 89 92 97 120 123 142 156 157 159 178 182 211 241 ]
36: [ 3 29 31 43 111 119 128 161 180 187 191 ]
37: [ 1 3 9 24 67 92 113 116 117 137 144 150 174 176 207 209 216 236 ]
38: [ 19 21 34 35 51 60 79 168 250 ]
39: [ 17 29 41 47 48 56 57 79 80 130 156 181 188 229 236 248 ]
40: [ 9 31 67 105 115 120 132 137 150 162 164 223 224 ]
41: [ 39 48 106 112 119 145 146 148 161 203 207 214 219 244 ]
42: [ 1 47 48 67 72 74 111 112 117 118 125 128 165 194 197 203 209 217 220 229 237 ]
43: [ 2 7 8 9 16 36 81 82 93 98 104 118 124 132 178 180 181 187 198 207 209 214 226 231 ]
44: [ 4 17 58 99 120 156 178 190 198 ]
45: [ 5 25 54 84 101 152 157 176 188 189 205 207 209 215 249 ]
46: [ 21 25 71 74 91 92 93 98 120 135 139 140 143 151 152 172 175 178 235 241 245 ]
47: [ 25 33 39 42 79 87 111 113 124 126 132 138 158 164 167 185 195 209 210 246 ]
48: [ 7 12 26 39 41 42 55 56 60 91 118 124 129 178 184 188 192 203 216 240 246 248 ]
49: [ 7 22 50 54 121 139 144 149 152 162 196 211 212 222 223 231 235 241 249 ]
50: [ 2 17 49 53 59 102 107 123 124 180 198 200 243 ]
51: [ 2 22 38 54 69 86 102 152 162 184 195 219 228 235 239 248 ]
52: [ 54 99 101 145 172 184 187 209 220 ]
53: [ 8 25 50 71 96 111 123 129 154 157 162 184 188 207 217 218 225 231 245 248 ]
54: [ 3 24 45 49 51 52 56 58 77 99 111 139 142 176 178 185 202 224 229 ]
55: [ 10 31 32 48 58 79 83 128 134 152 165 169 198 226 ]
56: [ 16 25 29 30 35 39 48 54 63 64 69 71 128 132 142 149 159 181 182 186 190 192 230 231 238 ]
57: [ 14 24 39 59 101 112 114 115 127 166 181 200 204 210 222 226 243 248 ]
58: [ 7 33 44 54 55 68 125 155 164 183 205 207 210 219 220 232 234 239 247 ]
59: [ 5 6 50 57 72 80 82 94 101 106 116 122 142 176 183 188 209 238 239 241 244 ]
60: [ 13 15 29 38 48 105 126 158 185 233 ]
61: [ 2 9 79 82 83 84 87 93 111 115 116 120 138 145 166 210 222 226 247 248 ]
62: [ 7 10 34 106 125 134 161 196 197 220 ]
63: [ 7 17 20 24 56 75 94 99 130 136 144 151 153 162 170 182 184 192 194 201 202 209 213 221 232 ]
64: [ 5 13 21 56 67 94 98 107 122 123 124 156 182 195 238 243 ]
65: [ 11 31 71 110 134 154 159 171 173 189 196 230 ]
66: [ 10 17 34 90 125 203 ]
67: [ 37 40 42 64 115 127 172 222 225 233 242 248 ]
68: [ 58 95 100 110 111 156 162 189 215 ]
69: [ 24 51 56 87 98 116 144 145 160 181 183 191 200 203 221 ]
70: [ 24 91 132 134 156 165 178 207 214 220 224 ]
71: [ 13 34 46 53 56 65 72 90 111 122 130 133 157 158 167 168 171 172 190 200 207 234 ]
72: [ 3 22 27 42 59 71 106 118 121 132 156 158 160 176 204 247 250 ]
73: [ 77 93 124 130 181 245 ]
74: [ 20 23 28 31 33 42 46 110 126 205 206 209 222 247 248 ]
75: [ 16 19 63 76 117 176 179 209 ]
76: [ 75 185 ]
77: [ 13 54 73 79 92 102 165 178 186 190 230 239 ]
78: [ 16 24 102 137 156 179 183 185 188 214 228 ]
79: [ 15 38 39 47 55 61 77 93 95 100 137 139 142 150 159 186 198 214 221 226 229 238 240 245 247 ]
80: [ 1 7 9 39 59 95 96 101 109 132 137 150 183 213 230 ]
81: [ 13 20 34 43 110 120 123 153 165 197 239 ]
82: [ 34 35 43 59 61 93 109 152 187 225 229 234 237 242 ]
83: [ 55 61 116 207 ]
84: [ 13 23 45 61 107 115 132 151 161 178 179 201 239 241 244 ]
85: [ 10 92 123 132 146 184 246 ]
86: [ 19 24 28 51 130 168 169 207 222 233 ]
87: [ 47 61 69 93 95 116 120 121 133 147 155 187 211 ]
88: [ 93 104 185 192 207 ]
89: [ 19 21 35 93 105 120 137 145 168 195 233 ]
90: [ 2 14 66 71 95 122 180 203 240 243 246 ]
91: [ 5 46 48 70 176 192 221 ]
92: [ 35 37 46 77 85 137 144 173 200 230 242 250 ]
93: [ 26 43 46 61 73 79 82 87 88 89 95 97 123 135 136 143 158 163 168 170 175 176 213 219 246 249 ]
94: [ 22 59 63 64 133 175 189 201 207 224 241 ]
95: [ 5 24 68 79 80 87 90 93 117 128 171 178 240 242 246 ]
96: [ 16 23 25 53 80 115 158 181 214 230 249 ]
97: [ 35 93 128 158 164 187 191 222 232 ]
98: [ 2 4 26 43 46 64 69 111 133 148 150 191 209 ]
99: [ 13 20 30 44 52 54 63 132 133 142 154 159 200 206 218 220 245 246 ]
100: [ 7 21 68 79 154 172 183 185 200 215 241 ]
101: [ 12 20 34 45 52 57 59 80 122 144 169 171 173 184 190 226 232 233 242 248 ]
102: [ 7 9 25 27 50 51 77 78 116 123 124 152 181 222 226 235 242 ]
103: [ 141 172 181 200 211 219 234 ]
104: [ 7 18 21 43 88 181 191 203 ]
105: [ 18 30 40 60 89 108 109 130 138 140 155 163 176 210 243 250 ]
106: [ 41 59 62 72 130 150 172 175 181 183 199 200 214 230 ]
107: [ 50 64 84 121 138 141 163 ]
108: [ 1 28 105 110 117 122 145 146 155 161 197 218 ]
109: [ 31 80 82 105 176 237 ]
110: [ 5 65 68 74 81 108 112 132 144 197 207 224 244 ]
111: [ 26 36 42 47 53 54 61 68 71 98 123 130 134 136 150 173 184 192 205 217 221 249 250 ]
112: [ 22 23 41 42 57 110 142 150 160 173 215 ]
113: [ 5 9 21 37 47 181 184 200 ]
114: [ 22 57 124 198 ]
115: [ 13 32 40 57 61 67 84 96 158 166 167 174 189 212 240 241 244 ]
116: [ 15 23 30 37 59 61 69 83 87 102 122 154 182 186 233 245 247 ]
117: [ 18 19 21 31 37 42 75 95 108 122 125 151 152 182 220 238 ]
118: [ 42 43 48 72 190 ]
119: [ 8 19 29 36 41 138 145 237 247 ]
120: [ 5 23 29 31 35 40 44 46 61 81 87 89 135 164 174 182 187 190 197 199 202 225 250 ]
121: [ 3 16 19 31 34 49 72 87 107 123 128 163 164 175 232 ]
122: [ 1 23 30 34 59 64 71 90 101 108 116 117 128 141 146 149 154 158 184 191 195 232 ]
123: [ 21 33 35 50 53 64 81 85 93 102 111 121 126 172 184 200 205 226 242 ]
124: [ 2 5 14 27 33 43 47 48 50 64 73 102 114 135 141 178 205 212 240 ]
125: [ 8 25 42 58 62 66 117 129 130 152 189 194 232 242 245 ]
126: [ 4 47 60 74 123 141 189 198 210 238 ]
127: [ 5 31 57 67 144 178 189 216 238 ]
128: [ 4 9 28 36 42 55 56 95 97 121 122 137 142 176 191 192 215 219 245 ]
129: [ 31 48 53 125 174 232 238 ]
130: [ 33 39 63 71 73 86 105 106 111 125 132 137 178 196 197 204 214 219 222 232 238 243 ]
131: [ 29 146 165 228 ]
132: [ 22 24 28 40 43 47 56 70 72 80 84 85 99 110 130 137 143 152 241 250 ]
133: [ 26 71 87 94 98 99 142 162 195 226 ]
134: [ 3 11 55 62 65 70 111 157 165 167 189 198 223 242 ]
135: [ 19 25 29 46 93 120 124 136 143 167 181 ]
136: [ 17 23 63 93 111 135 148 160 170 182 188 195 198 243 ]
137: [ 6 17 24 25 32 37 40 78 79 80 89 92 128 130 132 167 183 184 190 214 242 ]
138: [ 2 5 23 25 47 61 105 107 119 139 171 181 215 219 220 229 ]
139: [ 46 49 54 79 138 203 226 ]
140: [ 21 46 105 158 183 186 188 200 228 ]
141: [ 6 103 107 122 124 126 157 172 173 185 201 202 216 232 234 ]
142: [ 24 35 54 56 59 79 99 112 128 133 207 211 213 214 242 ]
143: [ 19 33 46 93 132 135 162 176 181 182 187 190 193 214 224 232 234 243 246 ]
144: [ 18 28 30 37 49 63 69 92 101 110 127 155 161 171 195 222 229 230 232 241 246 ]
145: [ 3 26 41 52 61 69 89 108 119 159 176 186 188 193 219 237 241 ]
146: [ 7 19 41 85 108 122 131 150 160 167 187 200 210 217 238 ]
147: [ 87 149 163 241 ]
148: [ 29 41 98 136 156 187 203 214 ]
149: [ 2 49 56 122 147 152 157 190 212 214 ]
150: [ 7 8 14 29 32 37 40 79 80 98 106 111 112 146 177 183 187 193 195 243 250 ]
151: [ 5 19 25 29 46 63 84 117 189 194 209 215 ]
152: [ 13 20 24 45 46 49 51 55 82 102 117 125 132 149 179 192 195 204 219 ]
153: [ 7 22 26 33 63 81 165 184 185 224 ]
154: [ 9 17 22 24 53 65 99 100 116 122 176 178 190 204 231 ]
155: [ 58 87 105 108 144 156 198 223 231 ]
156: [ 20 26 35 39 44 64 68 70 72 78 148 155 160 161 172 216 239 248 249 ]
157: [ 4 24 35 45 53 71 134 141 149 205 213 248 ]
158: [ 30 47 60 71 72 93 96 97 115 122 140 184 185 213 217 224 233 239 ]
159: [ 1 34 35 56 65 79 99 145 176 204 205 217 241 ]
160: [ 7 20 31 69 72 112 136 146 156 179 207 220 223 ]
161: [ 9 36 41 62 84 108 144 156 193 230 ]
162: [ 11 22 40 49 51 53 63 68 133 143 182 185 200 220 225 226 ]
163: [ 5 93 105 107 121 147 167 178 185 192 224 232 243 ]
164: [ 6 28 40 47 58 97 120 121 165 176 ]
165: [ 5 18 21 42 55 70 77 81 131 134 153 164 172 184 198 224 228 238 240 ]
166: [ 24 57 61 115 ]
167: [ 1 3 8 22 27 47 71 115 134 135 137 146 163 199 221 241 244 ]
168: [ 38 71 86 89 93 171 179 225 244 250 ]
169: [ 13 28 55 86 101 173 206 230 250 ]
170: [ 63 93 136 175 232 242 ]
171: [ 15 21 25 65 71 95 101 138 144 168 185 221 ]
172: [ 2 25 32 46 52 67 71 100 103 106 123 141 156 165 177 188 189 192 198 209 212 229 ]
173: [ 10 65 92 101 111 112 141 169 186 190 202 223 ]
174: [ 9 37 115 120 129 184 198 249 ]
175: [ 46 93 94 106 121 170 237 239 ]
176: [ 8 37 45 54 59 72 75 91 93 105 109 128 143 145 154 159 164 178 192 194 198 226 248 ]
177: [ 24 29 150 172 194 239 246 250 ]
178: [ 13 35 43 44 46 48 54 70 77 84 95 124 127 130 154 163 176 207 220 ]
179: [ 75 78 84 152 160 168 205 248 ]
180: [ 36 43 50 90 188 197 228 248 ]
181: [ 7 39 43 56 57 69 73 96 102 103 104 106 113 135 138 143 198 205 219 230 232 ]
182: [ 28 35 56 63 64 116 117 120 136 143 162 211 215 239 ]
183: [ 25 33 58 59 69 78 80 100 106 137 140 150 184 190 201 209 219 220 244 249 ]
184: [ 15 22 34 48 51 52 53 63 85 101 111 113 122 123 137 153 158 165 174 183 192 197 208 229 238 ]
185: [ 7 47 54 60 76 78 88 100 141 153 158 162 163 171 224 240 248 ]
186: [ 19 29 56 77 79 116 140 145 173 198 203 208 227 232 246 ]
187: [ 7 36 43 52 82 87 97 120 143 146 148 150 196 228 233 237 242 250 ]
188: [ 11 39 45 48 53 59 78 136 140 145 172 180 193 242 ]
189: [ 6 17 45 65 68 94 115 125 126 127 134 151 172 195 200 205 208 223 233 243 ]
190: [ 6 28 44 56 71 77 101 118 120 137 143 149 154 173 183 203 204 225 232 233 237 242 249 ]
191: [ 14 33 36 69 97 98 104 122 128 205 211 225 240 243 ]
192: [ 48 56 63 88 91 111 128 152 163 172 176 184 197 213 235 245 ]
193: [ 143 145 150 161 188 207 244 ]
194: [ 33 42 63 125 151 176 177 203 220 229 ]
195: [ 47 51 64 89 122 133 136 144 150 152 189 198 202 203 218 ]
196: [ 49 62 65 130 187 231 233 235 239 243 245 ]
197: [ 25 33 42 62 81 108 110 120 130 180 184 192 228 ]
198: [ 17 26 43 44 50 55 79 114 126 134 136 155 165 172 174 176 181 186 195 221 235 248 ]
199: [ 21 106 120 167 210 227 ]
200: [ 24 33 50 57 69 71 92 99 100 103 106 113 123 140 146 162 189 227 ]
201: [ 26 63 84 94 141 183 ]
202: [ 4 20 26 54 63 120 141 173 195 ]
203: [ 18 41 42 48 66 69 90 104 139 148 186 190 194 195 204 214 222 235 238 242 247 ]
204: [ 8 22 31 57 72 130 152 154 159 190 203 209 219 ]
205: [ 3 5 15 28 45 58 74 111 123 124 157 159 179 181 189 191 214 249 ]
206: [ 9 19 26 27 74 99 169 235 ]
207: [ 3 37 41 43 45 53 58 70 71 83 86 88 94 110 142 160 178 193 233 ]
208: [ 7 184 186 189 ]
209: [ 4 26 37 42 43 45 47 52 59 63 74 75 98 151 172 183 204 ]
210: [ 21 26 28 47 57 58 61 105 126 146 199 211 247 ]
211: [ 7 11 19 20 23 35 49 87 103 142 182 191 210 ]
212: [ 6 49 115 124 149 172 220 227 ]
213: [ 2 28 63 80 93 142 157 158 192 214 220 234 ]
214: [ 20 21 41 43 70 78 79 96 106 130 137 142 143 148 149 203 205 213 222 231 234 235 238 242 249 ]
215: [ 3 34 45 68 100 112 128 138 151 182 241 ]
216: [ 6 37 48 127 141 156 229 ]
217: [ 21 42 53 111 146 158 159 218 244 247 ]
218: [ 5 53 99 108 195 217 ]
219: [ 2 13 41 51 58 93 103 128 130 138 145 152 181 183 204 238 242 247 ]
220: [ 27 31 42 52 58 62 70 99 117 138 160 162 178 183 194 212 213 224 234 ]
221: [ 25 63 69 79 91 111 167 171 198 222 224 ]
222: [ 20 31 49 57 61 67 74 86 97 102 130 144 203 214 221 227 234 239 241 ]
223: [ 8 40 49 134 155 160 173 189 234 244 ]
224: [ 15 24 28 40 54 70 94 110 143 153 158 163 165 185 220 221 227 240 243 ]
225: [ 53 67 82 120 162 168 190 191 232 ]
226: [ 18 25 26 29 43 55 57 61 79 101 102 123 133 139 162 176 228 ]
227: [ 186 199 200 212 222 224 233 ]
228: [ 20 25 34 51 78 131 140 165 180 187 197 226 243 ]
229: [ 28 39 42 54 79 82 138 144 172 184 194 216 241 ]
230: [ 56 65 77 80 92 96 106 144 161 169 181 234 ]
231: [ 6 22 23 43 49 53 56 154 155 196 214 240 ]
232: [ 21 24 58 63 97 101 121 122 125 129 130 141 143 144 163 170 181 186 190 225 ]
233: [ 13 27 60 67 86 89 101 116 158 187 189 190 196 207 227 241 ]
234: [ 58 71 82 103 141 143 213 214 220 222 223 230 242 ]
235: [ 4 16 46 49 51 102 192 196 198 203 206 214 ]
236: [ 37 39 ]
237: [ 42 82 109 119 145 175 187 190 244 246 ]
238: [ 9 18 19 21 33 56 59 64 79 117 126 127 129 130 146 165 184 203 214 219 249 ]
239: [ 6 26 51 58 59 77 81 84 156 158 175 177 182 196 222 241 249 ]
240: [ 19 23 48 79 90 95 115 124 165 185 191 224 231 243 248 ]
241: [ 32 35 46 49 59 84 94 100 115 132 144 145 147 159 167 215 222 229 233 239 244 ]
242: [ 4 14 23 67 82 92 95 101 102 123 125 134 137 142 170 187 188 190 203 214 219 234 249 ]
243: [ 2 11 50 57 64 90 105 130 136 143 150 163 189 191 196 224 228 240 ]
244: [ 3 21 23 29 41 59 84 110 115 167 168 183 193 217 223 237 241 ]
245: [ 25 46 53 73 79 99 116 125 128 192 196 ]
246: [ 11 47 48 85 90 93 95 99 143 144 177 186 237 ]
247: [ 13 19 58 61 72 74 79 116 119 203 210 217 219 ]
248: [ 5 19 20 26 27 39 48 51 53 57 61 67 74 101 156 157 176 179 180 185 198 240 ]
249: [ 34 45 49 93 96 111 156 174 183 190 205 214 238 239 242 ]
250: [ 6 8 10 15 38 72 92 105 111 120 132 150 168 169 177 187 ]
