1: [ 11 38 44 64 71 79 86 90 97 107 108 142 188 197 225 229 238 247 ]
2: [ 7 25 40 43 55 56 64 67 106 111 143 144 171 175 177 197 198 201 205 211 222 225 240 ]
3: [ 10 35 88 120 143 176 186 192 200 224 244 ]
4: [ 60 76 ]
5: [ 13 19 20 45 50 51 52 57 85 92 146 165 224 229 ]
6: [ 29 30 35 52 91 94 124 138 140 144 179 234 ]
7: [ 2 18 30 41 53 85 111 126 127 131 146 154 157 161 177 195 240 ]
8: [ 32 79 89 133 180 182 ]
9: [ 10 25 27 31 38 40 48 65 66 82 87 96 99 101 103 136 155 160 167 173 175 181 210 219 ]
10: [ 3 9 47 58 60 63 64 88 89 97 106 141 147 148 163 184 202 211 224 245 ]
11: [ 1 47 54 58 78 82 120 121 135 175 240 ]
12: [ 16 39 63 67 70 71 72 78 92 101 103 124 135 155 158 168 186 187 219 229 240 246 ]
13: [ 5 35 39 47 48 79 82 83 85 92 98 104 128 180 229 232 233 238 ]
14: [ 24 25 45 60 63 94 97 106 111 116 123 128 165 190 195 208 211 214 238 ]
15: [ 20 30 35 36 42 95 126 133 134 156 161 170 176 195 199 210 224 228 236 244 ]
16: [ 12 48 54 60 61 66 75 103 118 123 160 213 225 243 ]
17: [ 25 26 106 142 157 ]
18: [ 7 32 36 39 41 50 54 67 96 106 135 143 156 178 192 204 208 210 212 213 245 ]
19: [ 5 21 43 52 54 85 118 119 128 179 187 195 212 222 223 232 235 242 243 ]
20: [ 5 15 24 39 110 180 181 183 200 232 235 ]
21: [ 19 22 35 39 65 70 79 82 91 92 110 112 113 118 119 159 184 186 ]
22: [ 21 47 48 88 101 117 191 194 196 210 ]
23: [ 27 39 40 43 129 131 140 148 152 154 167 201 250 ]
24: [ 14 20 38 118 129 141 149 158 168 210 219 226 ]
25: [ 2 9 14 17 31 40 46 47 69 90 98 100 109 119 124 129 134 160 163 185 201 208 212 216 245 247 ]
26: [ 17 39 57 75 107 148 156 161 177 185 206 238 246 249 ]
27: [ 9 23 52 75 143 153 180 204 215 ]
28: [ 47 63 85 92 104 118 132 137 140 165 171 175 183 229 ]
29: [ 6 45 62 72 79 88 104 117 121 128 134 145 160 175 198 236 245 247 ]
30: [ 6 7 15 77 85 95 123 141 148 150 162 164 ]
31: [ 9 25 42 61 65 74 77 95 101 103 106 117 128 140 166 167 174 177 178 183 201 202 222 247 ]
32: [ 8 18 116 129 182 197 ]
33: [ 48 65 179 191 209 212 218 223 224 ]
34: [ 57 81 125 130 146 159 201 202 211 214 220 235 244 250 ]
35: [ 3 6 13 15 21 47 56 59 66 67 68 70 83 131 134 141 152 154 184 209 224 ]
36: [ 15 18 48 60 61 75 94 99 132 155 177 190 202 205 234 235 236 242 ]
37: [ 43 121 147 ]
38: [ 1 9 24 61 79 106 113 137 142 154 220 ]
39: [ 12 13 18 20 21 23 26 50 57 85 86 88 93 107 135 137 144 171 174 175 207 ]
40: [ 2 9 23 25 48 61 73 93 108 111 112 119 182 218 242 244 ]
41: [ 7 18 108 124 146 172 174 206 208 236 ]
42: [ 15 31 109 135 143 160 162 193 222 ]
43: [ 2 19 23 37 44 55 70 73 75 88 107 122 163 170 174 176 184 203 208 209 235 ]
44: [ 1 43 65 77 90 116 132 180 183 185 192 205 246 ]
45: [ 5 14 29 61 190 210 220 224 243 ]
46: [ 25 60 63 66 70 92 97 103 108 116 117 157 170 182 188 210 219 226 249 ]
47: [ 10 11 13 22 25 28 35 57 61 67 75 121 129 140 146 150 195 197 235 237 ]
48: [ 9 13 16 22 33 36 40 61 62 88 91 95 107 159 183 186 214 228 236 247 250 ]
49: [ 69 71 120 123 134 148 162 236 239 ]
50: [ 5 18 39 52 64 71 108 166 173 182 192 198 218 250 ]
51: [ 5 70 73 76 78 89 92 99 107 155 177 198 220 223 235 243 ]
52: [ 5 6 19 27 50 58 118 122 139 197 245 249 ]
53: [ 7 58 64 90 96 125 133 141 164 181 189 193 201 207 ]
54: [ 11 16 18 19 57 79 103 176 212 224 247 ]
55: [ 2 43 73 86 117 126 140 149 165 167 185 191 197 210 222 226 ]
56: [ 2 35 109 122 128 167 205 244 ]
57: [ 5 26 34 39 47 54 62 68 85 89 113 120 137 152 182 239 ]
58: [ 10 11 52 53 76 81 91 96 112 118 123 128 131 146 147 158 162 167 189 203 213 246 249 ]
59: [ 35 76 92 95 98 101 112 130 132 143 147 176 178 186 200 205 206 210 218 227 234 238 ]
60: [ 4 10 14 16 36 46 67 110 115 122 143 173 194 202 222 232 ]
61: [ 16 31 36 38 40 45 47 48 67 68 72 81 99 100 130 135 136 142 163 205 214 244 ]
62: [ 29 48 57 93 167 203 213 215 223 ]
63: [ 10 12 14 28 46 80 84 103 144 155 159 168 196 225 244 247 249 ]
64: [ 1 2 10 50 53 68 74 107 114 147 178 181 189 192 225 246 ]
65: [ 9 21 31 33 44 73 81 88 89 93 94 114 117 144 166 177 182 190 196 203 206 209 239 244 ]
66: [ 9 16 35 46 78 88 103 113 122 136 182 190 200 220 223 ]
67: [ 2 12 18 35 47 60 61 118 120 136 154 155 171 177 186 192 201 213 219 221 223 233 250 ]
68: [ 35 57 61 64 121 128 134 147 158 188 196 200 225 246 250 ]
69: [ 25 49 77 80 90 94 109 117 120 130 134 162 191 212 225 234 ]
70: [ 12 21 35 43 46 51 85 93 96 150 163 173 181 190 192 205 207 216 217 219 220 ]
71: [ 1 12 49 50 75 79 87 114 117 123 132 134 163 224 246 ]
72: [ 12 29 61 76 116 133 136 142 162 166 191 212 221 225 229 ]
73: [ 40 43 51 55 65 75 96 98 100 141 150 170 174 175 192 227 229 236 247 ]
74: [ 31 64 88 130 205 222 ]
75: [ 16 26 27 36 43 47 71 73 78 109 142 143 150 162 166 209 214 216 ]
76: [ 4 51 58 59 72 82 91 97 109 113 124 126 132 147 150 172 176 224 232 ]
77: [ 30 31 44 69 94 97 99 160 161 214 217 250 ]
78: [ 11 12 51 66 75 84 103 107 142 178 191 204 223 240 ]
79: [ 1 8 13 21 29 38 54 71 81 83 91 107 120 144 145 197 205 216 244 ]
80: [ 63 69 96 162 183 188 219 ]
81: [ 34 58 61 65 79 92 153 158 164 168 171 186 206 208 216 223 230 248 ]
82: [ 9 11 13 21 76 100 108 124 130 135 137 138 145 146 157 161 189 199 204 246 249 ]
83: [ 13 35 79 245 ]
84: [ 63 78 89 175 182 210 ]
85: [ 5 7 13 19 28 30 39 57 70 92 99 101 102 108 113 119 140 143 166 178 187 198 203 216 225 246 248 ]
86: [ 1 39 55 111 144 168 184 191 193 203 235 239 241 ]
87: [ 9 71 109 117 138 150 172 182 212 225 ]
88: [ 3 10 22 29 39 43 48 65 66 74 94 95 100 161 167 187 206 210 245 249 250 ]
89: [ 8 10 51 57 65 84 135 184 198 221 235 239 250 ]
90: [ 1 25 44 53 69 104 125 160 250 ]
91: [ 6 21 48 58 76 79 130 135 141 145 157 183 184 186 234 ]
92: [ 5 12 13 21 28 46 51 59 81 85 99 122 126 142 151 163 197 246 248 ]
93: [ 39 40 62 65 70 135 147 151 167 187 191 201 212 241 ]
94: [ 6 14 36 65 69 77 88 95 114 128 139 146 147 149 153 202 239 240 ]
95: [ 15 30 31 48 59 88 94 111 115 119 136 158 185 220 239 ]
96: [ 9 18 53 58 70 73 80 105 109 122 125 134 156 161 175 179 189 206 221 223 237 244 ]
97: [ 1 10 14 46 76 77 188 196 202 210 245 249 ]
98: [ 13 25 59 73 104 106 156 193 ]
99: [ 9 36 51 61 77 85 92 106 125 139 159 164 178 200 203 220 228 236 249 ]
100: [ 25 61 73 82 88 129 147 149 158 161 177 184 189 191 220 243 244 245 ]
101: [ 9 12 22 31 59 85 119 159 176 184 206 208 236 246 ]
102: [ 85 134 155 162 175 187 224 ]
103: [ 9 12 16 31 46 54 63 66 78 140 159 164 173 196 215 217 218 241 249 ]
104: [ 13 28 29 90 98 122 143 181 184 185 186 225 239 ]
105: [ 96 145 163 193 246 ]
106: [ 2 10 14 17 18 31 38 98 99 121 137 163 218 233 237 246 ]
107: [ 1 26 39 43 48 51 64 78 79 118 187 227 232 235 240 241 ]
108: [ 1 40 41 46 50 82 85 117 132 149 171 186 230 ]
109: [ 25 42 56 69 75 76 87 96 130 153 154 184 194 196 198 234 235 250 ]
110: [ 20 21 60 134 141 142 148 159 169 183 191 207 217 238 246 ]
111: [ 2 7 14 40 86 95 149 155 189 191 194 202 222 ]
112: [ 21 40 58 59 117 131 135 136 150 204 224 225 238 245 250 ]
113: [ 21 38 57 66 76 85 116 123 161 180 243 ]
114: [ 64 65 71 94 131 147 164 165 181 219 232 ]
115: [ 60 95 141 153 159 165 168 233 ]
116: [ 14 32 44 46 72 113 135 146 148 185 233 235 ]
117: [ 22 29 31 46 55 65 69 71 87 108 112 141 145 149 151 159 161 173 175 202 203 227 243 244 ]
118: [ 16 19 21 24 28 52 58 67 107 128 146 172 180 213 227 246 ]
119: [ 19 21 25 40 85 95 101 141 210 242 ]
120: [ 3 11 49 57 67 69 79 134 137 152 172 175 176 180 ]
121: [ 11 29 37 47 68 106 124 149 158 182 184 185 214 218 ]
122: [ 43 52 56 60 66 92 96 104 140 157 163 185 193 213 217 221 235 238 ]
123: [ 14 16 30 49 58 71 113 133 158 172 180 214 215 218 221 236 237 ]
124: [ 6 12 25 41 76 82 121 187 192 235 ]
125: [ 34 53 90 96 99 152 156 184 206 224 ]
126: [ 7 15 55 76 92 130 161 225 231 240 ]
127: [ 7 161 186 202 205 209 222 241 ]
128: [ 13 14 19 29 31 56 58 68 94 118 163 188 201 216 217 220 228 247 ]
129: [ 23 24 25 32 47 100 134 142 157 180 214 221 225 ]
130: [ 34 59 61 69 74 82 91 109 126 146 148 157 174 183 184 190 191 194 207 220 231 233 ]
131: [ 7 23 35 58 112 114 135 145 162 167 185 209 210 221 ]
132: [ 28 36 44 59 71 76 108 165 180 196 234 ]
133: [ 8 15 53 72 123 136 150 197 235 ]
134: [ 15 25 29 35 49 68 69 71 96 102 110 120 129 156 181 204 230 232 238 ]
135: [ 11 12 18 39 42 61 82 89 91 93 112 116 131 148 150 152 161 181 186 193 206 225 ]
136: [ 9 61 66 67 72 95 112 133 139 156 159 163 165 179 181 186 197 223 ]
137: [ 28 38 39 57 82 106 120 202 238 ]
138: [ 6 82 87 185 196 ]
139: [ 52 94 99 136 180 191 206 227 246 ]
140: [ 6 23 28 31 47 55 85 103 122 157 161 177 197 206 238 ]
141: [ 10 24 30 35 53 73 91 110 115 117 119 156 163 178 184 189 199 212 220 225 236 240 241 ]
142: [ 1 17 38 61 72 75 78 92 110 129 146 183 186 204 239 240 ]
143: [ 2 3 18 27 42 59 60 75 85 104 161 164 174 183 218 221 ]
144: [ 2 6 39 63 65 79 86 163 203 208 229 250 ]
145: [ 29 79 82 91 105 117 131 180 209 236 ]
146: [ 5 7 34 41 47 58 82 94 116 118 130 142 158 163 176 223 230 ]
147: [ 10 37 58 59 64 68 76 93 94 100 114 150 178 182 193 201 203 207 220 221 235 ]
148: [ 10 23 26 30 49 110 116 130 135 185 197 233 242 244 ]
149: [ 24 55 94 100 108 111 117 121 188 190 207 209 246 ]
150: [ 30 47 70 73 75 76 87 112 133 135 147 153 206 212 220 235 ]
151: [ 92 93 117 161 178 193 206 ]
152: [ 23 35 57 120 125 135 168 176 195 ]
153: [ 27 81 94 109 115 150 156 158 175 200 210 219 ]
154: [ 7 23 35 38 67 109 172 175 182 206 239 ]
155: [ 9 12 36 51 63 67 102 111 157 173 175 198 227 236 238 ]
156: [ 15 18 26 96 98 125 134 136 141 153 192 219 240 243 ]
157: [ 7 17 46 82 91 122 129 130 140 155 173 181 217 222 232 250 ]
158: [ 12 24 58 68 81 95 100 121 123 146 153 180 185 233 ]
159: [ 21 34 48 63 99 101 103 110 115 117 136 164 182 187 197 219 ]
160: [ 9 16 25 29 42 77 90 191 214 ]
161: [ 7 15 26 77 82 88 96 100 113 117 126 127 135 140 143 151 167 173 213 ]
162: [ 30 42 49 58 69 72 75 80 102 131 176 183 191 210 239 ]
163: [ 10 25 43 61 70 71 92 105 106 122 128 136 141 144 146 166 172 177 193 223 225 ]
164: [ 30 53 81 99 103 114 143 159 170 182 189 220 224 225 231 241 248 ]
165: [ 5 14 28 55 114 115 132 136 171 185 192 237 244 248 250 ]
166: [ 31 50 65 72 75 85 163 168 175 202 239 ]
167: [ 9 23 31 55 56 58 62 88 93 131 161 201 202 221 224 235 ]
168: [ 12 24 63 81 86 115 152 166 177 190 219 226 235 238 ]
169: [ 110 180 191 201 ]
170: [ 15 43 46 73 164 ]
171: [ 2 28 39 67 81 108 165 175 182 203 ]
172: [ 41 76 87 118 120 123 154 163 196 ]
173: [ 9 50 60 70 103 117 155 157 161 194 221 228 241 ]
174: [ 31 39 41 43 73 130 143 208 224 233 246 ]
175: [ 2 9 11 28 29 39 73 84 96 102 117 120 153 154 155 166 171 189 195 212 217 233 240 ]
176: [ 3 15 43 54 59 76 101 120 146 152 162 245 249 ]
177: [ 2 7 26 31 36 51 65 67 100 140 163 168 183 196 207 212 222 232 ]
178: [ 18 31 59 64 78 85 99 141 147 151 193 212 219 ]
179: [ 6 19 33 96 136 181 186 193 208 209 217 219 234 238 249 ]
180: [ 8 13 20 27 44 113 118 120 123 129 132 139 145 158 169 194 238 250 ]
181: [ 9 20 53 64 70 104 114 134 135 136 157 179 185 191 196 216 223 229 234 242 ]
182: [ 8 32 40 46 50 57 65 66 84 87 121 147 154 159 164 171 191 197 239 241 ]
183: [ 20 28 31 44 48 80 91 110 130 142 143 162 177 204 232 249 ]
184: [ 10 21 35 43 86 89 91 100 101 104 109 121 125 130 141 187 ]
185: [ 25 26 44 55 95 104 116 121 122 131 138 148 158 165 181 205 212 238 ]
186: [ 3 12 21 48 59 67 81 91 104 108 127 135 136 142 179 196 201 203 204 221 244 247 ]
187: [ 12 19 85 88 93 102 107 124 159 184 201 207 225 242 247 249 ]
188: [ 1 46 68 80 97 128 149 201 223 232 250 ]
189: [ 53 58 64 82 96 100 111 141 164 175 191 197 216 ]
190: [ 14 36 45 65 66 70 130 149 168 200 217 219 241 246 250 ]
191: [ 22 33 55 69 72 78 86 93 100 110 111 130 139 160 162 169 181 182 189 197 202 220 ]
192: [ 3 18 44 50 64 67 70 73 124 156 165 202 234 ]
193: [ 42 53 86 98 105 122 135 147 151 163 178 179 211 214 220 227 239 247 ]
194: [ 22 60 109 111 130 173 180 197 226 ]
195: [ 7 14 15 19 47 152 175 206 212 238 244 ]
196: [ 22 63 65 68 97 103 109 132 138 172 177 181 186 208 240 ]
197: [ 1 2 32 47 52 55 79 92 133 136 140 148 159 182 189 191 194 234 242 249 ]
198: [ 2 29 50 51 85 89 109 155 232 233 234 ]
199: [ 15 82 141 212 238 ]
200: [ 3 20 59 66 68 99 153 190 212 214 235 250 ]
201: [ 2 23 25 31 34 53 67 93 128 147 167 169 186 187 188 204 225 230 247 249 ]
202: [ 10 31 34 36 60 94 97 111 117 127 137 166 167 191 192 210 222 234 ]
203: [ 43 58 62 65 85 86 99 117 144 147 171 186 218 232 ]
204: [ 18 27 78 82 112 134 142 183 186 201 246 ]
205: [ 2 36 44 56 59 61 70 74 79 127 185 212 215 244 247 ]
206: [ 26 41 59 65 81 88 96 101 125 135 139 140 150 151 154 195 211 225 239 ]
207: [ 39 53 70 110 130 147 149 177 187 249 ]
208: [ 14 18 25 41 43 81 101 144 174 179 196 220 227 233 240 247 ]
209: [ 33 35 43 65 75 127 131 145 149 179 219 220 224 ]
210: [ 9 15 18 22 24 45 46 55 59 84 88 97 119 131 153 162 202 237 ]
211: [ 2 10 14 34 193 206 215 224 239 240 ]
212: [ 18 19 25 33 54 69 72 87 93 141 150 175 177 178 185 195 199 200 205 219 231 ]
213: [ 16 18 58 62 67 118 122 161 223 231 241 ]
214: [ 14 34 48 61 75 77 121 123 129 160 193 200 215 222 228 ]
215: [ 27 62 103 123 205 211 214 ]
216: [ 25 70 75 79 81 85 128 181 189 217 224 225 229 230 241 245 246 249 ]
217: [ 70 77 103 110 122 128 157 175 179 190 216 ]
218: [ 33 40 50 59 103 106 121 123 143 203 219 246 ]
219: [ 9 12 24 46 67 70 80 114 153 156 159 168 178 179 190 209 212 218 229 ]
220: [ 34 38 45 51 66 70 95 99 100 128 130 141 147 150 164 191 193 208 209 225 ]
221: [ 67 72 89 96 122 123 129 131 143 147 167 173 186 227 240 247 ]
222: [ 2 19 31 42 55 60 74 111 127 157 177 202 214 227 238 248 ]
223: [ 19 33 51 62 66 67 78 81 96 136 146 163 181 188 213 227 246 ]
224: [ 3 5 10 15 33 35 45 54 71 76 102 112 125 164 167 174 209 211 216 238 239 248 249 ]
225: [ 1 2 16 63 64 68 69 72 85 87 104 112 126 129 135 141 163 164 187 201 206 216 220 237 248 250 ]
226: [ 24 46 55 168 194 227 ]
227: [ 59 73 107 117 118 139 155 193 208 221 222 223 226 246 249 ]
228: [ 15 48 99 128 173 214 229 ]
229: [ 1 5 12 13 28 72 73 144 181 216 219 228 ]
230: [ 81 108 134 146 201 216 ]
231: [ 126 130 164 212 213 250 ]
232: [ 13 19 20 60 76 107 114 134 157 177 183 188 198 203 234 236 ]
233: [ 13 67 106 115 116 130 148 158 174 175 198 208 238 250 ]
234: [ 6 36 59 69 91 109 132 179 181 192 197 198 202 232 ]
235: [ 19 20 34 36 43 47 51 86 89 107 109 116 122 124 133 147 150 167 168 200 ]
236: [ 15 29 36 41 48 49 73 99 101 123 141 145 155 232 243 ]
237: [ 47 96 106 123 165 210 225 ]
238: [ 1 13 14 26 59 110 112 122 134 137 140 155 168 179 180 185 195 199 222 224 233 247 ]
239: [ 49 57 65 86 89 94 95 104 142 154 162 166 182 193 206 211 224 ]
240: [ 2 7 11 12 78 94 107 126 141 142 156 175 196 208 211 221 248 ]
241: [ 86 93 103 107 127 141 164 173 182 190 213 216 248 ]
242: [ 19 36 40 119 148 181 187 197 ]
243: [ 16 19 45 51 100 113 117 156 236 ]
244: [ 3 15 34 40 56 61 63 65 79 96 100 117 148 165 186 195 205 245 ]
245: [ 10 18 25 29 52 83 88 97 100 112 176 216 244 ]
246: [ 12 26 44 58 64 68 71 82 85 92 101 105 106 110 118 139 149 174 190 204 216 218 223 227 ]
247: [ 1 25 29 31 48 54 63 73 128 186 187 193 201 205 208 221 238 ]
248: [ 81 85 92 164 165 222 224 225 240 241 ]
249: [ 26 46 52 58 63 82 88 97 99 103 176 179 183 187 197 201 207 216 224 227 ]
250: [ 23 34 48 50 67 68 77 88 89 90 109 112 144 157 165 180 188 190 200 225 231 233 ]
