1: [ 28 54 90 106 248 ]
2: [ 34 35 52 61 67 72 74 100 102 111 128 160 166 173 192 194 236 249 ]
3: [ 8 9 21 54 71 97 98 111 115 125 137 151 169 207 231 238 249 ]
4: [ 16 22 26 39 54 55 58 66 67 77 89 97 102 115 128 133 136 151 155 177 179 181 198 228 ]
5: [ 8 31 32 64 70 79 104 128 160 186 235 248 ]
6: [ 39 52 56 62 72 73 77 81 83 84 103 124 132 135 165 171 206 211 219 227 240 241 ]
7: [ 14 19 41 70 73 86 106 121 132 181 190 198 244 ]
8: [ 3 5 62 136 144 190 233 ]
9: [ 3 12 32 46 80 104 107 111 118 122 133 135 153 168 175 196 199 200 ]
10: [ 18 19 29 72 83 89 92 93 105 107 115 127 134 138 148 154 160 191 201 205 208 216 244 ]
11: [ 16 24 41 60 153 162 167 169 196 200 205 210 240 243 ]
12: [ 9 15 18 26 46 69 78 84 85 111 140 142 157 158 185 217 222 236 238 245 ]
13: [ 37 38 52 56 82 92 133 200 207 212 219 247 ]
14: [ 7 19 42 89 112 123 125 132 146 161 180 203 218 ]
15: [ 12 18 32 60 62 99 100 108 114 116 117 119 132 139 145 156 164 180 189 203 209 212 228 ]
16: [ 4 11 23 33 41 84 89 90 106 109 119 121 122 134 139 143 171 192 218 222 236 240 242 248 ]
17: [ 27 35 69 73 84 95 101 113 119 124 129 133 141 143 148 164 169 177 182 193 196 222 241 248 ]
18: [ 10 12 15 70 77 90 123 130 132 144 190 198 221 244 ]
19: [ 7 10 14 43 51 66 81 91 151 153 167 171 182 184 213 237 ]
20: [ 76 95 109 209 210 214 223 225 241 ]
21: [ 3 31 42 62 66 79 108 183 210 ]
22: [ 4 68 77 88 115 166 182 183 191 221 ]
23: [ 16 39 57 100 117 135 140 152 153 171 200 203 205 231 236 238 246 248 ]
24: [ 11 26 51 55 65 67 72 74 95 98 108 109 111 135 156 166 178 181 192 198 220 226 245 249 ]
25: [ 30 33 73 74 76 91 115 134 162 169 177 191 195 197 210 217 232 245 ]
26: [ 4 12 24 56 63 70 74 114 118 120 152 162 171 181 193 206 218 229 ]
27: [ 17 77 105 118 129 130 142 156 166 189 192 201 229 230 232 236 247 ]
28: [ 1 29 30 31 38 52 91 94 128 177 210 243 250 ]
29: [ 10 28 46 78 117 136 142 170 193 221 224 ]
30: [ 25 28 78 82 93 100 121 124 157 167 173 182 205 208 210 219 232 ]
31: [ 5 21 28 32 38 49 79 92 124 140 143 158 171 172 176 189 202 220 223 229 249 ]
32: [ 5 9 15 31 55 61 93 101 128 130 133 152 161 168 ]
33: [ 16 25 38 39 62 87 98 176 187 ]
34: [ 2 43 51 72 76 86 93 98 118 121 141 148 153 154 155 166 180 185 192 223 236 245 ]
35: [ 2 17 64 65 90 109 120 143 149 152 170 173 187 198 ]
36: [ 69 80 115 119 189 195 206 ]
37: [ 13 38 42 54 56 63 75 78 84 121 145 146 159 164 166 183 186 189 206 210 242 243 247 ]
38: [ 13 28 31 33 37 40 51 71 85 97 110 119 130 140 145 147 155 161 180 191 204 213 231 232 ]
39: [ 4 6 23 33 41 103 107 119 128 164 166 193 227 ]
40: [ 38 70 71 72 81 92 107 112 133 142 143 148 150 163 184 185 196 210 245 248 ]
41: [ 7 11 16 39 46 47 87 91 144 150 153 156 189 196 198 202 208 210 212 217 221 235 237 ]
42: [ 14 21 37 49 78 80 118 128 129 139 144 147 164 175 190 218 240 ]
43: [ 19 34 83 128 156 172 179 196 238 ]
44: [ 93 107 109 130 133 145 157 167 218 228 ]
45: [ 53 67 82 100 109 120 174 179 199 212 240 ]
46: [ 9 12 29 41 66 74 84 137 152 166 171 176 190 193 224 243 ]
47: [ 41 65 73 89 103 111 131 134 147 154 175 188 235 248 ]
48: [ 95 100 119 151 173 181 184 218 225 229 ]
49: [ 31 42 66 87 93 94 115 129 132 141 151 153 161 178 183 186 197 200 226 ]
50: [ 55 100 106 107 161 169 171 ]
51: [ 19 24 34 38 77 80 112 126 129 134 138 208 211 218 224 234 235 ]
52: [ 2 6 13 28 56 73 103 105 118 127 145 188 200 205 240 242 245 248 ]
53: [ 45 100 111 114 148 ]
54: [ 1 3 4 37 55 81 105 110 123 137 146 157 163 202 206 246 ]
55: [ 4 24 32 50 54 56 87 88 93 97 115 123 139 154 161 175 187 195 208 250 ]
56: [ 6 13 26 37 52 55 59 69 97 107 117 142 170 180 188 189 219 230 231 232 ]
57: [ 23 63 64 84 106 158 164 173 246 247 ]
58: [ 4 63 68 74 114 134 141 192 246 ]
59: [ 56 85 107 115 118 122 132 141 151 153 189 196 209 226 ]
60: [ 11 15 67 68 88 118 130 201 225 ]
61: [ 2 32 93 101 117 141 146 148 150 156 161 169 186 202 212 215 226 233 244 245 ]
62: [ 6 8 15 21 33 76 79 101 128 145 153 162 171 177 236 ]
63: [ 26 37 57 58 66 95 121 128 132 141 152 153 164 167 190 195 217 225 249 ]
64: [ 5 35 57 102 103 119 154 156 157 205 210 217 220 236 242 243 ]
65: [ 24 35 47 92 108 134 160 173 183 196 197 223 237 240 245 249 ]
66: [ 4 19 21 46 49 63 80 114 137 163 187 195 199 207 218 220 227 232 235 236 ]
67: [ 2 4 24 45 60 73 87 96 98 99 129 144 151 200 204 217 223 241 245 ]
68: [ 22 58 60 69 95 111 123 184 ]
69: [ 12 17 36 56 68 118 137 142 144 145 153 159 165 206 229 245 ]
70: [ 5 7 18 26 40 73 76 111 129 138 182 188 229 234 240 ]
71: [ 3 38 40 87 95 129 141 154 164 248 250 ]
72: [ 2 6 10 24 34 40 81 128 129 133 154 164 194 242 243 250 ]
73: [ 6 7 17 25 47 52 67 70 74 77 84 98 115 129 138 144 152 155 178 186 205 240 ]
74: [ 2 24 25 26 46 58 73 82 84 166 176 196 203 227 234 242 243 ]
75: [ 37 87 153 163 166 170 203 213 223 228 231 241 250 ]
76: [ 20 25 34 62 70 89 96 100 129 139 140 149 166 185 206 211 216 ]
77: [ 4 6 18 22 27 51 73 103 104 116 150 185 189 213 222 239 249 ]
78: [ 12 29 30 37 42 99 120 186 249 ]
79: [ 5 21 31 62 114 148 161 162 177 195 199 206 212 230 236 250 ]
80: [ 9 36 42 51 66 81 92 170 190 193 222 243 249 ]
81: [ 6 19 40 54 72 80 110 119 125 140 148 163 188 190 212 238 243 ]
82: [ 13 30 45 74 111 120 128 133 170 182 195 215 248 ]
83: [ 6 10 43 115 122 125 160 168 175 185 203 220 227 239 ]
84: [ 6 12 16 17 37 46 57 73 74 110 120 139 169 186 192 207 213 228 231 250 ]
85: [ 12 38 59 108 109 128 155 245 248 ]
86: [ 7 34 164 176 236 ]
87: [ 33 41 49 55 67 71 75 103 137 144 164 173 209 ]
88: [ 22 55 60 107 113 139 165 168 170 176 187 189 195 196 220 238 ]
89: [ 4 10 14 16 47 76 149 161 190 229 ]
90: [ 1 16 18 35 98 106 120 131 148 151 184 188 197 220 241 ]
91: [ 19 25 28 41 97 118 124 153 204 243 ]
92: [ 10 13 31 40 65 80 104 120 124 129 131 163 184 186 201 229 233 235 244 246 ]
93: [ 10 30 32 34 44 49 55 61 140 172 218 237 ]
94: [ 28 49 115 122 130 139 192 195 238 246 ]
95: [ 17 20 24 48 63 68 71 134 142 158 160 169 176 177 178 211 231 240 ]
96: [ 67 76 135 140 206 208 231 245 ]
97: [ 3 4 38 55 56 91 118 121 150 186 204 ]
98: [ 3 24 33 34 67 73 90 110 111 113 117 134 152 216 245 ]
99: [ 15 67 78 126 152 164 168 217 225 248 ]
100: [ 2 15 23 30 45 48 50 53 76 116 126 132 136 145 150 195 213 223 231 246 ]
101: [ 17 32 61 62 115 122 134 136 154 160 161 173 179 217 231 ]
102: [ 2 4 64 126 131 162 193 230 ]
103: [ 6 39 47 52 64 77 87 130 140 141 142 165 175 186 212 227 ]
104: [ 5 9 77 92 105 120 144 161 171 181 220 240 ]
105: [ 10 27 52 54 104 106 205 231 ]
106: [ 1 7 16 50 57 90 105 125 130 151 163 192 219 231 241 243 ]
107: [ 9 10 39 40 44 50 56 59 88 127 151 160 169 170 205 231 234 243 ]
108: [ 15 21 24 65 85 130 134 141 161 223 226 234 236 ]
109: [ 16 20 24 35 44 45 85 113 247 ]
110: [ 38 54 81 84 98 152 225 238 240 242 ]
111: [ 2 3 9 12 24 47 53 68 70 82 98 113 126 129 152 163 164 173 180 240 243 244 ]
112: [ 14 40 51 114 118 129 130 143 190 229 245 ]
113: [ 17 88 98 109 111 115 125 159 249 ]
114: [ 15 26 53 58 66 79 112 119 124 136 156 165 166 173 184 232 248 ]
115: [ 3 4 10 22 25 36 49 55 59 73 83 94 101 113 119 132 148 150 151 158 169 170 211 212 227 234 250 ]
116: [ 15 77 100 119 129 130 143 154 235 ]
117: [ 15 23 29 56 61 98 134 145 147 167 219 234 240 ]
118: [ 9 26 27 34 42 52 59 60 69 91 97 112 134 141 246 247 ]
119: [ 15 16 17 36 38 39 48 64 81 114 115 116 141 146 150 158 166 187 241 ]
120: [ 26 35 45 78 82 84 90 92 104 155 176 187 189 195 205 219 ]
121: [ 7 16 30 34 37 63 97 148 150 151 160 203 242 ]
122: [ 9 16 59 83 94 101 153 161 166 217 228 233 249 ]
123: [ 14 18 54 55 68 148 158 199 211 220 245 ]
124: [ 6 17 30 31 91 92 114 144 151 161 190 197 219 239 ]
125: [ 3 14 81 83 106 113 168 205 ]
126: [ 51 99 100 102 111 136 143 177 189 208 ]
127: [ 10 52 107 152 168 193 228 235 244 248 ]
128: [ 2 4 5 28 32 39 42 43 62 63 72 82 85 135 140 159 160 166 194 212 241 249 ]
129: [ 17 27 42 49 51 67 70 71 72 73 76 92 111 112 116 134 144 151 158 212 219 235 237 ]
130: [ 18 27 32 38 44 60 94 103 106 108 112 116 138 140 155 161 175 180 187 188 205 217 235 237 240 ]
131: [ 47 90 92 102 180 183 194 ]
132: [ 6 7 14 15 18 49 59 63 100 115 145 155 177 191 202 217 222 243 247 ]
133: [ 4 9 13 17 32 40 44 72 82 164 172 200 205 212 218 221 ]
134: [ 10 16 25 47 51 58 65 95 98 101 108 117 118 129 140 168 170 182 184 189 210 238 243 247 250 ]
135: [ 6 9 23 24 96 128 168 171 202 208 211 220 ]
136: [ 4 8 29 100 101 114 126 148 159 165 170 195 199 203 ]
137: [ 3 46 54 66 69 87 141 192 203 228 243 244 ]
138: [ 10 51 70 73 130 149 174 178 196 234 243 ]
139: [ 15 16 42 55 76 84 88 94 152 171 213 226 228 ]
140: [ 12 23 31 38 76 81 93 96 103 128 130 134 145 151 153 157 176 180 192 198 211 241 ]
141: [ 17 34 49 58 59 61 63 71 103 108 118 119 137 143 156 185 205 211 235 ]
142: [ 12 27 29 40 56 69 95 103 153 159 181 198 212 217 222 234 235 249 ]
143: [ 16 17 31 35 40 112 116 126 141 156 170 189 201 206 217 228 246 ]
144: [ 8 18 41 42 67 69 73 87 104 124 129 166 176 186 189 216 228 233 ]
145: [ 15 37 38 44 52 62 69 100 117 132 140 151 154 174 175 184 185 195 197 228 242 ]
146: [ 14 37 54 61 119 205 234 ]
147: [ 38 42 47 117 181 184 193 198 215 246 ]
148: [ 10 17 34 40 53 61 79 81 90 115 121 123 136 149 162 172 177 196 208 212 216 242 ]
149: [ 35 76 89 138 148 164 185 196 199 204 ]
150: [ 40 41 61 77 97 100 115 119 121 153 159 205 216 219 245 ]
151: [ 3 4 19 48 49 59 67 90 106 107 115 121 124 129 140 145 165 166 197 203 221 ]
152: [ 23 26 32 35 46 63 73 98 99 110 111 127 139 192 222 ]
153: [ 9 11 19 23 34 41 49 59 62 63 69 75 91 122 140 142 150 155 174 196 201 210 213 226 240 ]
154: [ 10 34 47 55 64 71 72 101 116 145 175 180 191 229 247 ]
155: [ 4 34 38 73 85 120 130 132 153 156 182 201 206 222 250 ]
156: [ 15 24 27 41 43 61 64 114 141 143 155 205 211 248 ]
157: [ 12 30 44 54 64 140 158 163 175 192 208 216 217 222 241 245 ]
158: [ 12 31 57 95 115 119 123 129 157 172 195 203 220 233 ]
159: [ 37 69 113 128 136 142 150 183 195 197 230 235 249 250 ]
160: [ 2 5 10 65 83 95 101 107 121 128 243 ]
161: [ 14 32 38 49 50 55 61 79 89 101 104 108 122 124 130 162 168 170 212 217 ]
162: [ 11 25 26 62 79 102 148 161 164 169 170 183 191 196 211 219 232 238 ]
163: [ 40 54 66 75 81 92 106 111 157 186 195 200 224 236 242 ]
164: [ 15 17 37 39 42 57 63 71 72 86 87 99 111 133 149 162 229 235 239 245 247 ]
165: [ 6 69 88 103 114 136 151 ]
166: [ 2 22 24 27 34 37 39 46 74 75 76 114 119 122 128 144 151 168 200 215 242 243 244 ]
167: [ 11 19 30 44 63 117 170 197 216 217 235 ]
168: [ 9 32 83 88 99 125 127 134 135 161 166 181 205 212 213 223 234 236 ]
169: [ 3 11 17 25 50 61 84 95 107 115 162 180 189 190 245 ]
170: [ 29 35 56 75 80 82 88 107 115 134 136 143 161 162 167 180 186 202 213 ]
171: [ 6 16 19 23 26 31 46 50 62 104 135 139 207 217 223 225 228 239 248 ]
172: [ 31 43 93 133 148 158 179 212 ]
173: [ 2 30 35 48 57 65 87 101 111 114 197 208 210 235 242 ]
174: [ 45 138 145 153 178 190 213 245 247 ]
175: [ 9 42 47 55 83 103 130 145 154 157 222 232 234 236 ]
176: [ 31 33 46 74 86 88 95 120 140 144 250 ]
177: [ 4 17 25 28 62 79 95 126 132 148 179 193 195 207 231 233 235 242 243 245 249 ]
178: [ 24 49 73 95 138 174 187 233 ]
179: [ 4 43 45 101 172 177 218 242 247 ]
180: [ 14 15 34 38 56 111 130 131 140 154 169 170 188 228 237 238 249 ]
181: [ 4 7 24 26 48 104 142 147 168 193 236 ]
182: [ 17 19 22 30 70 82 134 155 210 223 225 ]
183: [ 21 22 37 49 65 131 159 162 186 203 220 233 ]
184: [ 19 40 48 68 90 92 114 134 145 147 195 211 227 232 234 243 246 ]
185: [ 12 34 40 76 77 83 141 145 149 216 221 240 ]
186: [ 5 37 49 61 73 78 84 92 97 103 144 163 170 183 196 200 210 221 228 ]
187: [ 33 35 55 66 88 119 120 130 178 213 215 ]
188: [ 47 52 56 70 81 90 130 180 207 228 237 ]
189: [ 15 27 31 36 37 41 56 59 77 88 120 126 134 143 144 169 199 200 210 220 ]
190: [ 7 8 18 42 46 63 80 81 89 112 124 169 174 202 233 ]
191: [ 10 22 25 38 132 154 162 192 215 236 238 245 ]
192: [ 2 16 24 27 34 58 84 94 106 137 140 152 157 191 211 245 246 ]
193: [ 17 26 29 39 46 80 102 127 147 177 181 207 243 246 ]
194: [ 2 72 128 131 207 ]
195: [ 25 36 55 63 66 79 82 88 94 100 120 136 145 158 159 163 177 184 216 236 242 244 ]
196: [ 9 11 17 40 41 43 59 65 74 88 138 148 149 153 162 186 201 206 220 224 248 ]
197: [ 25 49 65 90 124 145 151 159 167 173 205 211 225 235 239 245 ]
198: [ 4 7 18 24 35 41 140 142 147 226 ]
199: [ 9 45 66 79 123 136 149 189 215 229 ]
200: [ 9 11 13 23 49 52 67 133 163 166 186 189 213 220 224 230 231 241 ]
201: [ 10 27 60 92 143 153 155 196 216 219 222 226 227 ]
202: [ 31 41 54 61 132 135 170 190 206 ]
203: [ 14 15 23 74 75 83 121 136 137 151 158 183 215 231 237 ]
204: [ 38 67 91 97 149 246 ]
205: [ 10 11 23 30 52 64 73 105 107 120 125 130 133 141 146 150 156 168 197 222 ]
206: [ 6 26 36 37 54 69 76 79 96 143 155 196 202 ]
207: [ 3 13 66 84 171 177 188 193 194 ]
208: [ 10 30 41 51 55 96 126 135 148 157 173 210 218 234 238 240 ]
209: [ 15 20 59 87 ]
210: [ 11 20 21 25 28 30 37 40 41 64 134 153 173 182 186 189 208 222 230 ]
211: [ 6 51 76 95 115 123 135 140 141 156 162 184 192 197 221 222 ]
212: [ 13 15 41 45 61 79 81 103 115 128 129 133 142 148 161 168 172 218 219 227 229 238 241 ]
213: [ 19 38 75 77 84 100 139 153 168 170 174 187 200 243 ]
214: [ 20 241 ]
215: [ 61 82 147 166 187 191 199 203 228 231 232 235 ]
216: [ 10 76 98 144 148 150 157 167 185 195 201 220 228 231 ]
217: [ 12 25 41 63 64 67 99 101 122 130 132 142 143 157 161 167 171 236 248 ]
218: [ 14 16 26 42 44 48 51 66 93 133 179 208 212 245 ]
219: [ 6 13 30 56 106 117 120 124 129 150 162 201 212 236 240 ]
220: [ 24 31 64 66 83 88 90 104 123 135 158 183 189 196 200 216 221 231 237 ]
221: [ 18 22 29 41 133 151 185 186 211 220 228 231 236 242 ]
222: [ 12 16 17 77 80 132 142 152 155 157 175 201 205 210 211 241 243 ]
223: [ 20 31 34 65 67 75 100 108 168 171 182 249 ]
224: [ 29 46 51 163 196 200 ]
225: [ 20 48 60 63 99 110 171 182 197 233 240 243 ]
226: [ 24 49 59 61 108 139 153 198 201 230 ]
227: [ 6 39 66 74 83 103 115 184 201 212 ]
228: [ 4 15 44 75 84 122 127 137 139 143 144 145 171 180 186 188 215 216 221 ]
229: [ 26 27 31 48 69 70 89 92 112 154 164 199 212 ]
230: [ 27 56 79 102 159 200 210 226 235 246 ]
231: [ 3 23 38 56 75 84 95 96 100 101 105 106 107 177 200 203 215 216 220 221 241 250 ]
232: [ 25 27 30 38 56 66 114 162 175 184 215 ]
233: [ 8 61 92 122 144 158 177 178 183 190 225 ]
234: [ 51 70 74 107 108 115 117 138 142 146 168 175 184 208 247 ]
235: [ 5 41 47 51 66 92 116 127 129 130 141 142 159 164 167 173 177 197 215 230 ]
236: [ 2 12 16 23 27 34 62 64 66 79 86 108 163 168 175 181 191 195 217 219 221 241 243 ]
237: [ 19 41 65 93 129 130 180 188 203 220 ]
238: [ 3 12 23 43 81 88 94 110 134 162 180 191 208 212 ]
239: [ 77 83 124 164 171 197 250 ]
240: [ 6 11 16 42 45 52 65 70 73 95 104 110 111 117 130 153 185 208 219 225 ]
241: [ 6 17 20 67 75 90 106 119 128 140 157 200 212 214 222 231 236 ]
242: [ 16 37 52 64 72 74 110 121 145 148 163 166 173 177 179 195 221 ]
243: [ 11 28 37 46 64 72 74 80 81 91 106 107 111 132 134 137 138 160 166 177 184 193 213 222 225 236 247 249 ]
244: [ 7 10 18 61 92 111 127 137 166 195 ]
245: [ 12 24 25 34 40 52 61 65 67 69 85 96 98 112 123 150 157 164 169 174 177 191 192 197 218 ]
246: [ 23 54 57 58 92 94 100 118 143 147 184 192 193 204 230 ]
247: [ 13 27 37 57 109 118 132 134 154 164 174 179 234 243 ]
248: [ 1 5 16 17 23 40 47 52 71 82 85 99 114 127 156 171 196 217 ]
249: [ 2 3 24 31 63 65 77 78 80 113 122 128 142 159 177 180 223 243 ]
250: [ 28 55 71 72 75 79 84 115 134 155 159 176 231 239 ]
