1: [ 20 26 69 130 138 146 147 148 158 192 ]
2: [ 17 21 26 51 61 69 79 106 111 125 144 168 186 187 203 ]
3: [ 18 34 61 62 68 77 97 117 125 139 146 162 178 179 215 232 235 ]
4: [ 19 38 41 55 85 99 106 118 119 124 126 141 144 147 155 166 169 172 175 176 184 196 199 209 217 240 ]
5: [ 10 16 27 30 35 51 60 66 73 90 95 103 105 112 114 121 137 162 179 180 184 209 213 ]
6: [ 9 16 22 40 53 71 82 85 105 115 127 144 161 169 170 184 189 192 195 218 227 234 239 ]
7: [ 92 122 156 160 175 182 192 205 249 ]
8: [ 58 67 70 71 94 113 139 147 195 207 211 242 247 ]
9: [ 6 13 60 61 156 178 187 191 195 ]
10: [ 5 36 40 50 71 90 106 108 122 136 144 203 245 ]
11: [ 16 21 47 56 137 184 188 191 211 224 ]
12: [ 25 92 122 150 154 188 215 233 ]
13: [ 9 17 18 20 26 33 53 54 101 118 138 167 193 197 202 203 216 220 224 225 226 234 243 ]
14: [ 16 39 73 118 126 147 189 191 205 221 250 ]
15: [ 17 20 44 65 75 82 108 136 149 162 185 192 202 205 233 ]
16: [ 5 6 11 14 17 21 26 72 80 87 102 103 145 182 184 186 197 198 246 ]
17: [ 2 13 15 16 20 33 72 90 95 132 134 150 155 168 181 182 183 223 235 ]
18: [ 3 13 72 97 99 110 145 160 165 207 220 ]
19: [ 4 20 58 67 80 90 119 145 154 158 160 166 186 197 206 232 234 241 245 ]
20: [ 1 13 15 17 19 32 39 41 48 62 122 126 171 173 190 191 216 232 244 ]
21: [ 2 11 16 46 48 68 80 86 105 121 125 128 138 139 151 166 182 183 207 218 224 226 227 ]
22: [ 6 42 68 78 97 117 125 126 143 210 245 ]
23: [ 41 59 64 70 95 155 170 179 189 196 203 220 249 ]
24: [ 27 59 73 91 110 127 135 142 158 167 175 186 189 202 222 223 243 ]
25: [ 12 69 73 92 139 145 152 158 166 192 200 210 223 233 234 248 ]
26: [ 1 2 13 16 67 89 93 113 128 144 161 183 213 214 226 241 242 248 ]
27: [ 5 24 37 49 64 77 83 115 131 138 144 148 168 186 212 217 218 235 248 ]
28: [ 40 80 83 92 99 118 138 175 199 200 211 221 224 230 237 248 ]
29: [ 39 123 144 213 216 ]
30: [ 5 40 41 59 60 72 87 91 104 114 121 143 144 168 226 227 ]
31: [ 80 97 108 125 138 155 178 197 243 246 250 ]
32: [ 20 42 46 52 56 74 88 96 99 114 152 166 176 200 ]
33: [ 13 17 40 89 90 96 108 117 181 186 200 213 ]
34: [ 3 63 87 100 107 132 140 144 172 182 183 ]
35: [ 5 43 44 46 77 81 91 97 111 133 137 146 196 197 236 ]
36: [ 10 41 49 55 89 122 166 193 ]
37: [ 27 62 65 78 139 151 169 176 188 218 225 230 231 249 ]
38: [ 4 44 106 123 124 156 187 232 237 246 ]
39: [ 14 20 29 44 58 82 108 125 135 140 214 217 223 229 234 243 245 ]
40: [ 6 10 28 30 33 50 90 98 111 117 147 158 191 216 220 ]
41: [ 4 20 23 30 36 90 96 119 128 145 160 163 173 180 189 194 195 237 ]
42: [ 22 32 51 52 59 73 79 135 141 150 156 161 169 214 221 227 241 248 ]
43: [ 35 59 66 71 82 100 107 116 117 118 122 125 142 211 230 243 ]
44: [ 15 35 38 39 53 69 74 82 87 94 110 122 131 135 165 179 203 224 250 ]
45: [ 80 105 107 132 139 172 176 183 195 223 228 246 ]
46: [ 21 32 35 69 80 81 82 90 97 111 114 130 132 141 145 185 188 193 195 199 206 214 ]
47: [ 11 72 78 80 91 96 109 187 188 190 191 200 204 219 238 ]
48: [ 20 21 63 85 90 101 103 110 126 127 131 150 159 161 163 168 171 229 ]
49: [ 27 36 127 206 232 ]
50: [ 10 40 61 65 66 82 96 131 195 204 221 235 247 250 ]
51: [ 2 5 42 75 87 140 149 151 158 160 166 177 184 186 223 ]
52: [ 32 42 61 63 160 163 186 189 ]
53: [ 6 13 44 73 134 166 205 212 ]
54: [ 13 66 158 197 211 ]
55: [ 4 36 59 64 71 96 106 120 135 139 197 ]
56: [ 11 32 69 79 98 116 122 127 162 173 184 227 ]
57: [ 58 66 118 125 128 142 162 168 197 221 245 246 247 ]
58: [ 8 19 39 57 90 101 194 ]
59: [ 23 24 30 42 43 55 95 106 108 124 129 131 139 150 159 169 182 185 197 200 229 234 240 242 ]
60: [ 5 9 30 67 95 98 111 119 129 134 140 141 144 146 148 154 181 191 223 244 247 248 ]
61: [ 2 3 9 50 52 71 119 123 167 194 223 229 245 249 ]
62: [ 3 20 37 69 163 174 190 216 234 238 246 ]
63: [ 34 48 52 75 77 98 99 106 132 172 175 178 181 204 ]
64: [ 23 27 55 87 127 148 150 154 169 193 250 ]
65: [ 15 37 50 66 78 80 85 129 141 196 201 245 ]
66: [ 5 43 50 54 57 65 105 117 138 152 158 164 179 190 204 205 234 244 248 ]
67: [ 8 19 26 60 76 129 144 200 237 240 245 ]
68: [ 3 21 22 76 78 81 82 85 123 129 133 148 171 215 ]
69: [ 1 2 25 44 46 56 62 71 75 78 80 82 122 159 182 187 225 ]
70: [ 8 23 101 112 124 138 170 179 186 194 195 206 231 ]
71: [ 6 8 10 43 55 61 69 73 86 100 104 105 113 123 125 127 158 174 175 184 200 207 229 240 ]
72: [ 16 17 18 30 47 86 89 109 121 133 140 141 155 180 185 208 237 ]
73: [ 5 14 24 25 42 53 71 81 112 122 132 135 136 138 144 146 153 156 164 167 176 186 189 191 223 246 ]
74: [ 32 44 86 97 105 113 158 163 167 177 181 201 208 209 220 221 227 229 ]
75: [ 15 51 63 69 91 97 136 144 184 217 241 243 244 245 ]
76: [ 67 68 93 105 106 233 250 ]
77: [ 3 27 35 63 80 87 90 138 162 186 216 220 230 247 ]
78: [ 22 37 47 65 68 69 98 137 184 207 233 246 ]
79: [ 2 42 56 94 97 101 104 109 121 139 145 155 165 169 172 179 192 196 197 212 220 ]
80: [ 16 19 21 28 31 45 46 47 65 69 77 106 131 147 156 169 190 193 228 ]
81: [ 35 46 68 73 95 108 196 221 ]
82: [ 6 15 39 43 44 46 50 68 69 100 102 104 126 133 143 149 156 179 185 213 228 237 250 ]
83: [ 27 28 108 129 147 150 193 226 232 239 ]
84: [ 118 140 152 168 181 198 ]
85: [ 4 6 48 65 68 90 95 100 118 121 130 141 164 169 195 196 ]
86: [ 21 71 72 74 97 111 143 186 ]
87: [ 16 30 34 44 51 64 77 97 116 130 153 164 169 177 196 211 221 222 236 ]
88: [ 32 104 117 122 175 176 180 207 231 236 ]
89: [ 26 33 36 72 95 104 107 110 154 174 189 208 220 226 ]
90: [ 5 10 17 19 33 40 41 46 48 58 77 85 97 106 125 127 142 149 153 156 160 176 180 192 196 198 200 236 245 ]
91: [ 24 30 35 47 75 102 113 115 116 123 149 151 166 186 191 194 209 210 ]
92: [ 7 12 25 28 116 132 142 157 176 191 241 ]
93: [ 26 76 96 99 112 165 169 172 192 215 ]
94: [ 8 44 79 125 214 222 ]
95: [ 5 17 23 59 60 81 85 89 114 116 133 150 163 167 172 191 238 244 ]
96: [ 32 33 41 47 50 55 93 102 117 130 134 140 156 169 180 190 206 243 ]
97: [ 3 18 22 31 35 46 74 75 79 86 87 90 147 200 220 223 250 ]
98: [ 40 56 60 63 78 133 160 174 199 232 234 ]
99: [ 4 18 28 32 63 93 118 139 146 152 168 193 221 224 235 248 ]
100: [ 34 43 71 82 85 127 131 142 145 160 190 210 211 224 240 ]
101: [ 13 48 58 70 79 106 120 149 163 189 193 195 202 ]
102: [ 16 82 91 96 105 108 109 122 146 147 150 165 173 184 191 226 ]
103: [ 5 16 48 107 112 175 216 224 ]
104: [ 30 71 79 82 88 89 133 155 159 184 207 250 ]
105: [ 5 6 21 45 66 71 74 76 102 108 118 138 143 179 187 190 198 ]
106: [ 2 4 10 38 55 59 63 76 80 90 101 118 139 147 150 186 200 203 210 222 224 241 ]
107: [ 34 43 45 89 103 116 134 141 143 149 229 231 235 ]
108: [ 10 15 31 33 39 59 81 83 102 105 113 114 118 120 141 146 168 177 179 186 190 206 222 ]
109: [ 47 72 79 102 114 124 144 147 148 160 162 216 ]
110: [ 18 24 44 48 89 123 182 213 ]
111: [ 2 35 40 46 60 86 114 126 144 148 190 202 230 245 ]
112: [ 5 70 73 93 103 118 120 127 176 202 ]
113: [ 8 26 71 74 91 108 125 146 175 211 215 229 230 249 ]
114: [ 5 30 32 46 95 108 109 111 168 213 233 245 ]
115: [ 6 27 91 121 164 193 220 ]
116: [ 43 56 87 91 92 95 107 128 138 140 146 177 180 181 191 197 201 216 218 229 240 ]
117: [ 3 22 33 40 43 66 88 96 128 137 202 ]
118: [ 4 13 14 28 43 57 84 85 99 105 106 108 112 123 129 148 149 156 162 167 230 240 243 244 248 249 ]
119: [ 4 19 41 60 61 120 125 156 177 198 235 ]
120: [ 55 101 108 112 119 126 147 149 150 160 161 164 166 169 184 192 209 215 ]
121: [ 5 21 30 72 79 85 115 161 162 173 229 ]
122: [ 7 10 12 20 36 43 44 56 69 73 88 102 155 156 165 169 176 185 224 225 ]
123: [ 29 38 61 68 71 91 110 118 135 137 138 140 159 165 187 188 199 203 212 214 223 230 244 ]
124: [ 4 38 59 70 109 144 154 225 229 239 ]
125: [ 2 3 21 22 31 39 43 57 71 90 94 113 119 145 186 187 215 222 250 ]
126: [ 4 14 20 22 48 82 111 120 144 154 183 218 223 240 243 250 ]
127: [ 6 24 48 49 56 64 71 90 100 112 133 154 163 165 172 184 188 192 209 212 220 ]
128: [ 21 26 41 57 116 117 130 133 142 150 153 181 185 199 205 206 244 250 ]
129: [ 59 60 65 67 68 83 118 133 139 146 156 174 189 197 214 218 220 232 236 ]
130: [ 1 46 85 87 96 128 146 179 ]
131: [ 27 44 48 50 59 80 100 139 161 187 218 221 225 232 ]
132: [ 17 34 45 46 63 73 92 188 194 242 244 ]
133: [ 35 68 72 82 95 98 104 127 128 129 137 138 144 145 155 158 186 206 238 ]
134: [ 17 53 60 96 107 190 243 ]
135: [ 24 39 42 44 55 73 123 140 244 ]
136: [ 10 15 73 75 ]
137: [ 5 11 35 78 117 123 133 146 147 148 159 168 176 181 196 202 205 218 235 246 ]
138: [ 1 13 21 27 28 31 66 70 73 77 105 116 123 133 154 189 195 198 207 221 223 ]
139: [ 3 8 21 25 37 45 55 59 79 99 106 129 131 147 224 240 ]
140: [ 34 39 51 60 72 84 96 116 123 135 181 237 ]
141: [ 4 42 46 60 65 72 85 107 108 146 187 193 196 203 223 243 246 248 ]
142: [ 24 43 57 90 92 100 128 179 202 209 212 ]
143: [ 22 30 82 86 105 107 179 181 244 ]
144: [ 2 4 6 10 26 27 29 30 34 60 67 73 75 109 111 124 126 133 150 203 215 227 ]
145: [ 16 18 19 25 41 46 79 100 125 133 158 202 211 212 217 221 223 229 ]
146: [ 1 3 35 60 73 99 102 108 113 116 129 130 137 141 180 185 196 204 211 219 235 243 ]
147: [ 1 4 8 14 40 80 83 97 102 106 109 120 137 139 149 160 175 206 226 228 ]
148: [ 1 27 60 64 68 109 111 118 137 149 163 167 168 229 248 ]
149: [ 15 51 82 90 91 101 107 118 120 147 148 169 ]
150: [ 12 17 42 48 59 64 83 95 102 106 120 128 144 161 176 183 196 233 242 ]
151: [ 21 37 51 91 176 187 230 238 ]
152: [ 25 32 66 84 99 160 190 194 241 ]
153: [ 73 87 90 128 160 169 192 ]
154: [ 12 19 60 64 89 124 126 127 138 160 216 219 220 223 228 229 ]
155: [ 4 17 23 31 72 79 104 122 133 161 224 232 236 237 ]
156: [ 7 9 38 42 73 80 82 90 96 118 119 122 129 159 163 165 193 195 214 216 236 238 249 ]
157: [ 92 161 163 175 ]
158: [ 1 19 24 25 40 51 54 66 71 74 133 145 203 205 211 ]
159: [ 48 59 69 104 123 137 156 201 213 223 ]
160: [ 7 18 19 41 51 52 90 98 100 109 120 147 152 153 154 197 221 239 246 248 ]
161: [ 6 26 42 48 120 121 131 150 155 157 175 179 194 244 ]
162: [ 3 5 15 56 57 77 109 118 121 188 190 206 208 219 ]
163: [ 41 48 52 62 74 95 101 127 148 156 157 175 186 217 ]
164: [ 66 73 85 87 115 120 189 207 210 220 238 244 248 ]
165: [ 18 44 79 93 102 122 123 127 156 184 228 ]
166: [ 4 19 21 25 32 36 51 53 91 120 182 186 188 193 195 210 243 ]
167: [ 13 24 61 73 74 95 118 148 194 199 200 213 243 ]
168: [ 2 17 27 30 48 57 84 99 108 114 137 148 170 196 207 229 230 238 ]
169: [ 4 6 37 42 59 64 79 80 85 87 93 96 120 122 149 153 182 191 196 226 ]
170: [ 6 23 70 168 179 200 222 224 229 244 ]
171: [ 20 48 68 184 231 235 241 ]
172: [ 4 34 45 63 79 93 95 127 199 ]
173: [ 20 41 56 102 121 219 245 ]
174: [ 62 71 89 98 129 182 209 ]
175: [ 4 7 24 28 63 71 88 103 113 147 157 161 163 189 197 202 209 223 233 237 239 247 ]
176: [ 4 32 37 45 73 88 90 92 112 122 137 150 151 178 183 197 200 205 223 232 237 ]
177: [ 51 74 87 108 116 119 195 221 ]
178: [ 3 9 31 63 176 195 216 ]
179: [ 3 5 23 44 66 70 79 82 105 108 130 142 143 161 170 184 187 198 237 ]
180: [ 5 41 72 88 90 96 116 146 190 223 ]
181: [ 17 33 60 63 74 84 116 128 137 140 143 217 222 226 ]
182: [ 7 16 17 21 34 59 69 110 166 169 174 184 191 200 204 214 227 235 ]
183: [ 17 21 26 34 45 126 150 176 215 228 246 ]
184: [ 4 5 6 11 16 51 56 71 75 78 102 104 120 127 165 171 179 182 214 228 ]
185: [ 15 46 59 72 82 122 128 146 241 ]
186: [ 2 16 19 24 27 33 51 52 70 73 77 86 91 106 108 125 133 163 166 190 200 203 210 212 218 247 ]
187: [ 2 9 38 47 69 105 123 125 131 141 151 179 189 193 200 201 206 ]
188: [ 11 12 37 46 47 123 127 132 162 166 221 238 ]
189: [ 6 14 23 24 41 52 73 89 101 129 138 164 175 187 198 200 214 226 228 ]
190: [ 20 47 62 66 80 96 100 105 108 111 134 152 162 180 186 222 223 232 241 248 ]
191: [ 9 11 14 20 40 47 60 73 91 92 95 102 116 169 182 200 216 ]
192: [ 1 6 7 15 25 79 90 93 120 127 153 200 229 233 ]
193: [ 13 36 46 64 80 83 99 101 115 141 156 166 187 214 232 247 ]
194: [ 41 58 61 70 91 132 152 161 167 227 233 234 244 ]
195: [ 6 8 9 41 45 46 50 70 85 101 138 156 166 177 178 207 244 ]
196: [ 4 23 35 65 79 81 85 87 90 137 141 146 150 168 169 197 213 223 229 238 244 ]
197: [ 13 16 19 31 35 54 55 57 59 79 116 129 160 175 176 196 222 224 250 ]
198: [ 16 84 90 105 119 138 179 189 230 ]
199: [ 4 28 46 98 123 128 167 172 229 250 ]
200: [ 25 28 32 33 47 59 67 71 90 97 106 167 170 176 182 186 187 189 191 192 204 237 239 ]
201: [ 65 74 116 159 187 225 246 ]
202: [ 13 15 24 101 111 112 117 137 142 145 175 211 212 218 223 227 228 229 238 242 ]
203: [ 2 10 13 23 44 106 123 141 144 158 186 205 209 217 232 241 246 ]
204: [ 47 50 63 66 146 182 200 215 243 ]
205: [ 7 14 15 53 66 128 137 158 176 203 241 ]
206: [ 19 46 49 70 96 108 128 133 147 162 187 235 ]
207: [ 8 18 21 71 78 88 104 138 164 168 195 210 ]
208: [ 72 74 89 162 244 ]
209: [ 4 5 74 91 120 127 142 174 175 203 245 ]
210: [ 22 25 91 100 106 164 166 186 207 214 244 245 ]
211: [ 8 11 28 43 54 87 100 113 145 146 158 202 216 223 233 ]
212: [ 27 53 79 123 127 142 145 186 202 215 234 ]
213: [ 5 26 29 33 82 110 114 159 167 196 215 216 227 236 242 244 245 ]
214: [ 26 39 42 46 94 123 129 156 182 184 189 193 210 225 ]
215: [ 3 12 68 93 113 120 125 144 183 204 212 213 ]
216: [ 13 20 29 40 62 77 103 109 116 154 156 178 191 211 213 240 ]
217: [ 4 27 39 75 145 163 181 203 244 ]
218: [ 6 21 27 37 116 126 129 131 137 186 202 ]
219: [ 47 146 154 162 173 244 ]
220: [ 13 18 23 40 74 77 79 89 97 115 127 129 154 164 242 249 ]
221: [ 14 28 42 50 57 74 81 87 99 131 138 145 160 177 188 ]
222: [ 24 87 94 106 108 125 170 181 190 197 240 245 ]
223: [ 17 24 25 39 45 51 60 61 73 97 123 126 138 141 145 154 159 175 176 180 190 196 202 211 228 229 241 ]
224: [ 11 13 21 28 44 99 100 103 106 122 139 155 170 197 ]
225: [ 13 37 69 122 124 131 201 214 237 ]
226: [ 13 21 26 30 83 89 102 147 169 181 189 ]
227: [ 6 21 30 42 56 74 144 182 194 202 213 235 242 ]
228: [ 45 80 82 147 154 165 183 184 189 202 223 250 ]
229: [ 39 48 59 61 71 74 107 113 116 121 124 145 148 154 168 170 192 196 199 202 223 240 ]
230: [ 28 37 43 77 111 113 118 123 151 168 198 244 ]
231: [ 37 70 88 107 171 ]
232: [ 3 19 20 38 49 83 98 129 131 155 176 190 193 203 234 248 ]
233: [ 12 15 25 76 78 114 150 175 192 194 211 248 ]
234: [ 6 13 19 25 39 59 62 66 98 194 212 232 ]
235: [ 3 17 27 50 99 107 119 137 146 171 182 206 227 248 ]
236: [ 35 87 88 90 129 155 156 213 ]
237: [ 28 38 41 67 72 82 140 155 175 176 179 200 225 ]
238: [ 47 62 95 133 151 156 164 168 188 196 202 ]
239: [ 6 83 124 160 175 200 244 ]
240: [ 4 59 67 71 100 116 118 126 139 216 222 229 246 ]
241: [ 19 26 42 75 92 106 152 171 185 190 203 205 223 248 ]
242: [ 8 26 59 132 150 202 213 220 227 245 ]
243: [ 13 24 31 39 43 75 96 118 126 134 141 146 166 167 204 245 247 ]
244: [ 20 60 66 75 95 118 123 128 132 135 143 161 164 170 194 195 196 208 210 213 217 219 230 239 248 ]
245: [ 10 19 22 39 57 61 65 67 75 90 111 114 173 209 210 213 222 242 243 250 ]
246: [ 16 31 38 45 57 62 73 78 137 141 160 183 201 203 240 247 ]
247: [ 8 50 57 60 77 175 186 193 243 246 ]
248: [ 25 26 27 28 42 60 66 99 118 141 148 160 164 190 232 233 235 241 244 ]
249: [ 7 23 37 61 113 118 156 220 ]
250: [ 14 31 44 50 64 76 82 97 104 125 126 128 197 199 228 245 ]
