1: [ 11 12 16 63 77 84 111 112 131 135 151 191 216 225 231 241 244 ]
2: [ 25 97 107 111 133 137 138 171 194 197 206 ]
3: [ 12 16 28 29 41 75 81 91 97 119 125 145 146 155 173 182 188 192 199 220 223 ]
4: [ 16 19 73 119 145 162 163 171 181 189 207 ]
5: [ 22 39 57 151 201 ]
6: [ 15 43 47 60 61 66 67 89 117 121 131 176 213 214 ]
7: [ 28 98 100 101 103 129 131 135 155 183 197 215 232 237 ]
8: [ 12 23 40 60 71 105 136 168 202 223 246 ]
9: [ 15 23 38 46 122 151 ]
10: [ 11 41 87 107 147 208 223 ]
11: [ 1 10 12 20 21 44 87 88 89 111 113 121 149 182 193 200 207 226 231 234 237 ]
12: [ 1 3 8 11 13 27 42 49 58 73 89 97 99 103 140 145 147 155 158 176 184 191 237 241 248 ]
13: [ 12 17 21 38 39 111 136 208 212 232 ]
14: [ 43 47 52 71 88 98 166 169 216 221 231 245 ]
15: [ 6 9 28 50 69 79 88 150 174 176 179 208 238 243 ]
16: [ 1 3 4 119 121 144 149 202 ]
17: [ 13 27 106 145 166 191 193 197 203 209 216 225 241 ]
18: [ 20 34 62 117 232 235 240 249 250 ]
19: [ 4 26 37 59 65 136 160 215 ]
20: [ 11 18 30 47 114 134 136 155 172 221 227 ]
21: [ 11 13 23 33 57 60 75 84 134 159 167 169 184 197 220 226 ]
22: [ 5 36 47 62 77 81 94 104 110 120 133 201 214 216 ]
23: [ 8 9 21 31 34 79 87 99 101 118 132 134 149 202 212 213 227 247 ]
24: [ 39 53 59 85 95 97 135 147 185 202 203 219 240 250 ]
25: [ 2 60 75 89 143 146 176 213 225 ]
26: [ 19 80 82 111 123 153 154 199 209 220 248 ]
27: [ 12 17 44 60 61 76 103 105 127 131 141 148 180 186 192 198 212 225 229 ]
28: [ 3 7 15 47 52 53 54 60 69 95 105 107 117 124 199 216 234 244 ]
29: [ 3 73 77 79 80 104 186 193 199 216 228 234 ]
30: [ 20 34 52 90 107 109 126 134 139 170 176 185 190 206 207 215 222 ]
31: [ 23 35 36 46 54 58 77 92 127 174 185 233 ]
32: [ 36 70 77 101 129 133 145 160 208 218 234 242 244 245 ]
33: [ 21 72 73 81 91 99 148 158 200 239 ]
34: [ 18 23 30 59 138 147 180 183 208 223 243 ]
35: [ 31 145 232 ]
36: [ 22 31 32 39 43 136 144 156 167 169 188 191 202 206 217 221 226 239 248 ]
37: [ 19 57 87 131 219 222 ]
38: [ 9 13 53 78 94 134 144 189 212 228 241 242 ]
39: [ 5 13 24 36 59 63 70 76 104 109 122 129 139 154 169 197 215 218 242 ]
40: [ 8 67 102 128 140 156 162 ]
41: [ 3 10 69 71 84 110 117 163 169 190 208 213 215 219 235 237 245 ]
42: [ 12 45 65 81 82 90 98 106 114 129 150 155 172 220 244 ]
43: [ 6 14 36 76 84 87 103 120 163 199 214 218 239 245 ]
44: [ 11 27 60 111 142 174 187 188 222 ]
45: [ 42 53 73 75 81 82 110 111 120 133 142 155 171 195 210 229 235 250 ]
46: [ 9 31 63 71 74 76 77 84 85 88 110 111 119 132 137 139 158 160 161 165 168 179 207 227 232 233 ]
47: [ 6 14 20 22 28 53 54 108 109 155 165 212 214 218 238 ]
48: [ 49 70 80 124 149 164 199 203 225 237 238 ]
49: [ 12 48 76 100 124 147 163 240 ]
50: [ 15 61 72 83 94 107 122 123 136 141 147 150 166 167 190 204 213 225 230 232 ]
51: [ 78 120 125 ]
52: [ 14 28 30 90 110 208 ]
53: [ 24 28 38 45 47 58 61 69 74 88 90 95 123 153 166 171 216 217 220 233 ]
54: [ 28 31 47 55 91 118 145 210 216 231 ]
55: [ 54 62 91 92 110 134 136 142 145 167 205 210 216 236 243 249 ]
56: [ 106 157 220 ]
57: [ 5 21 37 103 151 189 200 227 242 243 ]
58: [ 12 31 53 86 110 131 156 165 170 214 218 226 234 242 ]
59: [ 19 24 34 39 89 165 170 174 194 218 ]
60: [ 6 8 21 25 27 28 44 76 85 99 100 101 121 136 139 162 178 182 185 204 240 250 ]
61: [ 6 27 50 53 123 125 134 135 145 165 175 201 213 ]
62: [ 18 22 55 74 114 170 182 194 243 ]
63: [ 1 39 46 64 67 92 103 117 128 131 149 154 155 170 174 189 194 197 198 207 213 223 245 ]
64: [ 63 126 140 153 178 197 201 ]
65: [ 19 42 67 69 83 88 90 122 133 135 175 178 184 210 217 219 ]
66: [ 6 81 143 180 197 210 224 225 ]
67: [ 6 40 63 65 80 81 112 128 149 182 201 212 214 ]
68: [ 83 116 149 171 199 210 223 ]
69: [ 15 28 41 53 65 103 131 137 189 224 ]
70: [ 32 39 48 77 178 207 ]
71: [ 8 14 41 46 76 122 133 135 137 197 201 210 234 241 ]
72: [ 33 50 81 84 90 95 104 131 137 145 162 168 169 170 174 177 199 225 230 ]
73: [ 4 12 29 33 45 88 108 112 164 233 ]
74: [ 46 53 62 82 95 117 173 202 207 218 231 236 240 ]
75: [ 3 21 25 45 101 174 209 217 222 ]
76: [ 27 39 43 46 49 60 71 80 105 109 115 141 164 179 212 219 220 ]
77: [ 1 22 29 31 32 46 70 91 100 119 137 148 170 172 174 183 201 202 212 223 ]
78: [ 38 51 85 121 140 144 151 158 162 168 176 183 184 197 218 ]
79: [ 15 23 29 81 99 162 225 231 233 234 247 ]
80: [ 26 29 48 67 76 89 121 141 157 222 224 231 245 ]
81: [ 3 22 33 42 45 66 67 72 79 92 101 104 124 156 159 161 178 210 213 222 ]
82: [ 26 42 45 74 116 233 235 ]
83: [ 50 65 68 98 126 130 140 153 183 198 204 225 227 233 248 ]
84: [ 1 21 41 43 46 72 107 108 119 122 146 149 178 211 215 218 233 ]
85: [ 24 46 60 78 88 99 131 144 175 180 184 203 212 235 ]
86: [ 58 99 103 109 145 184 232 ]
87: [ 10 11 23 37 43 117 122 132 134 139 140 149 165 178 186 223 ]
88: [ 11 14 15 46 53 65 73 85 97 127 134 136 150 159 175 195 212 232 238 ]
89: [ 6 11 12 25 59 80 93 94 109 141 159 194 230 234 240 244 249 250 ]
90: [ 30 42 52 53 65 72 133 136 168 178 208 212 213 225 228 231 232 ]
91: [ 3 33 54 55 77 95 98 101 110 117 143 149 160 216 ]
92: [ 31 55 63 81 101 127 140 157 177 182 196 199 206 207 212 231 ]
93: [ 89 108 120 165 169 176 178 186 227 240 ]
94: [ 22 38 50 89 138 147 172 208 211 220 237 ]
95: [ 24 28 53 72 74 91 162 182 207 211 249 ]
96: [ 142 155 164 197 224 ]
97: [ 2 3 12 24 88 103 113 130 142 156 159 161 164 174 215 218 247 ]
98: [ 7 14 42 83 91 103 115 137 145 149 155 162 199 204 207 214 224 235 ]
99: [ 12 23 33 60 79 85 86 102 137 143 157 170 176 200 221 223 243 ]
100: [ 7 49 60 77 103 117 148 176 228 240 ]
101: [ 7 23 32 60 75 81 91 92 120 160 199 244 ]
102: [ 40 99 122 128 135 193 214 218 ]
103: [ 7 12 27 43 57 63 69 86 97 98 100 116 133 142 144 159 168 200 218 ]
104: [ 22 29 39 72 81 134 168 186 227 242 ]
105: [ 8 27 28 76 121 151 203 218 ]
106: [ 17 42 56 120 122 125 134 173 214 227 238 241 ]
107: [ 2 10 28 30 50 84 128 149 165 184 195 201 222 229 ]
108: [ 47 73 84 93 111 125 149 156 168 175 208 ]
109: [ 30 39 47 76 86 89 117 131 145 162 171 186 197 223 250 ]
110: [ 22 41 45 46 52 55 58 91 122 126 138 168 169 177 207 208 244 250 ]
111: [ 1 2 11 13 26 44 45 46 108 112 140 142 144 155 174 184 219 231 235 245 ]
112: [ 1 67 73 111 114 121 131 138 142 147 167 186 219 232 233 235 ]
113: [ 11 97 127 144 183 193 199 221 240 ]
114: [ 20 42 62 112 143 171 183 217 ]
115: [ 76 98 121 143 165 ]
116: [ 68 82 103 123 151 165 170 188 224 237 250 ]
117: [ 6 18 28 41 63 74 87 91 100 109 119 135 136 139 140 155 169 174 184 193 215 233 248 ]
118: [ 23 54 163 165 169 172 187 200 232 247 ]
119: [ 3 4 16 46 77 84 117 138 176 178 211 248 ]
120: [ 22 43 45 51 93 101 106 140 182 190 191 197 213 215 221 223 231 247 ]
121: [ 6 11 16 60 78 80 105 112 115 122 130 131 161 166 178 191 216 239 242 ]
122: [ 9 39 50 65 71 84 87 102 106 110 121 139 158 167 169 213 217 220 233 243 244 ]
123: [ 26 50 53 61 116 143 146 167 186 237 244 ]
124: [ 28 48 49 81 125 127 137 187 189 199 217 224 231 232 247 ]
125: [ 3 51 61 106 108 124 129 169 206 209 214 224 233 ]
126: [ 30 64 83 110 139 174 197 213 214 222 227 228 232 ]
127: [ 27 31 88 92 113 124 210 211 227 ]
128: [ 40 63 67 102 107 135 136 170 173 207 214 238 ]
129: [ 7 32 39 42 125 149 157 178 212 220 223 227 236 240 242 ]
130: [ 83 97 121 153 156 166 173 212 227 229 232 249 ]
131: [ 1 6 7 27 37 58 63 69 72 85 109 112 121 144 159 189 190 194 220 221 236 ]
132: [ 23 46 87 137 200 206 207 216 242 ]
133: [ 2 22 32 45 65 71 90 103 180 208 218 223 ]
134: [ 20 21 23 30 38 55 61 87 88 104 106 156 172 190 192 208 243 245 ]
135: [ 1 7 24 61 65 71 102 117 128 142 143 154 166 169 214 216 229 240 ]
136: [ 8 13 19 20 36 50 55 60 88 90 117 128 140 180 193 220 226 ]
137: [ 2 46 69 71 72 77 98 99 124 132 153 161 201 207 237 ]
138: [ 2 34 94 110 112 119 145 164 182 189 213 ]
139: [ 30 39 46 60 87 117 122 126 157 159 167 168 172 176 179 183 194 197 203 221 231 243 247 ]
140: [ 12 40 64 78 83 87 92 111 117 120 136 160 183 201 220 246 ]
141: [ 27 50 76 80 89 159 163 172 227 ]
142: [ 44 45 55 96 97 103 111 112 135 144 164 169 171 178 206 207 210 218 242 ]
143: [ 25 66 91 99 114 115 123 135 153 156 175 177 204 208 209 228 242 ]
144: [ 16 36 38 78 85 103 111 113 131 142 149 163 166 179 182 193 206 ]
145: [ 3 4 12 17 32 35 54 55 61 72 86 98 109 138 181 185 186 207 ]
146: [ 3 25 84 123 154 155 159 164 165 167 169 174 178 211 227 ]
147: [ 10 12 24 34 49 50 94 112 149 156 162 166 178 206 213 214 219 237 ]
148: [ 27 33 77 100 200 ]
149: [ 11 16 23 48 63 67 68 84 87 91 98 107 108 129 144 147 152 179 180 182 187 198 ]
150: [ 15 42 50 88 190 209 219 233 243 ]
151: [ 1 5 9 57 78 105 116 155 174 175 187 232 234 241 ]
152: [ 149 167 214 226 240 ]
153: [ 26 53 64 83 130 137 143 186 207 210 220 ]
154: [ 26 39 63 135 146 155 168 172 207 212 ]
155: [ 3 7 12 20 42 45 47 63 96 98 111 117 146 151 154 161 196 206 233 243 ]
156: [ 36 40 58 81 97 108 130 134 143 147 180 185 188 211 230 248 ]
157: [ 56 80 92 99 129 139 214 237 ]
158: [ 12 33 46 78 122 174 185 189 244 ]
159: [ 21 81 88 89 97 103 131 139 141 146 218 231 241 ]
160: [ 19 32 46 91 101 140 164 172 176 198 199 201 214 237 247 ]
161: [ 46 81 97 121 137 155 169 175 223 ]
162: [ 4 40 60 72 78 79 95 98 109 147 163 184 239 ]
163: [ 4 41 43 49 118 141 144 162 165 171 175 182 200 208 214 225 231 245 ]
164: [ 48 73 76 96 97 138 142 146 160 169 178 195 215 ]
165: [ 46 47 58 59 61 87 93 107 115 116 118 146 163 177 187 207 238 ]
166: [ 14 17 50 53 121 130 135 144 147 175 180 185 189 190 191 244 ]
167: [ 21 36 50 55 112 122 123 139 146 152 184 186 198 235 241 245 ]
168: [ 8 46 72 78 90 103 104 108 110 139 154 169 202 203 206 210 236 247 ]
169: [ 14 21 36 39 41 72 93 110 117 118 122 125 135 142 146 161 164 168 170 207 222 231 ]
170: [ 30 58 59 62 63 72 77 99 116 128 169 196 200 216 237 ]
171: [ 2 4 45 53 68 109 114 142 163 177 178 243 ]
172: [ 20 42 77 94 118 134 139 141 154 160 174 185 189 201 202 206 227 ]
173: [ 3 74 106 128 130 209 230 241 ]
174: [ 15 31 44 59 63 72 75 77 97 111 117 126 146 151 158 172 178 204 237 ]
175: [ 61 65 85 88 108 143 151 161 163 166 176 197 214 231 ]
176: [ 6 12 15 25 30 78 93 99 100 119 139 160 175 191 201 205 206 216 221 232 ]
177: [ 72 92 110 143 165 171 222 ]
178: [ 60 64 65 70 81 84 87 90 93 119 121 129 142 146 147 164 171 174 179 215 229 245 ]
179: [ 15 46 76 139 144 149 178 183 188 207 244 245 ]
180: [ 27 34 66 85 133 136 149 156 166 182 183 193 206 207 215 217 ]
181: [ 4 145 191 202 204 235 ]
182: [ 3 11 60 62 67 92 95 120 138 144 149 163 180 208 215 243 ]
183: [ 7 34 77 78 83 113 114 139 140 179 180 232 ]
184: [ 12 21 65 78 85 86 107 111 117 162 167 193 195 204 210 211 218 228 ]
185: [ 24 30 31 60 145 156 158 166 172 186 ]
186: [ 27 29 87 93 104 109 112 123 145 153 167 185 233 244 ]
187: [ 44 118 124 149 151 165 232 250 ]
188: [ 3 36 44 116 156 179 ]
189: [ 4 38 57 63 69 124 131 138 158 166 172 196 199 208 210 233 ]
190: [ 30 41 50 120 131 134 150 166 ]
191: [ 1 12 17 36 120 121 166 176 181 247 ]
192: [ 3 27 134 216 219 244 ]
193: [ 11 17 29 102 113 117 136 144 180 184 224 245 ]
194: [ 2 59 62 63 89 131 139 201 216 226 234 ]
195: [ 45 88 107 164 184 ]
196: [ 92 155 170 189 ]
197: [ 2 7 17 21 39 63 64 66 71 78 96 109 120 126 139 175 207 211 235 ]
198: [ 27 63 83 149 160 167 226 229 244 ]
199: [ 3 26 28 29 43 48 68 72 92 98 101 113 124 160 189 215 238 249 ]
200: [ 11 33 57 99 103 118 132 148 163 170 240 250 ]
201: [ 5 22 61 64 67 71 77 107 137 140 160 172 176 194 210 ]
202: [ 8 16 23 24 36 74 77 168 172 181 211 215 218 233 249 ]
203: [ 17 24 48 85 105 139 168 205 213 231 ]
204: [ 50 60 83 98 143 174 181 184 ]
205: [ 55 176 203 218 222 244 ]
206: [ 2 30 36 92 125 132 142 144 147 155 168 172 176 180 222 223 ]
207: [ 4 11 30 46 63 70 74 92 95 98 110 128 132 137 142 145 153 154 165 169 179 180 197 218 219 223 231 ]
208: [ 10 13 15 32 34 41 52 90 94 108 110 133 134 143 163 182 189 217 223 236 241 243 ]
209: [ 17 26 75 125 143 150 173 220 ]
210: [ 45 54 55 65 66 68 71 81 127 142 153 168 184 189 201 213 222 ]
211: [ 84 94 95 119 127 146 156 184 197 202 218 233 238 242 ]
212: [ 13 23 27 38 47 67 76 77 85 88 90 92 129 130 154 213 217 ]
213: [ 6 23 25 41 50 61 63 81 90 120 122 126 138 147 203 210 212 219 223 225 236 ]
214: [ 6 22 43 47 58 67 98 102 106 125 126 128 135 147 152 157 160 163 175 216 244 ]
215: [ 7 19 30 39 41 84 97 117 120 164 178 180 182 199 202 233 ]
216: [ 1 14 17 22 28 29 53 54 55 91 121 132 135 170 176 192 194 214 242 ]
217: [ 36 53 65 75 114 122 124 180 208 212 ]
218: [ 32 39 43 47 58 59 74 78 84 97 102 103 105 133 142 159 184 202 205 207 211 ]
219: [ 24 37 41 65 76 111 112 147 150 192 207 213 222 235 244 ]
220: [ 3 21 26 42 53 56 76 94 122 129 131 136 140 153 209 225 249 ]
221: [ 14 20 36 99 113 120 131 139 176 ]
222: [ 30 37 44 75 80 81 107 126 169 177 205 206 210 219 223 238 248 ]
223: [ 3 8 10 34 63 68 77 87 99 109 120 129 133 161 206 207 208 213 222 225 231 ]
224: [ 66 69 80 96 98 116 124 125 193 245 ]
225: [ 1 17 25 27 48 50 66 72 79 83 90 163 213 220 223 242 ]
226: [ 11 21 36 58 136 152 194 198 232 ]
227: [ 20 23 46 57 83 93 104 106 126 127 129 130 141 146 172 229 ]
228: [ 29 38 90 100 126 143 184 231 ]
229: [ 27 45 107 130 135 178 198 227 ]
230: [ 50 72 89 156 173 232 ]
231: [ 1 11 14 54 74 79 80 90 92 111 120 124 139 159 163 169 175 203 207 223 228 ]
232: [ 7 13 18 35 46 50 86 88 90 112 118 124 126 130 151 176 183 187 226 230 238 239 ]
233: [ 31 46 53 73 79 82 83 84 112 117 122 125 150 155 186 189 202 211 215 248 ]
234: [ 11 28 29 32 58 71 79 89 151 194 ]
235: [ 18 41 45 82 85 98 111 112 167 181 197 219 239 242 245 ]
236: [ 55 74 129 131 168 208 213 ]
237: [ 7 11 12 41 48 94 116 123 137 147 157 160 170 174 245 250 ]
238: [ 15 47 48 88 106 128 165 199 211 222 232 ]
239: [ 33 36 43 121 162 232 235 246 ]
240: [ 18 24 49 60 74 89 93 100 113 129 135 152 200 250 ]
241: [ 1 12 17 38 71 106 151 159 167 173 208 ]
242: [ 32 38 39 57 58 104 121 129 132 142 143 211 216 225 235 ]
243: [ 15 34 55 57 62 99 122 134 139 150 155 171 182 208 249 ]
244: [ 1 28 32 42 89 101 110 122 123 158 166 179 186 192 198 205 214 219 ]
245: [ 14 32 41 43 63 80 111 134 163 167 178 179 193 224 235 237 ]
246: [ 8 140 239 ]
247: [ 23 79 97 118 120 124 139 160 168 191 ]
248: [ 12 26 36 83 117 119 156 222 233 ]
249: [ 18 55 89 95 130 199 202 220 243 ]
250: [ 18 24 45 60 89 109 110 116 187 200 237 240 ]
