1: [ 12 40 55 58 73 112 126 149 162 171 174 179 183 213 217 229 231 245 247 ]
2: [ 11 123 127 177 179 199 206 228 231 ]
3: [ 9 22 27 51 62 68 81 137 139 169 189 216 226 229 ]
4: [ 12 20 119 125 ]
5: [ 54 68 76 102 115 150 153 173 180 183 191 205 217 230 238 ]
6: [ 8 66 93 121 134 155 168 177 179 183 191 234 ]
7: [ 42 64 65 76 109 118 127 143 181 219 220 241 249 ]
8: [ 6 14 62 70 84 93 97 119 188 189 205 212 232 240 ]
9: [ 3 17 25 50 67 75 76 91 97 100 122 152 160 168 171 184 221 229 ]
10: [ 36 49 52 79 128 134 147 178 191 201 206 215 218 232 242 ]
11: [ 2 12 19 20 36 55 69 72 89 97 142 181 195 200 219 222 224 236 250 ]
12: [ 1 4 11 54 94 101 165 186 201 207 227 ]
13: [ 26 44 68 75 99 108 120 135 143 149 150 152 154 174 177 198 200 204 228 ]
14: [ 8 38 72 84 94 137 145 159 189 208 241 250 ]
15: [ 17 29 56 63 66 91 129 153 155 161 165 185 190 193 214 228 ]
16: [ 26 52 74 84 98 106 158 179 209 241 ]
17: [ 9 15 21 35 45 117 129 160 170 175 179 181 244 ]
18: [ 50 89 106 109 120 127 128 147 163 192 233 ]
19: [ 11 45 58 62 102 103 127 135 203 224 ]
20: [ 4 11 23 24 30 56 66 68 69 72 77 84 88 106 109 120 129 131 162 194 204 239 247 248 ]
21: [ 17 22 40 76 83 97 105 112 114 151 182 208 211 226 229 239 ]
22: [ 3 21 27 39 40 59 62 74 88 131 133 135 142 143 164 179 198 202 217 223 234 240 ]
23: [ 20 29 32 53 72 107 135 216 219 ]
24: [ 20 44 81 98 123 140 144 156 168 184 191 197 211 217 245 250 ]
25: [ 9 33 46 51 61 73 146 155 247 ]
26: [ 13 16 32 37 61 111 122 148 164 165 180 208 219 224 ]
27: [ 3 22 57 66 82 105 140 151 166 178 209 212 222 224 ]
28: [ 29 57 82 153 170 182 209 219 228 ]
29: [ 15 23 28 54 116 118 123 130 132 133 138 155 156 165 203 210 231 250 ]
30: [ 20 106 151 173 177 194 207 208 ]
31: [ 102 107 138 147 165 166 201 ]
32: [ 23 26 46 49 119 134 156 201 207 223 ]
33: [ 25 45 60 164 197 200 222 240 ]
34: [ 44 71 73 128 136 155 209 217 240 ]
35: [ 17 63 74 80 99 101 109 137 176 183 196 198 229 242 ]
36: [ 10 11 91 126 148 215 ]
37: [ 26 45 48 58 98 137 185 ]
38: [ 14 47 56 82 97 100 103 122 124 138 141 155 192 194 217 233 ]
39: [ 22 61 68 149 234 ]
40: [ 1 21 22 57 63 67 109 142 167 176 180 187 192 222 242 ]
41: [ 43 55 60 132 178 247 ]
42: [ 7 51 54 62 106 136 178 224 229 ]
43: [ 41 59 61 73 77 131 133 144 147 153 166 175 197 202 234 ]
44: [ 13 24 34 53 80 100 127 170 191 192 198 209 210 229 ]
45: [ 17 19 33 37 66 88 94 102 113 124 143 176 178 212 230 248 ]
46: [ 25 32 51 59 74 78 102 109 115 125 129 133 134 144 154 180 185 190 204 215 217 240 247 ]
47: [ 38 54 69 102 105 119 123 135 142 153 164 181 203 234 ]
48: [ 37 54 62 99 101 102 103 140 144 175 177 181 208 230 233 236 240 246 ]
49: [ 10 32 50 90 93 98 133 137 156 174 191 196 199 208 214 246 ]
50: [ 9 18 49 53 54 130 151 172 210 223 234 238 ]
51: [ 3 25 42 46 53 78 86 97 113 143 167 171 174 213 215 227 249 ]
52: [ 10 16 54 110 131 146 162 170 201 207 212 213 247 249 ]
53: [ 23 44 50 51 57 76 82 106 156 213 221 ]
54: [ 5 12 29 42 47 48 50 52 55 56 96 97 101 118 132 142 173 218 221 226 231 235 244 ]
55: [ 1 11 41 54 56 65 93 94 100 107 130 134 138 143 148 149 164 168 206 223 235 236 250 ]
56: [ 15 20 38 54 55 113 119 122 152 179 187 223 ]
57: [ 27 28 40 53 117 147 166 179 200 221 227 230 ]
58: [ 1 19 37 69 102 105 123 131 133 149 157 158 160 164 168 175 178 179 188 208 212 228 ]
59: [ 22 43 46 64 90 124 143 151 162 167 213 227 249 ]
60: [ 33 41 88 108 120 155 165 169 196 210 219 246 ]
61: [ 25 26 39 43 70 89 125 127 137 145 160 165 248 ]
62: [ 3 8 19 22 42 48 74 99 112 125 176 178 189 190 195 212 215 224 236 239 ]
63: [ 15 35 40 136 164 176 215 237 246 ]
64: [ 7 59 74 93 99 103 113 134 138 146 150 156 165 237 ]
65: [ 7 55 71 102 133 147 175 183 199 217 224 231 237 ]
66: [ 6 15 20 27 45 74 75 107 115 128 132 190 218 ]
67: [ 9 40 68 74 81 110 115 120 127 129 160 185 203 206 228 234 246 ]
68: [ 3 5 13 20 39 67 72 120 131 142 156 177 179 189 197 198 200 217 241 246 ]
69: [ 11 20 47 58 73 94 106 156 194 226 228 229 238 ]
70: [ 8 61 75 78 127 135 153 158 170 177 179 188 193 220 221 225 231 235 245 ]
71: [ 34 65 115 121 174 187 229 230 236 ]
72: [ 11 14 20 23 68 76 81 82 87 102 119 141 187 203 213 217 222 226 ]
73: [ 1 25 34 43 69 104 125 126 127 147 153 163 198 200 214 225 226 233 245 ]
74: [ 16 22 35 46 62 64 66 67 83 93 117 120 133 143 155 174 193 231 237 ]
75: [ 9 13 66 70 79 98 116 125 128 131 140 147 151 153 158 173 202 226 ]
76: [ 5 7 9 21 53 72 78 84 120 139 155 159 203 207 219 220 241 242 ]
77: [ 20 43 80 120 139 162 166 167 190 219 237 ]
78: [ 46 51 70 76 92 97 105 130 135 191 200 209 219 223 224 244 ]
79: [ 10 75 87 109 127 140 147 151 157 173 190 200 213 225 228 231 237 240 250 ]
80: [ 35 44 77 106 151 167 179 208 227 ]
81: [ 3 24 67 72 85 96 118 119 121 123 125 136 141 143 144 164 165 174 187 188 228 234 248 ]
82: [ 27 28 38 53 72 93 102 113 115 121 131 184 197 205 212 229 244 ]
83: [ 21 74 89 94 114 126 132 162 206 217 220 234 ]
84: [ 8 14 16 20 76 95 97 123 145 150 156 170 176 188 190 195 202 211 233 244 247 ]
85: [ 81 90 119 124 143 147 153 207 217 227 ]
86: [ 51 97 115 126 140 150 248 ]
87: [ 72 79 135 165 170 182 201 208 ]
88: [ 20 22 45 60 115 224 ]
89: [ 11 18 61 83 109 146 181 191 218 226 231 245 ]
90: [ 49 59 85 112 141 161 171 186 191 207 210 229 247 ]
91: [ 9 15 36 99 101 129 135 241 ]
92: [ 78 105 127 153 183 185 222 227 232 248 ]
93: [ 6 8 49 55 64 74 82 108 114 119 125 133 156 170 173 180 227 246 247 248 ]
94: [ 12 14 45 55 69 83 123 129 140 180 197 198 205 218 228 232 ]
95: [ 84 165 179 186 206 215 227 230 ]
96: [ 54 81 102 167 187 200 218 238 ]
97: [ 8 9 11 21 38 51 54 78 84 86 112 113 114 132 147 166 169 182 200 215 236 ]
98: [ 16 24 37 49 75 174 185 230 240 ]
99: [ 13 35 48 62 64 91 105 168 176 180 198 200 202 203 207 227 231 ]
100: [ 9 38 44 55 104 108 116 126 128 172 179 200 ]
101: [ 12 35 48 54 91 103 123 129 136 137 146 159 202 207 214 ]
102: [ 5 19 31 45 46 47 48 58 65 72 82 96 115 119 123 136 139 167 187 189 207 226 227 241 ]
103: [ 19 38 48 64 101 140 150 151 158 162 164 184 220 225 ]
104: [ 73 100 157 179 194 205 215 233 ]
105: [ 21 27 47 58 78 92 99 126 151 203 214 239 ]
106: [ 16 18 20 30 42 53 69 80 126 129 177 192 200 246 ]
107: [ 23 31 55 66 142 145 203 215 227 ]
108: [ 13 60 93 100 168 175 182 209 213 ]
109: [ 7 18 20 35 40 46 79 89 144 145 151 155 174 179 203 222 224 236 250 ]
110: [ 52 67 111 115 144 148 151 168 ]
111: [ 26 110 114 118 121 159 177 228 ]
112: [ 1 21 62 90 97 125 128 135 144 152 173 178 183 199 222 225 242 ]
113: [ 45 51 56 64 82 97 120 127 150 156 162 167 175 181 201 202 210 240 250 ]
114: [ 21 83 93 97 111 145 176 177 196 217 237 ]
115: [ 5 46 66 67 71 82 86 88 102 110 124 153 175 219 222 ]
116: [ 29 75 100 133 153 180 210 223 ]
117: [ 17 57 74 133 151 159 167 173 194 208 221 226 229 247 ]
118: [ 7 29 54 81 111 124 218 229 230 244 ]
119: [ 4 8 32 47 56 72 81 85 93 102 123 137 155 156 195 221 228 241 ]
120: [ 13 18 20 60 67 68 74 76 77 113 131 170 174 184 214 228 232 236 245 ]
121: [ 6 71 81 82 111 144 155 213 221 ]
122: [ 9 26 38 56 138 139 142 172 174 177 183 190 212 214 219 221 225 227 238 ]
123: [ 2 24 29 47 58 81 84 94 101 102 119 160 180 185 196 219 ]
124: [ 38 45 59 85 115 118 143 153 180 188 217 234 238 ]
125: [ 4 46 61 62 73 75 81 93 112 143 177 191 209 230 ]
126: [ 1 36 73 83 86 100 105 106 131 136 140 176 182 199 205 212 230 240 ]
127: [ 2 7 18 19 44 61 67 70 73 79 92 113 132 133 177 202 204 209 226 230 ]
128: [ 10 18 34 66 75 100 112 163 214 228 ]
129: [ 15 17 20 46 67 91 94 101 106 130 142 170 184 186 203 205 206 224 228 ]
130: [ 29 50 55 78 129 137 170 189 222 ]
131: [ 20 22 43 52 58 68 75 82 120 126 155 185 191 215 221 247 249 250 ]
132: [ 29 41 54 66 83 97 127 133 135 165 168 180 205 206 207 225 ]
133: [ 22 29 43 46 49 58 65 74 93 116 117 127 132 143 153 158 181 189 ]
134: [ 6 10 32 46 55 64 218 237 ]
135: [ 13 19 22 23 47 70 78 87 91 112 132 157 193 203 220 226 228 ]
136: [ 34 42 63 81 101 102 126 156 164 170 179 182 191 193 245 ]
137: [ 3 14 35 37 49 61 101 119 130 140 145 149 165 178 194 207 214 226 227 234 ]
138: [ 29 31 38 55 64 122 158 203 207 209 210 214 218 228 230 ]
139: [ 3 76 77 102 122 144 163 205 228 ]
140: [ 24 27 48 75 79 86 94 103 126 137 167 170 180 184 198 224 227 234 ]
141: [ 38 72 81 90 210 212 241 ]
142: [ 11 22 40 47 54 68 107 122 129 156 169 182 194 203 217 232 ]
143: [ 7 13 22 45 51 55 59 74 81 85 124 125 133 161 172 188 190 243 244 ]
144: [ 24 43 46 48 81 109 110 112 121 139 149 194 206 ]
145: [ 14 61 84 107 109 114 137 194 210 247 ]
146: [ 25 52 64 89 101 164 209 213 225 ]
147: [ 10 18 31 43 57 65 73 75 79 85 97 178 182 186 205 212 214 221 229 238 239 ]
148: [ 26 36 55 110 158 175 189 190 200 215 217 ]
149: [ 1 13 39 55 58 137 144 187 203 233 249 ]
150: [ 5 13 64 84 86 103 113 185 214 229 245 ]
151: [ 21 27 30 50 59 75 79 80 103 105 109 110 117 153 163 168 184 242 ]
152: [ 9 13 56 112 188 ]
153: [ 5 15 28 43 47 70 73 75 85 92 115 116 124 133 151 157 165 181 194 228 ]
154: [ 13 46 217 230 ]
155: [ 6 15 25 29 34 38 60 74 76 109 119 121 131 170 175 187 191 192 201 218 219 232 246 ]
156: [ 24 29 32 49 53 64 68 69 84 93 113 119 136 142 161 172 186 193 194 209 215 218 ]
157: [ 58 79 104 135 153 179 210 233 ]
158: [ 16 58 70 75 103 133 138 148 162 167 188 229 246 ]
159: [ 14 76 101 111 117 180 201 205 212 226 ]
160: [ 9 17 58 61 67 123 163 186 188 204 208 212 241 245 ]
161: [ 15 90 143 156 163 247 ]
162: [ 1 20 52 59 77 83 103 113 158 187 232 238 246 249 ]
163: [ 18 73 128 139 151 160 161 180 185 200 201 ]
164: [ 22 26 33 47 55 58 63 81 103 136 146 166 177 194 215 224 234 248 ]
165: [ 12 15 26 29 31 60 61 64 81 87 95 132 137 153 185 187 197 212 217 226 229 234 ]
166: [ 27 31 43 57 77 97 164 174 187 199 211 214 ]
167: [ 40 51 59 77 80 96 102 113 117 140 158 170 190 193 196 220 236 ]
168: [ 6 9 24 55 58 99 108 110 132 151 189 196 215 234 243 248 ]
169: [ 3 60 97 142 179 210 218 238 ]
170: [ 17 28 44 52 70 84 87 93 120 129 130 136 140 155 167 187 201 220 227 228 230 ]
171: [ 1 9 51 90 228 245 ]
172: [ 50 100 122 143 156 195 200 ]
173: [ 5 30 54 75 79 93 112 117 175 203 ]
174: [ 1 13 49 51 71 74 81 98 109 120 122 166 184 209 224 242 ]
175: [ 17 43 48 58 65 108 113 115 148 155 173 180 216 227 241 ]
176: [ 35 40 45 62 63 84 99 114 126 180 221 242 ]
177: [ 2 6 13 30 48 68 70 106 111 114 122 125 127 164 186 194 209 222 241 247 ]
178: [ 10 27 41 42 45 58 62 112 137 147 218 228 235 ]
179: [ 1 2 6 16 17 22 56 57 58 68 70 80 95 100 104 109 136 157 169 197 199 201 227 229 244 ]
180: [ 5 26 40 46 93 94 99 116 123 124 132 140 159 163 175 176 181 200 202 214 233 236 ]
181: [ 7 11 17 47 48 89 113 133 153 180 198 220 239 ]
182: [ 21 28 87 97 108 126 136 142 147 191 237 ]
183: [ 1 5 6 35 65 92 112 122 217 230 ]
184: [ 9 24 82 103 120 129 140 151 174 194 213 219 220 232 240 ]
185: [ 15 37 46 67 92 98 123 131 150 163 165 202 213 ]
186: [ 12 90 95 129 147 156 160 177 218 238 ]
187: [ 40 56 71 72 81 96 102 149 155 162 165 166 170 207 211 236 240 ]
188: [ 8 58 70 81 84 124 143 152 158 160 189 196 204 208 214 242 247 ]
189: [ 3 8 14 62 68 102 130 133 148 168 188 217 219 224 238 240 248 ]
190: [ 15 46 62 66 77 79 84 122 143 148 167 205 232 ]
191: [ 5 6 10 24 44 49 78 89 90 125 131 136 155 182 193 215 217 248 ]
192: [ 18 38 40 44 106 155 248 ]
193: [ 15 70 74 135 136 156 167 191 232 242 ]
194: [ 20 30 38 69 104 117 137 142 144 145 153 156 164 177 184 202 206 236 238 ]
195: [ 11 62 84 119 172 217 237 ]
196: [ 35 49 60 114 123 167 168 188 218 226 229 236 ]
197: [ 24 33 43 68 82 94 165 179 220 225 231 237 ]
198: [ 13 22 35 44 68 73 94 99 140 181 200 220 228 ]
199: [ 2 49 65 112 126 166 179 203 250 ]
200: [ 11 13 33 57 68 73 78 79 96 97 99 100 106 148 163 172 180 198 207 230 ]
201: [ 10 12 31 32 52 87 113 155 159 163 170 179 228 239 ]
202: [ 22 43 75 84 99 101 113 127 180 185 194 205 224 ]
203: [ 19 29 47 67 72 76 99 105 107 109 129 135 138 142 149 173 199 217 219 228 232 238 ]
204: [ 13 20 46 127 160 188 222 ]
205: [ 5 8 82 94 104 126 129 132 139 147 159 190 202 230 233 ]
206: [ 2 10 55 67 83 95 129 132 144 194 209 221 231 233 ]
207: [ 12 30 32 52 76 85 90 99 101 102 132 137 138 187 200 219 220 225 237 246 247 ]
208: [ 14 21 26 30 48 49 58 80 87 117 160 188 ]
209: [ 16 27 28 34 44 78 108 125 127 138 146 156 174 177 206 218 229 244 ]
210: [ 29 44 50 60 90 113 116 138 141 145 157 169 219 224 238 241 245 ]
211: [ 21 24 84 166 187 ]
212: [ 8 27 45 52 58 62 82 122 126 141 147 159 160 165 217 247 249 ]
213: [ 1 51 52 53 59 72 79 108 121 146 184 185 218 ]
214: [ 15 49 73 101 105 120 122 128 137 138 147 150 166 180 188 241 ]
215: [ 10 36 46 51 62 63 95 97 104 107 131 148 156 164 168 191 219 232 ]
216: [ 3 23 175 218 226 ]
217: [ 1 5 22 24 34 38 46 65 68 72 83 85 114 124 142 148 154 165 183 189 191 195 203 212 249 ]
218: [ 10 54 66 89 94 96 118 134 138 155 156 169 178 186 196 209 213 216 229 238 242 244 ]
219: [ 7 11 23 26 28 60 76 77 78 115 122 123 155 184 189 203 207 210 215 232 ]
220: [ 7 70 76 83 103 135 167 170 181 184 197 198 207 234 239 247 ]
221: [ 9 53 54 57 70 117 119 121 122 131 147 176 206 224 ]
222: [ 11 27 33 40 72 92 109 112 115 130 177 204 228 234 ]
223: [ 22 32 50 55 56 78 116 ]
224: [ 11 19 26 27 42 62 65 78 88 109 129 140 164 174 189 202 210 221 231 237 248 ]
225: [ 70 73 79 103 112 122 132 146 197 207 ]
226: [ 3 21 54 69 72 73 75 89 102 117 127 135 137 159 165 196 216 ]
227: [ 12 51 57 59 80 85 92 93 95 99 102 107 122 137 140 170 175 179 236 ]
228: [ 2 13 15 28 58 67 69 79 81 94 111 119 120 128 129 135 138 139 153 170 171 178 198 201 203 222 232 236 ]
229: [ 1 3 9 21 35 42 44 69 71 82 90 117 118 147 150 158 165 179 196 209 218 ]
230: [ 5 45 48 57 71 95 98 118 125 126 127 138 154 170 183 200 205 249 ]
231: [ 1 2 29 54 65 70 74 79 89 99 197 206 224 ]
232: [ 8 10 92 94 120 142 155 162 184 190 193 203 215 219 228 233 239 ]
233: [ 18 38 48 73 84 104 149 157 180 205 206 232 236 ]
234: [ 6 22 39 43 47 50 67 81 83 124 137 140 164 165 168 220 222 237 241 245 ]
235: [ 54 55 70 178 ]
236: [ 11 48 55 62 71 97 109 120 167 180 187 194 196 227 228 233 237 ]
237: [ 63 64 65 74 77 79 114 134 182 195 197 207 224 234 236 241 ]
238: [ 5 50 69 96 122 124 147 162 169 186 189 194 203 210 218 ]
239: [ 20 21 62 105 147 181 201 220 232 250 ]
240: [ 8 22 33 34 46 48 79 98 113 126 184 187 189 ]
241: [ 7 14 16 68 76 91 102 119 141 160 175 177 210 214 234 237 ]
242: [ 10 35 40 76 112 151 174 176 188 193 218 ]
243: [ 143 168 ]
244: [ 17 54 78 82 84 118 143 179 209 218 ]
245: [ 1 24 70 73 89 120 136 150 160 171 210 234 ]
246: [ 48 49 60 63 67 68 93 106 155 158 162 207 ]
247: [ 1 20 25 41 46 52 84 90 93 117 131 145 161 177 188 207 212 220 ]
248: [ 20 45 61 81 86 92 93 164 168 189 191 192 224 ]
249: [ 7 51 52 59 131 149 162 212 217 230 ]
250: [ 11 14 24 29 55 79 109 113 131 199 239 ]
