1: [ 8 10 25 42 43 60 66 69 125 143 153 172 173 189 191 215 216 217 229 240 ]
2: [ 7 12 15 40 42 48 67 69 70 82 187 192 201 232 ]
3: [ 13 32 44 79 81 87 93 104 115 118 132 141 200 207 211 225 236 246 248 ]
4: [ 38 52 84 87 98 114 115 229 ]
5: [ 6 124 133 217 ]
6: [ 5 20 34 45 69 108 131 161 169 176 232 248 250 ]
7: [ 2 12 36 56 60 69 81 100 108 150 165 178 182 186 190 246 247 ]
8: [ 1 51 56 59 99 109 112 171 189 193 ]
9: [ 33 34 79 81 138 171 175 206 215 228 234 245 ]
10: [ 1 15 23 33 47 54 68 72 108 150 151 172 175 177 187 194 214 ]
11: [ 21 41 46 55 58 70 86 100 109 125 126 129 134 145 146 169 173 174 193 206 215 218 224 232 ]
12: [ 2 7 20 33 40 56 60 74 84 177 187 188 191 192 ]
13: [ 3 20 33 36 37 45 48 75 77 108 117 128 155 158 160 161 175 178 184 196 198 ]
14: [ 31 46 60 65 91 112 181 227 ]
15: [ 2 10 67 77 189 207 ]
16: [ 24 52 60 115 124 125 127 140 178 188 189 205 215 217 228 233 246 250 ]
17: [ 38 48 79 85 87 107 116 142 156 162 165 172 188 189 196 202 216 217 230 ]
18: [ 39 107 108 110 124 164 208 227 231 233 ]
19: [ 44 52 55 60 86 91 195 212 233 241 ]
20: [ 6 12 13 49 100 148 155 162 222 238 ]
21: [ 11 60 154 183 195 205 241 ]
22: [ 26 52 56 91 96 107 114 115 148 155 177 185 186 222 ]
23: [ 10 35 72 79 91 104 112 123 132 159 214 239 240 ]
24: [ 16 108 124 133 152 209 222 244 246 ]
25: [ 1 40 54 61 65 69 75 78 86 91 102 108 113 115 121 145 146 155 158 162 169 182 212 218 225 230 237 ]
26: [ 22 60 98 99 138 143 161 177 186 190 ]
27: [ 29 50 55 57 74 82 89 118 134 141 153 170 173 192 211 219 226 242 249 ]
28: [ 31 64 162 198 242 ]
29: [ 27 56 62 96 118 131 136 137 168 195 225 230 241 ]
30: [ 37 71 86 110 127 136 137 179 182 184 ]
31: [ 14 28 64 73 134 137 165 174 178 183 237 249 250 ]
32: [ 3 48 79 99 101 150 160 ]
33: [ 9 10 12 13 43 55 56 81 86 89 93 110 113 137 186 213 225 226 230 233 234 241 ]
34: [ 6 9 115 118 178 201 226 ]
35: [ 23 50 58 59 65 120 123 172 249 ]
36: [ 7 13 56 57 98 113 152 165 174 183 207 ]
37: [ 13 30 38 39 43 46 59 83 112 127 130 134 141 166 171 216 249 ]
38: [ 4 17 37 42 87 92 97 104 133 135 140 150 174 192 202 204 207 214 224 228 245 ]
39: [ 18 37 95 189 200 209 ]
40: [ 2 12 25 97 108 124 135 151 152 206 222 248 ]
41: [ 11 52 61 65 67 72 89 104 106 112 123 130 131 158 161 171 172 174 177 183 192 195 196 206 215 221 250 ]
42: [ 1 2 38 54 90 93 112 135 138 228 234 ]
43: [ 1 33 37 92 101 119 123 159 229 243 250 ]
44: [ 3 19 77 79 86 118 141 212 ]
45: [ 6 13 47 68 93 103 115 123 206 218 220 ]
46: [ 11 14 37 65 82 87 90 93 120 132 138 161 167 192 203 217 222 ]
47: [ 10 45 49 94 116 131 149 179 193 224 247 249 ]
48: [ 2 13 17 32 61 66 101 108 115 149 150 202 222 226 ]
49: [ 20 47 74 82 86 121 150 164 220 ]
50: [ 27 35 62 69 72 75 112 134 157 160 165 177 187 188 195 200 211 213 215 233 234 ]
51: [ 8 63 77 145 160 186 208 220 231 238 244 250 ]
52: [ 4 16 19 22 41 69 104 132 138 158 175 177 181 182 219 221 228 229 237 248 ]
53: [ 105 130 145 169 175 178 179 195 ]
54: [ 10 25 42 57 64 67 70 102 112 116 119 127 129 138 166 180 210 233 ]
55: [ 11 19 27 33 131 147 154 174 183 189 201 202 207 238 ]
56: [ 7 8 12 22 29 33 36 60 61 62 77 80 106 107 167 190 195 204 ]
57: [ 27 36 54 70 71 73 135 143 172 188 194 247 250 ]
58: [ 11 35 60 79 112 113 120 122 131 187 203 232 ]
59: [ 8 35 37 80 143 178 207 209 232 245 ]
60: [ 1 7 12 14 16 19 21 26 56 58 63 72 83 86 109 111 118 130 134 153 166 175 198 243 ]
61: [ 25 41 48 56 91 92 114 137 139 141 160 199 202 222 233 242 ]
62: [ 29 50 56 65 81 90 99 105 109 115 124 147 159 178 184 192 194 222 228 231 ]
63: [ 51 60 65 66 84 92 98 116 122 133 140 196 211 212 ]
64: [ 28 31 54 70 123 135 154 162 207 226 241 243 ]
65: [ 14 25 35 41 46 62 63 71 75 107 127 137 144 163 175 187 197 208 237 241 ]
66: [ 1 48 63 90 175 204 249 ]
67: [ 2 15 41 54 98 113 130 149 206 228 242 ]
68: [ 10 45 96 141 145 189 229 233 ]
69: [ 1 2 6 7 25 50 52 92 121 167 170 175 182 184 186 191 195 211 215 218 226 ]
70: [ 2 11 54 57 64 73 88 126 128 129 137 144 155 167 183 191 205 ]
71: [ 30 57 65 80 82 84 185 206 221 231 ]
72: [ 10 23 41 50 60 74 76 77 87 153 173 191 207 241 ]
73: [ 31 57 70 145 179 180 228 231 236 249 ]
74: [ 12 27 49 72 79 101 114 115 118 122 137 142 156 172 179 184 204 205 206 212 229 250 ]
75: [ 13 25 50 65 81 84 97 102 112 113 119 132 145 168 184 186 189 212 233 ]
76: [ 72 102 110 121 161 164 215 ]
77: [ 13 15 44 51 56 72 99 134 141 167 179 190 191 192 207 241 ]
78: [ 25 81 102 104 107 122 131 175 204 232 ]
79: [ 3 9 17 23 32 44 58 74 81 97 101 106 119 131 135 139 155 159 181 190 233 238 250 ]
80: [ 56 59 71 115 129 145 149 189 202 206 241 ]
81: [ 3 7 9 33 62 75 78 79 82 84 97 110 121 130 150 152 154 195 200 203 218 232 247 ]
82: [ 2 27 46 49 71 81 90 120 125 130 131 188 233 ]
83: [ 37 60 98 100 105 111 126 153 154 175 181 187 191 194 205 211 235 238 245 ]
84: [ 4 12 63 71 75 81 114 128 130 148 151 157 166 ]
85: [ 17 88 114 138 146 171 189 ]
86: [ 11 19 25 30 33 44 49 60 102 129 130 133 154 174 183 189 200 248 ]
87: [ 3 4 17 38 46 72 102 115 118 146 149 156 157 160 178 193 235 ]
88: [ 70 85 103 135 183 204 237 ]
89: [ 27 33 41 137 179 192 194 220 245 ]
90: [ 42 46 62 66 82 95 118 152 164 174 196 209 213 220 ]
91: [ 14 19 22 23 25 61 123 127 132 150 151 170 178 207 231 ]
92: [ 38 43 61 63 69 106 129 137 145 161 172 190 205 211 212 216 226 242 246 ]
93: [ 3 33 42 45 46 132 139 140 186 189 194 217 221 229 ]
94: [ 47 105 129 132 162 164 216 231 ]
95: [ 39 90 116 143 150 195 247 ]
96: [ 22 29 68 102 189 190 221 247 ]
97: [ 38 40 75 79 81 164 166 177 228 242 ]
98: [ 4 26 36 63 67 83 103 104 124 139 166 181 183 235 ]
99: [ 8 26 32 62 77 100 109 111 153 168 181 195 207 211 220 226 228 231 234 239 249 250 ]
100: [ 7 11 20 83 99 106 109 118 143 170 250 ]
101: [ 32 43 48 74 79 126 145 153 163 169 188 196 198 209 212 221 230 237 243 245 ]
102: [ 25 54 75 76 78 86 87 96 103 115 130 131 155 159 171 174 190 224 231 247 ]
103: [ 45 88 98 102 134 152 165 170 174 196 205 212 233 ]
104: [ 3 23 38 41 52 78 98 112 130 135 185 221 225 248 ]
105: [ 53 62 83 94 116 134 137 139 143 149 151 165 215 228 236 245 246 247 250 ]
106: [ 41 56 79 92 100 114 130 140 150 170 175 180 182 203 219 237 247 ]
107: [ 17 18 22 56 65 78 110 113 149 172 174 228 241 243 ]
108: [ 6 7 10 13 18 24 25 40 48 125 127 132 150 152 170 181 189 194 199 200 219 225 227 246 ]
109: [ 8 11 60 62 99 100 112 115 152 188 197 206 226 227 ]
110: [ 18 30 33 76 81 107 124 145 204 210 250 ]
111: [ 60 83 99 120 136 140 148 163 186 226 237 240 ]
112: [ 8 14 23 37 41 42 50 54 58 75 104 109 134 150 159 173 200 218 220 223 238 240 241 245 ]
113: [ 25 33 36 58 67 75 107 115 150 198 205 209 212 231 245 250 ]
114: [ 4 22 61 74 84 85 106 131 187 191 198 199 204 209 212 226 230 241 ]
115: [ 3 4 16 22 25 34 45 48 62 74 80 87 102 109 113 122 126 127 140 148 165 179 191 196 ]
116: [ 17 47 54 63 95 105 117 123 126 132 148 151 169 170 173 175 186 207 225 228 238 ]
117: [ 13 116 154 169 249 ]
118: [ 3 27 29 34 44 60 74 87 90 100 123 136 153 163 185 201 217 223 242 247 ]
119: [ 43 54 75 79 134 161 173 176 196 215 241 249 ]
120: [ 35 46 58 82 111 177 187 206 233 234 238 243 249 ]
121: [ 25 49 69 76 81 146 148 157 173 175 187 220 229 232 ]
122: [ 58 63 74 78 115 126 131 147 150 175 204 208 212 223 230 232 ]
123: [ 23 35 41 43 45 64 91 116 118 124 129 135 138 145 147 158 198 203 ]
124: [ 5 16 18 24 40 62 98 110 123 129 151 187 204 220 ]
125: [ 1 11 16 82 108 147 184 248 ]
126: [ 11 70 83 101 115 116 122 136 164 168 180 187 202 239 ]
127: [ 16 30 37 54 65 91 108 115 139 156 186 197 199 215 229 237 ]
128: [ 13 70 84 131 134 136 138 152 155 160 189 194 218 239 ]
129: [ 11 54 70 80 86 92 94 123 124 130 147 148 160 161 164 173 188 189 209 220 244 ]
130: [ 37 41 53 60 67 81 82 84 86 102 104 106 129 163 175 190 194 235 242 ]
131: [ 6 29 41 47 55 58 78 79 82 102 114 122 128 141 179 184 189 207 220 225 227 230 239 248 ]
132: [ 3 23 46 52 75 91 93 94 108 116 134 150 186 219 222 230 238 246 247 ]
133: [ 5 24 38 63 86 152 162 181 206 237 ]
134: [ 11 27 31 37 50 60 77 103 105 112 119 128 132 155 216 222 223 228 244 248 ]
135: [ 38 40 42 57 64 79 88 104 123 143 146 160 173 202 222 ]
136: [ 29 30 111 118 126 128 150 153 202 218 223 238 ]
137: [ 29 30 31 33 61 65 70 74 89 92 105 138 144 157 161 217 ]
138: [ 9 26 42 46 52 54 85 123 128 137 140 144 176 178 183 191 192 194 225 243 ]
139: [ 61 79 93 98 105 127 233 ]
140: [ 16 38 63 93 106 111 115 138 146 238 ]
141: [ 3 27 37 44 61 68 77 131 182 233 248 ]
142: [ 17 74 155 164 222 ]
143: [ 1 26 57 59 95 100 105 135 147 148 153 157 159 183 185 199 219 248 ]
144: [ 65 70 137 138 161 181 237 ]
145: [ 11 25 51 53 68 73 75 80 92 101 110 123 157 164 190 211 249 ]
146: [ 11 25 85 87 121 135 140 153 155 161 215 219 236 242 ]
147: [ 55 62 122 123 125 129 143 149 154 170 212 219 226 235 241 243 ]
148: [ 20 22 84 111 115 116 121 129 143 153 155 157 172 181 194 196 223 245 ]
149: [ 47 48 67 80 87 105 107 147 172 174 177 212 218 234 ]
150: [ 7 10 32 38 48 49 81 91 95 106 108 112 113 122 132 136 169 185 208 217 225 231 233 250 ]
151: [ 10 40 84 91 105 116 124 186 226 227 229 234 248 ]
152: [ 24 36 40 81 90 103 108 109 128 133 153 162 174 179 180 221 233 ]
153: [ 1 27 60 72 83 99 101 118 136 143 146 148 152 194 195 212 218 234 239 244 ]
154: [ 21 55 64 81 83 86 117 147 160 183 191 201 211 216 236 242 ]
155: [ 13 20 22 25 70 79 102 128 134 142 146 148 163 200 205 238 239 ]
156: [ 17 74 87 127 194 213 214 229 ]
157: [ 50 84 87 121 137 143 145 148 226 236 250 ]
158: [ 13 25 41 52 123 196 201 243 ]
159: [ 23 43 62 79 102 112 143 170 175 199 200 210 229 245 ]
160: [ 13 32 50 51 61 87 128 129 135 154 179 186 188 190 191 193 199 210 218 227 229 236 246 248 ]
161: [ 6 13 26 41 46 76 92 119 129 137 144 146 178 212 225 227 ]
162: [ 17 20 25 28 64 94 133 152 172 173 212 ]
163: [ 65 101 111 118 130 155 166 183 186 196 201 222 233 ]
164: [ 18 49 76 90 94 97 126 129 142 145 171 184 198 204 211 214 215 229 246 250 ]
165: [ 7 17 31 36 50 103 105 115 177 179 199 219 ]
166: [ 37 54 60 84 97 98 163 249 ]
167: [ 46 56 69 70 77 183 194 202 229 ]
168: [ 29 75 99 126 192 206 220 ]
169: [ 6 11 25 53 101 116 117 150 190 212 227 236 243 ]
170: [ 27 69 91 100 103 106 108 116 147 159 187 250 ]
171: [ 8 9 37 41 85 102 164 173 190 195 215 222 ]
172: [ 1 10 17 35 41 57 74 92 107 148 149 162 173 185 220 228 244 ]
173: [ 1 11 27 72 112 116 119 121 129 135 162 171 172 189 193 195 213 216 223 226 ]
174: [ 11 31 36 38 41 55 86 90 102 103 107 149 152 192 219 225 229 ]
175: [ 9 10 13 52 53 60 65 66 69 78 83 106 116 121 122 130 159 176 194 197 229 231 ]
176: [ 6 119 138 175 189 206 238 ]
177: [ 10 12 22 26 41 50 52 97 120 149 165 178 188 202 216 244 247 ]
178: [ 7 13 16 31 34 53 59 62 87 91 138 161 177 202 230 241 ]
179: [ 30 47 53 73 74 77 89 115 131 152 160 165 182 185 197 233 ]
180: [ 54 73 106 126 152 225 ]
181: [ 14 52 79 83 98 99 108 133 144 148 191 204 205 223 ]
182: [ 7 25 30 52 69 106 141 179 189 195 225 ]
183: [ 21 31 36 41 55 70 86 88 98 138 143 154 163 167 200 219 231 247 248 250 ]
184: [ 13 30 62 69 74 75 125 131 164 195 207 220 ]
185: [ 22 71 104 118 143 150 172 179 196 230 ]
186: [ 7 22 26 33 51 69 75 93 111 116 127 132 151 160 163 195 222 229 234 240 ]
187: [ 2 10 12 50 58 65 83 114 120 121 124 126 170 194 218 228 236 237 ]
188: [ 12 16 17 50 57 82 101 109 129 160 177 206 222 227 ]
189: [ 1 8 15 16 17 39 55 68 75 80 85 86 93 96 108 128 129 131 173 176 182 194 196 202 221 235 247 ]
190: [ 7 26 56 77 79 92 96 102 130 145 160 169 171 194 201 239 ]
191: [ 1 12 69 70 72 77 83 114 115 138 154 160 181 ]
192: [ 2 12 27 38 41 46 62 77 89 138 168 174 209 220 230 ]
193: [ 8 11 47 87 160 173 221 228 ]
194: [ 10 57 62 83 89 93 108 128 130 138 148 153 156 167 175 187 189 190 206 219 235 ]
195: [ 19 21 29 41 50 53 56 69 81 95 99 153 171 173 182 184 186 199 232 ]
196: [ 13 17 41 63 90 101 103 115 119 148 158 163 185 189 224 248 ]
197: [ 65 109 127 175 179 ]
198: [ 13 28 60 101 113 114 123 164 200 210 ]
199: [ 61 108 114 127 143 159 160 165 195 207 235 ]
200: [ 3 39 50 81 86 108 112 155 159 183 198 205 212 223 228 240 ]
201: [ 2 34 55 118 154 158 163 190 209 241 ]
202: [ 17 38 48 55 61 80 126 135 136 167 177 178 189 219 ]
203: [ 46 58 81 106 123 229 ]
204: [ 38 56 66 74 78 88 110 114 122 124 164 181 212 216 223 232 ]
205: [ 16 21 70 74 83 92 103 113 155 181 200 238 244 ]
206: [ 9 11 40 41 45 67 71 74 80 109 120 133 168 176 188 194 214 217 243 245 ]
207: [ 3 15 36 38 55 59 64 72 77 91 99 116 131 184 199 229 247 ]
208: [ 18 51 65 122 150 ]
209: [ 24 39 59 90 101 113 114 129 192 201 234 247 248 ]
210: [ 54 110 159 160 198 224 248 ]
211: [ 3 27 50 63 69 83 92 99 145 154 164 249 ]
212: [ 19 25 44 63 74 75 92 101 103 113 114 122 147 149 153 161 162 169 200 204 213 240 245 ]
213: [ 33 50 90 156 173 212 232 ]
214: [ 10 23 38 156 164 206 ]
215: [ 1 9 11 16 41 50 69 76 105 119 127 146 164 171 ]
216: [ 1 17 37 92 94 134 154 173 177 204 249 ]
217: [ 1 5 16 17 46 93 118 137 150 206 230 ]
218: [ 11 25 45 69 81 112 128 136 149 153 160 187 229 248 250 ]
219: [ 27 52 106 108 132 143 146 147 165 174 183 194 202 228 ]
220: [ 45 49 51 89 90 99 112 121 124 129 131 168 172 184 192 221 243 248 ]
221: [ 41 52 71 93 96 101 104 152 189 193 220 225 ]
222: [ 20 22 24 40 46 48 61 62 132 134 135 142 163 171 186 188 247 249 ]
223: [ 112 118 122 134 136 148 173 181 200 204 231 ]
224: [ 11 38 47 102 196 210 228 235 ]
225: [ 3 25 29 33 104 108 116 131 138 150 161 174 180 182 221 233 246 ]
226: [ 27 33 34 48 64 69 92 99 109 111 114 147 151 157 173 232 243 247 ]
227: [ 14 18 108 109 131 151 160 161 169 188 ]
228: [ 9 16 38 42 52 62 67 73 97 99 105 107 116 134 172 187 193 200 219 224 235 ]
229: [ 1 4 43 52 68 74 93 121 127 151 156 159 160 164 167 174 175 186 203 207 218 240 ]
230: [ 17 25 29 33 101 114 122 131 132 178 185 192 217 ]
231: [ 18 51 62 71 73 91 94 99 102 113 150 175 183 223 ]
232: [ 2 6 11 58 59 78 81 121 122 195 204 213 226 245 ]
233: [ 16 18 19 33 50 54 61 68 75 79 82 103 120 139 141 150 152 163 179 225 240 ]
234: [ 9 33 42 50 99 120 149 151 153 186 209 236 244 ]
235: [ 83 87 98 130 147 189 194 199 224 228 ]
236: [ 3 73 105 146 154 157 160 169 187 234 ]
237: [ 25 31 52 65 88 101 106 111 127 133 144 187 244 248 249 ]
238: [ 20 51 55 79 83 112 116 120 132 136 140 155 176 205 245 ]
239: [ 23 99 126 128 131 153 155 190 ]
240: [ 1 23 111 112 186 200 212 229 233 246 ]
241: [ 19 21 29 33 64 65 72 77 80 107 112 114 119 147 178 201 ]
242: [ 27 28 61 67 92 97 118 130 146 154 244 ]
243: [ 43 60 64 101 107 120 138 147 158 169 206 220 226 ]
244: [ 24 51 129 134 153 172 177 205 234 237 242 248 ]
245: [ 9 38 59 83 89 101 105 112 113 148 159 206 212 232 238 ]
246: [ 3 7 16 24 92 105 108 132 160 164 225 240 ]
247: [ 7 47 57 81 95 96 102 105 106 118 132 177 183 189 207 209 222 226 249 ]
248: [ 3 6 40 52 86 104 125 131 134 141 143 151 160 183 196 209 210 218 220 237 244 249 ]
249: [ 27 31 35 37 47 66 73 99 117 119 120 145 166 211 216 222 237 247 248 ]
250: [ 6 16 31 41 43 51 57 74 79 99 100 105 110 113 150 157 164 170 183 218 ]
