1: [ 29 38 44 48 62 74 132 178 199 227 233 236 239 245 250 ]
2: [ 7 26 27 41 85 105 129 143 233 234 ]
3: [ 23 62 123 175 191 199 202 229 242 ]
4: [ 61 145 153 215 236 244 ]
5: [ 55 138 188 205 215 ]
6: [ 14 15 18 48 55 58 61 62 81 85 89 97 104 105 127 155 162 180 213 246 247 249 ]
7: [ 2 14 16 40 54 72 107 113 116 158 170 185 201 230 248 ]
8: [ 39 42 107 114 116 128 136 164 182 210 233 236 ]
9: [ 42 45 52 124 159 180 213 232 239 ]
10: [ 17 25 48 50 58 72 74 77 130 152 225 240 ]
11: [ 27 43 66 78 92 101 134 141 164 185 212 219 220 230 236 ]
12: [ 44 81 155 203 206 213 225 232 ]
13: [ 73 83 115 141 175 200 208 218 231 243 ]
14: [ 6 7 15 81 88 90 115 127 128 141 150 175 191 193 197 211 228 237 249 ]
15: [ 6 14 17 39 40 65 79 91 108 112 120 129 140 146 164 177 196 206 207 212 217 222 238 249 ]
16: [ 7 28 72 116 125 137 152 153 180 193 229 244 247 ]
17: [ 10 15 22 39 51 57 58 61 62 94 132 138 140 144 165 199 216 220 236 ]
18: [ 6 20 49 67 101 105 119 149 151 155 161 189 191 194 212 215 219 240 ]
19: [ 25 83 89 94 131 162 181 215 232 237 243 245 ]
20: [ 18 131 200 215 ]
21: [ 27 99 116 195 196 224 ]
22: [ 17 26 29 34 48 56 89 90 105 123 130 132 170 172 175 185 191 200 224 242 246 ]
23: [ 3 58 62 105 137 152 156 165 177 195 227 238 240 243 250 ]
24: [ 94 110 111 167 207 212 231 244 ]
25: [ 10 19 40 80 83 84 93 99 114 123 129 190 211 224 226 ]
26: [ 2 22 37 62 63 103 107 152 156 160 178 183 190 196 203 211 213 215 216 ]
27: [ 2 11 21 34 93 101 124 154 162 178 190 191 194 196 201 203 210 215 234 240 245 250 ]
28: [ 16 40 62 97 115 128 162 172 193 195 ]
29: [ 1 22 42 51 53 54 62 91 97 122 169 197 201 210 215 217 224 ]
30: [ 91 118 127 192 207 227 ]
31: [ 78 103 164 170 203 238 248 ]
32: [ 34 91 101 110 113 122 191 205 206 209 215 218 244 ]
33: [ 52 54 110 116 141 149 176 184 193 199 208 234 239 ]
34: [ 22 27 32 53 64 78 91 94 112 132 136 147 159 165 250 ]
35: [ 37 67 82 92 121 131 156 160 215 ]
36: [ 61 83 89 108 113 141 162 169 190 249 ]
37: [ 26 35 39 59 72 82 92 95 102 104 133 170 190 191 196 209 213 220 225 232 237 ]
38: [ 1 60 90 97 129 131 158 189 199 235 242 ]
39: [ 8 15 17 37 48 85 132 191 199 219 227 240 ]
40: [ 7 15 25 28 46 79 86 118 129 138 156 157 181 182 224 242 245 ]
41: [ 2 89 106 127 138 162 186 228 ]
42: [ 8 9 29 45 64 80 83 97 108 144 169 187 220 229 231 236 ]
43: [ 11 65 73 81 113 116 152 198 213 225 ]
44: [ 1 12 58 97 128 140 154 155 175 186 213 215 245 ]
45: [ 9 42 57 59 75 82 102 106 113 131 138 141 156 157 165 183 214 236 ]
46: [ 40 72 74 79 103 110 128 151 193 205 222 225 250 ]
47: [ 49 73 154 157 218 ]
48: [ 1 6 10 22 39 57 61 69 94 130 138 190 199 209 211 234 237 242 243 ]
49: [ 18 47 57 81 85 95 101 126 139 147 152 153 185 187 210 223 240 ]
50: [ 10 117 140 223 237 240 ]
51: [ 17 29 113 118 145 156 186 199 208 242 ]
52: [ 9 33 71 83 97 108 112 113 117 128 135 155 ]
53: [ 29 34 80 103 109 111 129 133 179 206 209 216 225 233 ]
54: [ 7 29 33 85 90 98 127 158 172 202 204 213 223 243 ]
55: [ 5 6 83 105 123 135 136 139 146 167 170 209 243 ]
56: [ 22 57 62 66 70 80 82 85 88 92 95 105 125 137 145 151 157 160 218 228 236 244 ]
57: [ 17 45 48 49 56 67 76 85 87 94 103 108 178 194 203 206 218 221 ]
58: [ 6 10 17 23 44 65 67 78 105 123 145 168 204 231 233 241 243 ]
59: [ 37 45 78 123 177 208 210 215 234 246 250 ]
60: [ 38 84 107 180 182 187 210 214 238 ]
61: [ 4 6 17 36 48 90 102 104 111 118 132 152 160 166 206 216 223 224 247 ]
62: [ 1 3 6 17 23 26 28 29 56 64 81 98 114 116 131 147 154 156 173 176 195 200 210 225 236 ]
63: [ 26 149 167 193 202 218 ]
64: [ 34 42 62 72 77 89 106 140 145 154 159 243 ]
65: [ 15 43 58 69 73 79 139 145 153 179 192 194 211 228 ]
66: [ 11 56 67 75 83 95 96 103 105 106 111 144 195 204 210 235 245 247 ]
67: [ 18 35 57 58 66 99 150 152 162 174 195 199 211 213 250 ]
68: [ 88 110 134 144 188 213 225 ]
69: [ 48 65 79 87 97 106 115 138 150 176 190 201 213 214 223 224 239 242 ]
70: [ 56 73 81 101 106 110 114 120 144 153 158 160 173 174 208 215 236 ]
71: [ 52 114 123 172 176 178 189 236 ]
72: [ 7 10 16 37 46 64 75 99 124 132 163 174 183 193 194 195 218 223 225 235 242 ]
73: [ 13 43 47 65 70 147 155 202 205 211 214 221 238 ]
74: [ 1 10 46 93 132 137 215 225 ]
75: [ 45 66 72 128 131 132 137 140 145 232 ]
76: [ 57 77 80 86 90 103 128 143 144 146 149 154 156 161 222 227 249 250 ]
77: [ 10 64 76 105 187 201 206 208 232 ]
78: [ 11 31 34 58 59 94 98 99 100 136 165 170 179 200 203 232 ]
79: [ 15 40 46 65 69 81 84 136 221 229 250 ]
80: [ 25 42 53 56 76 95 129 158 171 186 206 208 ]
81: [ 6 12 14 43 49 62 70 79 121 128 133 139 145 153 154 198 200 202 204 206 213 234 244 245 ]
82: [ 35 37 45 56 142 144 218 245 ]
83: [ 13 19 25 36 42 52 55 66 98 102 108 109 131 151 168 182 220 222 240 ]
84: [ 25 60 79 96 99 109 156 164 167 172 193 203 210 234 ]
85: [ 2 6 39 49 54 56 57 108 129 140 170 197 218 ]
86: [ 40 76 118 159 205 221 ]
87: [ 57 69 168 194 225 231 ]
88: [ 14 56 68 114 116 131 139 207 231 234 240 ]
89: [ 6 19 22 36 41 64 94 106 124 127 128 149 196 202 205 212 226 ]
90: [ 14 22 38 54 61 76 107 110 135 143 153 156 175 176 192 193 210 214 217 228 238 ]
91: [ 15 29 30 32 34 114 118 132 137 138 142 146 153 172 193 202 237 238 ]
92: [ 11 35 37 56 104 107 112 123 152 155 160 177 182 192 196 211 225 239 246 250 ]
93: [ 25 27 74 104 122 143 152 159 164 184 200 218 230 ]
94: [ 17 19 24 34 48 57 78 89 129 149 155 172 180 ]
95: [ 37 49 56 66 80 98 111 116 216 219 234 ]
96: [ 66 84 120 138 163 211 ]
97: [ 6 28 29 38 42 44 52 69 131 138 170 191 201 207 249 ]
98: [ 54 62 78 83 95 162 169 170 202 220 225 ]
99: [ 21 25 67 72 78 84 104 109 145 157 184 236 241 ]
100: [ 78 107 115 132 174 178 213 233 ]
101: [ 11 18 27 32 49 70 150 182 189 198 210 211 213 221 226 ]
102: [ 37 45 61 83 130 205 222 ]
103: [ 26 31 46 53 57 66 76 131 138 162 193 218 ]
104: [ 6 37 61 92 93 99 125 128 155 156 202 207 215 219 237 ]
105: [ 2 6 18 22 23 55 56 58 66 77 128 130 140 150 170 186 187 208 220 228 245 ]
106: [ 41 45 64 66 69 70 89 108 117 118 128 146 168 188 190 225 239 248 ]
107: [ 7 8 26 60 90 92 100 109 158 168 184 196 203 211 213 219 220 227 235 ]
108: [ 15 36 42 52 57 83 85 106 111 126 127 129 132 141 143 169 172 200 213 214 234 242 ]
109: [ 53 83 84 99 107 122 128 130 149 152 174 183 184 188 196 210 231 234 ]
110: [ 24 32 33 46 68 70 90 115 116 126 136 155 183 188 189 190 193 206 237 ]
111: [ 24 53 61 66 95 108 114 145 194 ]
112: [ 15 34 52 92 204 210 239 ]
113: [ 7 32 36 43 45 51 52 114 120 131 132 133 139 162 194 203 204 205 221 248 ]
114: [ 8 25 62 70 71 88 91 111 113 127 152 170 179 189 190 213 224 236 250 ]
115: [ 13 14 28 69 100 110 127 133 149 152 178 182 194 197 198 226 ]
116: [ 7 8 16 21 33 43 62 88 95 110 125 160 169 175 194 201 207 210 213 ]
117: [ 50 52 106 135 159 181 191 204 225 ]
118: [ 30 40 51 61 86 91 106 119 129 147 169 219 234 236 ]
119: [ 18 118 144 ]
120: [ 15 70 96 113 124 127 139 152 174 198 217 222 235 238 ]
121: [ 35 81 156 172 173 178 199 201 213 ]
122: [ 29 32 93 109 155 202 206 210 214 220 232 238 241 ]
123: [ 3 22 25 55 58 59 71 92 138 144 166 202 203 227 249 ]
124: [ 9 27 72 89 120 147 211 225 227 ]
125: [ 16 56 104 116 152 190 215 246 ]
126: [ 49 108 110 181 195 196 200 210 222 235 ]
127: [ 6 14 30 41 54 89 108 114 115 120 158 167 169 174 185 195 208 211 221 238 246 ]
128: [ 8 14 28 44 46 52 75 76 81 89 104 105 106 109 137 142 153 157 181 201 234 235 250 ]
129: [ 2 15 25 38 40 53 80 85 94 108 118 133 137 164 181 188 195 213 246 ]
130: [ 10 22 48 102 105 109 182 197 221 233 238 242 ]
131: [ 19 20 35 38 45 62 75 83 88 97 103 113 192 201 202 207 208 220 250 ]
132: [ 1 17 22 34 39 61 72 74 75 91 100 108 113 137 167 170 172 195 215 229 238 249 ]
133: [ 37 53 81 113 115 129 185 198 201 208 ]
134: [ 11 68 145 184 198 206 211 234 ]
135: [ 52 55 90 117 167 177 250 ]
136: [ 8 34 55 78 79 110 154 178 188 198 214 226 234 ]
137: [ 16 23 56 74 75 91 128 129 132 167 169 172 176 177 178 190 227 232 ]
138: [ 5 17 40 41 45 48 69 91 96 97 103 123 176 177 221 226 236 243 ]
139: [ 49 55 65 81 88 113 120 140 146 176 187 205 223 247 ]
140: [ 15 17 44 50 64 75 85 105 139 156 174 189 192 ]
141: [ 11 13 14 33 36 45 108 156 224 225 233 234 ]
142: [ 82 91 128 189 199 223 227 235 250 ]
143: [ 2 76 90 93 108 168 202 216 ]
144: [ 17 42 66 68 70 76 82 119 123 147 153 155 211 224 225 243 ]
145: [ 4 51 56 58 64 65 75 81 99 111 134 194 203 225 250 ]
146: [ 15 55 76 91 106 139 147 194 197 224 236 ]
147: [ 34 49 62 73 118 124 144 146 171 191 207 209 213 244 245 ]
148: [ 176 180 183 206 208 229 ]
149: [ 18 33 63 76 89 94 109 115 169 172 195 199 204 209 227 232 237 243 ]
150: [ 14 67 69 101 105 159 188 209 235 238 ]
151: [ 18 46 56 83 159 180 ]
152: [ 10 16 23 26 43 49 61 67 92 93 109 114 115 120 125 188 189 198 204 220 240 ]
153: [ 4 16 49 65 70 81 90 91 128 144 167 226 242 245 ]
154: [ 27 44 47 62 64 76 81 136 174 175 179 185 232 ]
155: [ 6 12 18 44 52 73 92 94 104 110 122 144 174 189 192 206 233 ]
156: [ 23 26 35 40 45 51 62 76 84 90 104 121 140 141 162 182 188 202 222 225 243 247 248 249 ]
157: [ 40 45 47 56 99 128 177 184 185 187 227 235 ]
158: [ 7 38 54 70 80 107 127 208 214 ]
159: [ 9 34 64 86 93 117 150 151 160 167 178 179 209 213 222 227 229 249 ]
160: [ 26 35 56 61 70 92 116 159 187 202 ]
161: [ 18 76 200 ]
162: [ 6 19 27 28 36 41 67 98 103 113 156 166 167 180 203 222 235 242 243 244 ]
163: [ 72 96 213 219 225 239 ]
164: [ 8 11 15 31 84 93 129 204 214 224 235 240 ]
165: [ 17 23 34 45 78 208 227 ]
166: [ 61 123 162 182 219 220 236 242 ]
167: [ 24 55 63 84 127 132 135 137 153 159 162 227 241 ]
168: [ 58 83 87 106 107 143 222 233 ]
169: [ 29 36 42 98 108 116 118 127 137 149 171 196 203 237 247 248 ]
170: [ 7 22 31 37 55 78 85 97 98 105 114 132 173 188 202 229 230 236 241 ]
171: [ 80 147 169 213 232 237 ]
172: [ 22 28 54 71 84 91 94 108 121 132 137 149 178 206 222 ]
173: [ 62 70 121 170 181 210 227 ]
174: [ 67 70 72 100 109 120 127 140 154 155 181 190 196 ]
175: [ 3 13 14 22 44 90 116 154 204 245 246 ]
176: [ 33 62 69 71 90 137 138 139 148 182 193 208 215 222 223 227 ]
177: [ 15 23 59 92 135 137 138 157 200 214 229 245 ]
178: [ 1 26 27 57 71 100 115 121 136 137 159 172 205 209 210 218 234 ]
179: [ 53 65 78 114 154 159 215 219 244 ]
180: [ 6 9 16 60 94 148 151 162 ]
181: [ 19 40 117 126 128 129 173 174 213 231 ]
182: [ 8 40 60 83 92 101 115 130 156 166 176 201 203 206 209 212 215 225 239 ]
183: [ 26 45 72 109 110 148 212 238 242 ]
184: [ 33 93 99 107 109 134 157 193 246 247 ]
185: [ 7 11 22 49 127 133 154 157 202 235 ]
186: [ 41 44 51 80 105 200 203 206 215 239 240 ]
187: [ 42 49 60 77 105 139 157 160 217 228 ]
188: [ 5 68 106 109 110 129 136 150 152 156 170 236 238 ]
189: [ 18 38 71 101 110 114 140 142 152 155 197 199 222 227 233 ]
190: [ 25 26 27 36 37 48 69 106 110 114 125 137 174 236 250 ]
191: [ 3 14 18 22 27 32 37 39 97 117 147 202 208 216 239 ]
192: [ 30 65 90 92 131 140 155 224 ]
193: [ 14 16 28 33 46 63 72 84 90 91 103 110 176 184 200 232 247 ]
194: [ 18 27 57 65 72 87 111 113 115 116 145 146 ]
195: [ 21 23 28 62 66 67 72 126 127 129 132 149 215 223 225 227 246 ]
196: [ 15 21 26 27 37 89 92 107 109 126 169 174 208 227 235 242 ]
197: [ 14 29 85 115 130 146 189 234 ]
198: [ 43 81 101 115 120 133 134 136 152 208 249 ]
199: [ 1 3 17 33 38 39 48 51 67 121 142 149 189 200 213 230 233 234 ]
200: [ 13 20 22 62 78 81 93 108 126 161 177 186 193 199 209 213 236 ]
201: [ 7 27 29 69 77 97 116 121 128 131 133 182 250 ]
202: [ 3 54 63 73 81 89 91 98 104 122 123 131 143 156 160 170 185 191 209 229 236 ]
203: [ 12 26 27 31 57 78 84 107 113 123 145 162 169 182 186 222 237 250 ]
204: [ 54 58 66 81 112 113 117 149 152 164 175 205 238 ]
205: [ 5 32 46 73 86 89 102 113 139 178 204 222 224 229 233 ]
206: [ 12 15 32 53 57 61 77 80 81 110 122 134 148 155 172 182 186 214 218 231 243 ]
207: [ 15 24 30 88 97 104 116 131 147 208 211 240 242 ]
208: [ 13 33 51 59 70 77 80 105 127 131 133 148 158 165 176 191 196 198 207 218 225 227 229 242 250 ]
209: [ 32 37 48 53 55 147 149 150 159 178 182 200 202 242 246 ]
210: [ 8 27 29 49 59 60 62 66 84 90 101 109 112 116 122 126 173 178 215 242 ]
211: [ 14 25 26 48 65 67 73 92 96 101 107 124 127 134 144 207 216 219 ]
212: [ 11 15 18 24 89 182 183 230 238 ]
213: [ 6 9 12 26 37 43 44 54 67 68 69 81 100 101 107 108 114 116 121 129 147 159 163 171 181 199 200 216 245 ]
214: [ 45 60 69 73 90 108 122 136 158 164 177 206 ]
215: [ 4 5 18 19 20 26 27 29 32 35 44 59 70 74 104 125 132 176 179 182 186 195 210 249 ]
216: [ 17 26 53 61 95 143 191 211 213 217 227 229 ]
217: [ 15 29 90 120 187 216 226 ]
218: [ 13 32 47 56 57 63 72 82 85 93 103 178 206 208 220 230 231 237 ]
219: [ 11 18 39 95 104 107 118 163 166 179 211 222 235 236 ]
220: [ 11 17 37 42 83 98 105 107 122 131 152 166 218 227 ]
221: [ 57 73 79 86 101 113 127 130 138 238 ]
222: [ 15 46 76 83 102 120 126 156 159 162 168 172 176 189 203 205 219 ]
223: [ 49 50 54 61 69 72 139 142 176 195 ]
224: [ 21 22 25 29 40 61 69 114 141 144 146 164 192 205 226 240 242 247 248 ]
225: [ 10 12 37 43 46 53 62 68 72 74 87 92 98 106 117 124 141 144 145 156 163 182 195 208 233 246 ]
226: [ 25 89 101 115 136 138 153 217 224 227 235 ]
227: [ 1 23 30 39 76 107 123 124 137 142 149 157 159 165 167 173 176 189 195 196 208 216 220 226 235 240 ]
228: [ 14 41 56 65 90 105 187 235 242 ]
229: [ 3 16 42 79 132 148 159 170 177 202 205 208 216 232 233 247 ]
230: [ 7 11 93 170 199 212 218 240 ]
231: [ 13 24 42 58 87 88 109 181 206 218 246 ]
232: [ 9 12 19 37 75 77 78 122 137 149 154 171 193 229 245 250 ]
233: [ 1 2 8 53 58 100 130 141 155 168 189 199 205 225 229 242 ]
234: [ 2 27 33 48 59 81 84 88 95 108 109 118 128 134 136 141 178 197 199 ]
235: [ 38 66 72 107 120 126 128 142 150 157 162 164 185 196 219 226 227 228 247 ]
236: [ 1 4 8 11 17 42 45 56 62 70 71 99 114 118 138 146 166 170 188 190 200 202 219 237 ]
237: [ 14 19 37 48 50 91 104 110 149 169 171 203 218 236 ]
238: [ 15 23 31 60 73 90 91 120 122 127 130 132 150 183 188 204 212 221 ]
239: [ 1 9 33 69 92 106 112 163 182 186 191 ]
240: [ 10 18 23 27 39 49 50 83 88 152 164 186 207 224 227 230 ]
241: [ 58 99 122 167 170 246 ]
242: [ 3 22 38 40 48 51 69 72 108 130 153 162 166 183 196 207 208 209 210 224 228 233 ]
243: [ 13 19 23 48 54 55 58 64 138 144 149 156 162 206 ]
244: [ 4 16 24 32 56 81 147 162 179 ]
245: [ 1 19 27 40 44 66 81 82 105 147 153 175 177 213 232 248 249 250 ]
246: [ 6 22 59 92 125 127 129 175 184 195 209 225 231 241 ]
247: [ 6 16 61 66 139 156 169 184 193 224 229 235 249 ]
248: [ 7 31 106 113 156 169 224 245 ]
249: [ 6 14 15 36 76 97 123 132 156 159 198 215 245 247 ]
250: [ 1 23 27 34 46 59 67 76 79 92 114 128 131 135 142 145 190 201 203 208 232 245 ]
