1: [ 2 20 25 29 41 53 58 69 70 82 100 104 116 118 142 153 154 160 181 188 223 226 232 ]
2: [ 1 31 60 103 109 155 161 176 198 199 235 237 ]
3: [ 53 66 74 98 241 ]
4: [ 18 29 44 56 59 68 92 98 105 106 112 126 130 179 186 188 193 206 230 231 ]
5: [ 31 45 63 75 107 130 133 160 172 182 197 228 ]
6: [ 56 81 141 148 170 173 198 201 207 ]
7: [ 20 22 62 78 108 139 141 151 162 172 176 177 180 186 189 194 198 201 204 215 221 243 ]
8: [ 29 43 53 55 82 84 114 129 142 144 154 189 200 202 203 217 240 ]
9: [ 22 31 42 48 68 108 111 120 135 156 192 225 249 ]
10: [ 17 39 69 71 97 104 116 129 132 145 165 179 197 198 200 201 216 246 ]
11: [ 41 50 53 58 107 108 111 112 115 116 161 164 168 193 199 232 248 ]
12: [ 38 81 92 145 158 173 185 196 201 212 220 ]
13: [ 44 46 53 66 81 95 110 153 209 213 ]
14: [ 32 37 90 155 191 200 228 ]
15: [ 48 85 92 94 130 166 173 178 186 207 215 224 225 230 241 ]
16: [ 28 31 118 119 135 164 177 183 188 193 199 201 206 232 246 ]
17: [ 10 18 25 42 48 81 109 128 130 131 141 142 168 180 212 225 250 ]
18: [ 4 17 41 62 84 88 127 129 143 148 150 160 186 ]
19: [ 25 44 63 73 77 128 141 148 206 ]
20: [ 1 7 36 37 54 62 71 79 95 102 138 141 161 162 167 189 195 230 ]
21: [ 25 88 111 132 133 153 159 211 ]
22: [ 7 9 37 45 48 114 119 153 157 160 189 216 248 ]
23: [ 65 74 78 93 99 103 120 148 162 168 190 191 206 229 236 237 240 ]
24: [ 28 31 64 65 76 85 107 121 150 152 157 181 193 211 217 ]
25: [ 1 17 19 21 29 44 66 75 110 141 153 163 166 183 220 ]
26: [ 59 75 86 87 89 93 115 149 152 158 190 209 215 216 227 233 250 ]
27: [ 42 88 148 155 160 182 194 203 ]
28: [ 16 24 45 65 115 121 153 157 166 246 ]
29: [ 1 4 8 25 53 107 115 119 137 145 190 206 208 209 213 ]
30: [ 64 132 133 225 ]
31: [ 2 5 9 16 24 32 43 66 82 104 111 124 129 147 150 192 194 196 198 200 224 249 ]
32: [ 14 31 40 41 71 82 100 129 130 180 198 199 226 230 ]
33: [ 54 60 63 85 104 133 143 180 188 ]
34: [ 50 75 90 128 137 143 144 216 224 241 ]
35: [ 61 79 89 93 110 176 183 227 239 242 ]
36: [ 20 88 91 99 157 160 161 168 175 189 201 ]
37: [ 14 20 22 42 143 176 195 223 229 237 ]
38: [ 12 47 96 107 114 ]
39: [ 10 53 103 107 119 164 178 201 209 223 246 ]
40: [ 32 66 83 132 134 136 143 146 200 ]
41: [ 1 11 18 32 43 58 75 78 93 106 114 117 133 152 181 207 219 ]
42: [ 9 17 27 37 50 68 90 108 109 118 120 126 133 141 177 185 208 223 227 245 ]
43: [ 8 31 41 48 51 54 71 80 81 104 111 117 128 143 146 150 152 158 160 163 170 194 226 228 ]
44: [ 4 13 19 25 64 70 76 124 155 172 179 180 195 200 209 213 218 222 231 245 ]
45: [ 5 22 28 51 53 54 57 59 61 64 84 85 89 106 126 146 148 153 188 192 219 ]
46: [ 13 50 68 70 78 106 113 127 131 171 182 201 207 212 219 ]
47: [ 38 52 53 57 58 67 90 117 139 140 149 176 202 206 213 218 228 ]
48: [ 9 15 17 22 43 78 91 111 126 159 178 188 189 191 192 199 212 219 231 ]
49: [ 50 79 107 130 167 176 190 199 228 229 239 ]
50: [ 11 34 42 46 49 85 124 126 143 147 177 180 223 242 ]
51: [ 43 45 80 114 135 147 156 157 204 214 ]
52: [ 47 76 89 166 177 202 212 247 ]
53: [ 1 3 8 11 13 29 39 45 47 55 74 90 97 120 130 155 169 191 216 219 249 ]
54: [ 20 33 43 45 56 57 60 84 134 137 187 210 ]
55: [ 8 53 78 83 110 143 146 161 186 188 213 217 230 238 241 ]
56: [ 4 6 54 80 85 95 96 98 104 110 111 114 161 190 192 198 200 207 212 220 ]
57: [ 45 47 54 76 117 131 133 146 167 188 216 233 242 ]
58: [ 1 11 41 47 59 76 77 111 122 134 179 188 ]
59: [ 4 26 45 58 85 91 95 119 138 148 202 207 210 217 230 ]
60: [ 2 33 54 77 86 93 169 179 187 214 221 224 239 249 ]
61: [ 35 45 92 142 145 155 191 192 236 241 ]
62: [ 7 18 20 82 107 126 148 157 161 169 172 178 190 210 236 237 246 ]
63: [ 5 19 33 91 95 114 129 151 223 233 241 249 ]
64: [ 24 30 44 45 68 95 120 122 125 129 139 164 166 195 209 215 239 ]
65: [ 23 24 28 91 125 141 143 191 197 199 208 217 224 239 ]
66: [ 3 13 25 31 40 79 104 109 126 127 133 168 201 ]
67: [ 47 81 85 88 236 245 ]
68: [ 4 9 42 46 64 72 75 79 117 144 145 159 174 175 178 180 200 204 229 233 239 ]
69: [ 1 10 114 120 162 207 213 ]
70: [ 1 44 46 90 98 111 136 146 186 194 207 216 ]
71: [ 10 20 32 43 89 93 129 131 148 172 180 200 201 205 214 216 220 229 ]
72: [ 68 115 145 216 221 ]
73: [ 19 96 110 126 127 157 178 189 215 220 ]
74: [ 3 23 53 75 100 109 114 142 143 153 156 173 206 210 217 224 226 237 239 ]
75: [ 5 25 26 34 41 68 74 82 111 125 130 147 148 172 173 188 194 236 247 ]
76: [ 24 44 52 57 58 78 90 91 92 134 144 149 151 153 176 183 212 213 247 ]
77: [ 19 58 60 118 135 139 154 202 205 ]
78: [ 7 23 41 46 48 55 76 100 142 149 157 165 193 199 209 233 ]
79: [ 20 35 49 66 68 95 107 142 144 148 170 200 209 247 ]
80: [ 43 51 56 206 240 ]
81: [ 6 12 13 17 43 67 126 134 193 218 220 233 242 ]
82: [ 1 8 31 32 62 75 91 92 108 152 153 159 162 168 170 180 181 207 213 218 232 239 ]
83: [ 40 55 104 134 160 165 181 191 ]
84: [ 8 18 45 54 85 110 116 120 126 132 139 179 215 223 237 ]
85: [ 15 24 33 45 50 56 59 67 84 114 116 131 134 135 142 146 153 157 165 172 177 178 184 192 ]
86: [ 26 60 113 116 120 162 166 174 224 ]
87: [ 26 88 120 135 176 216 234 ]
88: [ 18 21 27 36 67 87 102 110 118 152 172 176 181 182 184 195 196 208 219 ]
89: [ 26 35 45 52 71 111 136 161 170 179 240 242 ]
90: [ 14 34 42 47 53 70 76 107 156 161 170 179 190 194 200 204 230 246 ]
91: [ 36 48 59 63 65 76 82 102 109 141 144 145 146 159 163 166 218 231 233 235 240 246 248 ]
92: [ 4 12 15 61 76 82 99 108 129 153 156 216 ]
93: [ 23 26 35 41 60 71 97 100 104 138 155 178 179 191 193 198 208 209 214 233 247 ]
94: [ 15 99 104 108 135 149 204 227 242 ]
95: [ 13 20 56 59 63 64 79 108 142 145 183 186 190 220 ]
96: [ 38 56 73 102 111 129 140 174 189 193 200 211 220 ]
97: [ 10 53 93 108 133 148 179 182 200 217 ]
98: [ 3 4 56 70 168 181 214 227 ]
99: [ 23 36 92 94 166 190 213 233 243 246 ]
100: [ 1 32 74 78 93 104 141 146 154 180 181 240 ]
101: [ 119 181 232 240 ]
102: [ 20 88 91 96 108 161 162 174 182 200 225 247 ]
103: [ 2 23 39 108 110 132 157 168 185 222 231 ]
104: [ 1 10 31 33 43 56 66 83 93 94 100 105 122 143 151 157 169 170 186 206 219 225 232 239 ]
105: [ 4 104 140 145 155 181 191 197 211 218 236 ]
106: [ 4 41 45 46 109 116 133 197 204 225 237 ]
107: [ 5 11 24 29 38 39 49 62 79 90 108 113 119 173 176 192 195 212 226 248 ]
108: [ 7 9 11 42 82 92 94 95 97 102 103 107 110 142 155 167 188 201 204 207 211 216 233 250 ]
109: [ 2 17 42 66 74 91 106 148 164 204 237 242 ]
110: [ 13 25 35 55 56 73 84 88 103 108 128 142 154 157 167 184 185 188 206 224 247 ]
111: [ 9 11 21 31 43 48 56 58 70 75 89 96 114 115 126 174 188 198 208 215 228 247 ]
112: [ 4 11 181 188 190 214 220 233 237 ]
113: [ 46 86 107 128 190 201 217 232 234 ]
114: [ 8 22 38 41 51 56 63 69 74 85 111 126 139 150 152 162 183 192 206 217 229 238 240 247 ]
115: [ 11 26 28 29 72 111 145 150 231 237 241 ]
116: [ 1 10 11 84 85 86 106 133 136 146 148 172 185 189 198 215 227 243 244 ]
117: [ 41 43 47 57 68 126 127 176 178 179 194 197 207 ]
118: [ 1 16 42 77 88 129 162 195 228 241 ]
119: [ 16 22 29 39 59 101 107 120 138 141 166 190 195 208 224 240 ]
120: [ 9 23 42 53 64 69 84 86 87 119 168 200 202 213 230 ]
121: [ 24 28 131 144 152 161 227 ]
122: [ 58 64 104 125 146 166 181 228 ]
123: [ 149 157 199 207 ]
124: [ 31 44 50 125 132 167 173 186 212 223 ]
125: [ 64 65 75 122 124 137 139 158 170 181 229 239 247 ]
126: [ 4 42 45 48 50 62 66 73 81 84 111 114 117 127 137 143 195 208 215 216 217 227 231 242 ]
127: [ 18 46 66 73 117 126 233 ]
128: [ 17 19 34 43 110 113 131 134 171 178 202 ]
129: [ 8 10 18 31 32 63 64 71 92 96 118 134 152 196 197 205 209 238 ]
130: [ 4 5 15 17 32 49 53 75 146 161 163 164 184 192 196 231 246 249 ]
131: [ 17 46 57 71 85 121 128 134 177 231 232 238 ]
132: [ 10 21 30 40 84 103 124 155 157 172 195 205 215 223 246 ]
133: [ 5 21 30 33 41 42 57 66 97 106 116 156 158 183 195 211 227 243 ]
134: [ 40 54 58 76 81 83 85 128 129 131 139 159 182 237 243 249 ]
135: [ 9 16 51 77 85 87 94 152 168 170 246 ]
136: [ 40 70 89 116 148 152 161 171 174 176 190 206 237 241 ]
137: [ 29 34 54 125 126 141 146 153 168 172 182 195 197 200 229 243 247 ]
138: [ 20 59 93 119 156 167 236 241 ]
139: [ 7 47 64 77 84 114 125 134 178 179 220 223 225 ]
140: [ 47 96 105 179 182 183 201 232 ]
141: [ 6 7 17 19 20 25 42 65 91 100 119 137 164 167 181 192 200 202 209 216 221 226 ]
142: [ 1 8 17 61 74 78 79 85 95 108 110 143 146 157 162 166 174 216 ]
143: [ 18 33 34 37 40 43 50 55 65 74 104 126 142 145 196 200 208 236 242 245 246 ]
144: [ 8 34 68 76 79 91 121 181 191 200 208 216 224 237 240 ]
145: [ 10 12 29 61 68 72 91 95 105 115 143 168 172 173 175 193 228 242 ]
146: [ 40 43 45 55 57 70 85 91 100 116 122 130 137 142 155 168 205 214 215 217 230 ]
147: [ 31 50 51 75 152 179 183 197 204 207 210 ]
148: [ 6 18 19 23 27 45 59 62 71 75 79 97 109 116 136 176 180 185 199 214 225 233 241 249 ]
149: [ 26 47 76 78 94 123 162 176 190 214 ]
150: [ 18 24 31 43 114 115 166 198 209 212 216 220 229 231 232 ]
151: [ 7 63 76 104 183 216 221 235 242 ]
152: [ 24 26 41 43 82 88 114 121 129 135 136 147 176 192 ]
153: [ 1 13 21 22 25 28 45 74 76 82 85 92 137 179 195 220 225 233 241 ]
154: [ 1 8 77 100 110 157 180 ]
155: [ 2 14 27 44 53 61 93 105 108 132 146 166 167 168 172 180 181 207 213 232 235 ]
156: [ 9 51 74 90 92 133 138 160 161 164 180 195 218 220 225 231 ]
157: [ 22 24 28 36 51 62 73 78 85 103 104 110 123 132 142 154 176 186 194 227 233 245 ]
158: [ 12 26 43 125 133 163 168 179 200 ]
159: [ 21 48 68 82 91 134 180 182 185 186 208 211 217 ]
160: [ 1 5 18 22 27 36 43 83 156 162 198 200 224 241 249 ]
161: [ 2 11 20 36 55 56 62 89 90 102 121 130 136 156 201 210 245 ]
162: [ 7 20 23 69 82 86 102 114 118 142 149 160 164 172 201 220 230 234 247 ]
163: [ 25 43 91 130 158 177 197 242 249 ]
164: [ 11 16 39 64 109 130 141 156 162 169 173 186 191 195 198 203 227 229 237 239 245 246 ]
165: [ 10 78 83 85 171 221 223 ]
166: [ 15 25 28 52 64 86 91 99 119 122 142 150 155 169 173 229 243 ]
167: [ 20 49 57 108 110 124 138 141 155 179 200 203 206 236 237 247 249 250 ]
168: [ 11 17 23 36 66 82 98 103 120 135 137 145 146 155 158 177 179 206 231 248 ]
169: [ 53 60 62 104 164 166 190 213 233 ]
170: [ 6 43 79 82 89 90 104 125 135 171 172 177 190 202 205 210 224 230 246 ]
171: [ 46 128 136 165 170 180 ]
172: [ 5 7 44 62 71 75 85 88 116 132 137 145 155 162 170 177 190 212 236 ]
173: [ 6 12 15 74 75 107 124 145 164 166 197 204 208 212 233 240 245 ]
174: [ 68 86 96 102 111 136 142 202 210 211 213 221 233 ]
175: [ 36 68 145 182 216 ]
176: [ 2 7 35 37 47 49 76 87 88 107 117 136 148 149 152 157 216 227 240 ]
177: [ 7 16 42 50 52 85 131 163 168 170 172 190 191 215 237 239 247 ]
178: [ 15 39 48 62 68 73 85 93 117 128 139 221 235 247 ]
179: [ 4 10 44 58 60 84 89 90 93 97 117 139 140 147 153 158 167 168 182 205 209 210 246 ]
180: [ 7 17 32 33 44 50 68 71 82 100 148 154 155 156 159 171 188 191 209 215 227 230 232 239 ]
181: [ 1 24 41 82 83 88 98 100 101 105 112 122 125 141 144 155 184 186 210 222 ]
182: [ 5 27 46 88 97 102 134 137 140 159 175 179 192 196 202 206 212 236 238 ]
183: [ 16 25 35 76 95 114 133 140 147 151 192 214 223 243 244 246 ]
184: [ 85 88 110 130 181 238 ]
185: [ 12 42 103 110 116 148 159 193 237 238 ]
186: [ 4 7 15 18 55 70 95 104 124 157 159 164 181 191 193 202 ]
187: [ 54 60 210 ]
188: [ 1 4 16 33 45 48 55 57 58 75 108 110 111 112 180 200 203 210 212 218 220 223 234 243 ]
189: [ 7 8 20 22 36 48 73 96 116 218 248 ]
190: [ 23 26 29 49 56 62 90 95 99 112 113 119 136 149 169 170 172 177 193 197 201 210 228 232 242 243 ]
191: [ 14 23 48 53 61 65 83 93 105 144 164 177 180 186 205 210 216 243 ]
192: [ 9 31 45 48 56 61 85 107 114 130 141 152 182 183 197 220 236 ]
193: [ 4 11 16 24 78 81 93 96 145 185 186 190 208 ]
194: [ 7 27 31 43 70 75 90 117 157 196 207 208 210 227 ]
195: [ 20 37 44 64 88 107 118 119 126 132 133 137 153 156 164 202 220 221 245 ]
196: [ 12 31 88 129 130 143 182 194 215 238 241 ]
197: [ 5 10 65 105 106 117 129 137 147 163 173 190 192 212 216 237 246 247 249 ]
198: [ 2 6 7 10 31 32 56 93 111 116 150 160 164 213 223 226 ]
199: [ 2 11 16 32 48 49 65 78 123 148 208 215 248 ]
200: [ 8 10 14 31 40 44 56 68 71 79 90 96 97 102 120 137 141 143 144 158 160 167 188 212 224 242 ]
201: [ 6 7 10 12 16 36 39 46 66 71 108 113 140 161 162 190 223 225 230 242 ]
202: [ 8 47 52 59 77 120 128 141 170 174 182 186 195 242 ]
203: [ 8 27 164 167 188 207 ]
204: [ 7 51 68 90 94 106 108 109 147 173 217 ]
205: [ 71 77 129 132 146 170 179 191 223 241 245 ]
206: [ 4 16 19 23 29 47 74 80 104 110 114 136 167 168 182 208 ]
207: [ 6 15 41 46 56 59 69 70 82 108 117 123 147 155 194 203 248 ]
208: [ 29 42 65 88 93 111 119 126 143 144 159 173 193 194 199 206 212 224 239 ]
209: [ 13 26 29 39 44 64 78 79 93 129 141 150 179 180 230 241 ]
210: [ 54 59 62 74 147 161 170 174 179 181 187 188 190 191 194 225 ]
211: [ 21 24 96 105 108 133 159 174 222 ]
212: [ 12 17 46 48 52 56 76 107 124 150 172 173 182 188 197 200 208 223 234 249 ]
213: [ 13 29 44 47 55 69 76 82 99 120 155 169 174 198 217 242 245 247 ]
214: [ 51 60 71 93 98 112 146 148 149 183 232 ]
215: [ 7 15 26 64 73 84 111 116 126 132 146 177 180 196 199 216 219 225 239 ]
216: [ 10 22 26 34 53 57 70 71 72 87 92 108 126 141 142 144 150 151 175 176 191 197 215 221 ]
217: [ 8 24 55 59 65 74 97 113 114 126 146 159 204 213 222 224 240 250 ]
218: [ 44 47 81 82 91 105 156 188 189 ]
219: [ 41 45 46 48 53 88 104 215 225 229 233 ]
220: [ 12 25 56 71 73 81 95 96 112 139 150 153 156 162 188 192 195 235 ]
221: [ 7 60 72 141 151 165 174 178 195 216 250 ]
222: [ 44 103 181 211 217 246 ]
223: [ 1 37 39 42 50 63 84 124 132 139 165 183 188 198 201 205 212 250 ]
224: [ 15 31 34 60 65 74 86 110 119 144 160 170 200 208 217 232 236 248 ]
225: [ 9 15 17 30 102 104 106 139 148 153 156 201 210 215 219 238 239 249 ]
226: [ 1 32 43 74 107 141 198 248 ]
227: [ 26 35 42 94 98 116 121 126 133 157 164 176 180 194 241 ]
228: [ 5 14 43 47 49 111 118 122 145 190 229 232 ]
229: [ 23 37 49 68 71 114 125 137 150 164 166 219 228 243 ]
230: [ 4 15 20 32 55 59 90 120 146 162 170 180 201 209 239 ]
231: [ 4 44 48 91 103 115 126 130 131 150 156 168 ]
232: [ 1 11 16 82 101 104 113 131 140 150 155 180 190 214 224 228 240 ]
233: [ 26 57 63 68 78 81 91 93 99 108 112 127 148 153 157 169 173 174 219 ]
234: [ 87 113 162 188 212 ]
235: [ 2 91 151 155 178 220 244 ]
236: [ 23 61 62 67 75 105 138 143 167 172 182 192 224 241 ]
237: [ 2 23 37 62 74 84 106 109 112 115 134 136 144 164 167 177 185 197 ]
238: [ 55 114 129 131 182 184 185 196 225 ]
239: [ 35 49 60 64 65 68 74 82 104 125 164 177 180 208 215 225 230 ]
240: [ 8 23 80 89 91 100 101 114 119 144 173 176 217 232 245 ]
241: [ 3 15 34 55 61 63 115 118 136 138 148 153 160 196 205 209 227 236 242 ]
242: [ 35 50 57 81 89 94 109 126 143 145 151 163 190 200 201 202 213 241 ]
243: [ 7 99 116 133 134 137 166 183 188 190 191 229 ]
244: [ 116 183 235 ]
245: [ 42 44 67 143 157 161 164 173 195 205 213 240 249 ]
246: [ 10 16 28 39 62 90 91 99 130 132 135 143 164 170 179 183 197 222 ]
247: [ 52 75 76 79 93 102 110 111 114 125 137 162 167 177 178 197 213 ]
248: [ 11 22 91 107 168 189 199 207 224 226 ]
249: [ 9 31 53 60 63 130 134 148 160 163 167 197 212 225 245 ]
250: [ 17 26 108 167 217 221 223 ]
