1: [ 3 8 72 97 122 145 153 179 200 201 ]
2: [ 31 34 48 54 72 75 81 163 215 235 241 242 ]
3: [ 1 4 18 42 44 58 62 69 83 104 123 125 139 140 151 170 216 219 225 226 230 233 235 ]
4: [ 3 6 28 55 70 79 83 94 101 123 138 155 169 181 189 193 199 200 205 216 ]
5: [ 10 26 49 90 101 105 131 138 139 167 174 202 215 217 218 224 227 247 ]
6: [ 4 39 43 46 48 58 90 116 150 176 184 204 209 214 217 224 243 ]
7: [ 22 26 32 66 67 84 95 124 128 151 179 187 194 200 210 234 244 246 ]
8: [ 1 11 16 49 68 76 87 109 156 169 180 200 204 248 ]
9: [ 16 56 65 77 87 99 133 138 183 193 242 248 ]
10: [ 5 41 49 71 98 103 116 122 128 194 230 237 ]
11: [ 8 49 58 74 80 89 91 150 181 205 ]
12: [ 21 25 37 55 57 73 75 81 109 131 162 211 230 233 243 248 ]
13: [ 18 55 73 92 163 165 177 187 207 235 ]
14: [ 24 38 54 71 73 115 125 151 172 176 189 200 205 224 230 244 ]
15: [ 23 48 59 79 95 98 104 170 175 190 211 ]
16: [ 8 9 17 49 56 74 115 117 119 158 237 ]
17: [ 16 31 35 42 49 51 76 114 183 195 220 ]
18: [ 3 13 24 39 51 84 85 92 98 102 122 133 141 163 172 185 191 192 211 228 236 ]
19: [ 40 46 77 139 195 204 ]
20: [ 28 30 35 44 57 89 114 140 145 147 148 152 171 209 225 229 237 ]
21: [ 12 36 39 45 46 51 70 111 154 158 162 165 184 202 224 ]
22: [ 7 25 27 28 29 49 50 53 80 82 83 99 140 166 167 182 208 212 ]
23: [ 15 28 60 74 110 153 180 208 219 ]
24: [ 14 18 35 57 63 100 120 139 161 188 201 211 230 249 ]
25: [ 12 22 29 38 40 73 79 97 117 126 135 177 178 191 200 222 230 234 ]
26: [ 5 7 43 63 66 77 85 104 107 116 120 123 143 146 164 169 186 198 230 234 236 246 ]
27: [ 22 85 148 196 210 ]
28: [ 4 20 22 23 37 56 78 111 113 118 170 200 203 207 239 244 ]
29: [ 22 25 88 98 122 164 ]
30: [ 20 42 49 68 89 137 141 145 155 162 216 ]
31: [ 2 17 76 198 ]
32: [ 7 45 47 56 65 71 78 112 113 129 138 176 191 202 ]
33: [ 41 55 61 75 90 123 126 152 162 180 193 204 235 ]
34: [ 2 46 52 56 82 121 124 150 154 165 175 200 210 228 231 ]
35: [ 17 20 24 39 88 91 105 112 116 120 152 165 191 246 ]
36: [ 21 58 65 80 96 98 123 172 199 246 ]
37: [ 12 28 46 75 76 77 89 92 94 98 111 130 167 172 173 ]
38: [ 14 25 39 72 111 148 165 169 173 178 186 197 203 242 ]
39: [ 6 18 21 35 38 40 55 85 90 112 125 133 145 150 160 162 183 189 194 215 ]
40: [ 19 25 39 49 52 58 68 71 73 85 90 96 109 113 118 137 149 202 204 241 247 ]
41: [ 10 33 62 65 162 242 ]
42: [ 3 17 30 55 68 108 150 170 184 215 ]
43: [ 6 26 54 56 80 111 119 152 168 173 198 199 209 213 250 ]
44: [ 3 20 56 61 76 83 92 107 116 147 150 164 184 192 203 244 248 ]
45: [ 21 32 60 68 73 75 81 83 109 121 133 134 158 174 182 188 189 199 201 209 213 216 222 224 233 235 242 244 ]
46: [ 6 19 21 34 37 75 85 90 156 161 187 192 201 249 ]
47: [ 32 63 64 69 71 99 111 140 151 152 157 161 207 231 237 249 ]
48: [ 2 6 15 50 68 134 178 182 211 216 243 ]
49: [ 5 8 10 11 16 17 22 30 40 70 72 91 112 146 160 162 180 190 209 210 218 237 ]
50: [ 22 48 58 68 107 114 134 159 183 228 ]
51: [ 17 18 21 67 106 134 158 163 176 181 192 218 223 ]
52: [ 34 40 74 121 159 172 182 202 211 226 247 ]
53: [ 22 75 84 91 94 102 110 112 149 179 191 213 230 243 ]
54: [ 2 14 43 62 69 78 84 130 131 146 148 160 186 209 211 212 214 241 247 ]
55: [ 4 12 13 33 39 42 58 62 78 80 104 108 111 115 121 124 125 126 151 182 184 192 195 210 236 ]
56: [ 9 16 28 32 34 43 44 62 69 73 77 82 114 137 157 168 169 178 183 192 193 197 198 239 241 ]
57: [ 12 20 24 74 81 85 94 153 244 ]
58: [ 3 6 11 36 40 50 55 62 74 85 106 110 111 115 179 242 247 ]
59: [ 15 72 78 92 124 126 154 186 192 193 195 196 199 225 231 235 250 ]
60: [ 23 45 83 87 111 128 153 155 168 192 200 210 239 ]
61: [ 33 44 63 84 103 132 147 157 178 ]
62: [ 3 41 54 55 56 58 64 69 73 78 84 125 133 155 173 180 190 209 210 211 216 219 226 ]
63: [ 24 26 47 61 66 75 84 98 104 111 128 139 140 180 186 201 230 ]
64: [ 47 62 72 89 111 118 125 137 141 155 162 183 210 215 227 241 246 ]
65: [ 9 32 36 41 171 207 228 235 ]
66: [ 7 26 63 76 115 136 153 166 173 183 189 192 200 226 ]
67: [ 7 51 68 79 114 125 131 166 167 235 237 245 ]
68: [ 8 30 40 42 45 48 50 67 101 114 118 132 143 144 145 172 189 194 205 235 ]
69: [ 3 47 54 56 62 72 114 158 159 186 211 ]
70: [ 4 21 49 72 86 89 98 101 111 158 179 186 189 210 211 213 241 ]
71: [ 10 14 32 40 47 110 112 147 185 245 246 ]
72: [ 1 2 38 49 59 64 69 70 74 116 121 154 172 181 195 206 ]
73: [ 12 13 14 25 40 45 56 62 76 79 106 116 145 148 153 165 191 199 204 206 211 220 236 239 246 ]
74: [ 11 16 23 52 57 58 72 78 90 105 133 148 167 186 195 197 223 230 231 ]
75: [ 2 12 33 37 45 46 53 63 76 101 118 134 156 201 213 215 224 ]
76: [ 8 17 31 37 44 66 73 75 107 113 134 145 155 ]
77: [ 9 19 26 37 56 105 107 130 161 201 211 225 ]
78: [ 28 32 54 55 59 62 74 89 93 98 109 124 142 153 160 201 238 239 240 ]
79: [ 4 15 25 67 73 118 ]
80: [ 11 22 36 43 55 111 113 134 136 139 146 176 201 219 245 ]
81: [ 2 12 45 57 112 114 165 166 181 185 220 221 222 228 242 ]
82: [ 22 34 56 108 139 180 182 ]
83: [ 3 4 22 44 45 60 134 154 159 167 188 190 209 224 247 250 ]
84: [ 7 18 53 54 61 62 63 86 99 135 170 172 177 183 192 195 202 208 216 220 ]
85: [ 18 26 27 39 40 46 57 58 95 101 109 113 118 123 126 131 147 170 182 186 201 236 ]
86: [ 70 84 90 110 143 147 169 172 183 202 209 ]
87: [ 8 9 60 93 127 129 136 151 174 183 195 216 250 ]
88: [ 29 35 112 121 132 150 158 171 173 176 192 228 231 241 250 ]
89: [ 11 20 30 37 64 70 78 93 108 138 145 153 164 190 193 226 ]
90: [ 5 6 33 39 40 46 74 86 94 104 106 108 115 143 150 167 174 179 182 184 205 208 218 223 235 243 248 ]
91: [ 11 35 49 53 119 147 169 172 188 203 208 224 ]
92: [ 13 18 37 44 59 95 98 163 200 219 ]
93: [ 78 87 89 123 140 146 166 192 236 ]
94: [ 4 37 53 57 90 105 209 218 225 239 ]
95: [ 7 15 85 92 146 178 184 209 230 236 249 ]
96: [ 36 40 117 118 133 142 148 173 203 ]
97: [ 1 25 120 156 158 200 ]
98: [ 10 15 18 29 36 37 63 70 78 92 102 119 126 147 148 152 157 179 216 226 238 ]
99: [ 9 22 47 84 107 117 133 139 143 152 174 175 201 218 221 223 238 250 ]
100: [ 24 145 205 236 ]
101: [ 4 5 68 70 75 85 122 125 147 175 217 238 239 244 ]
102: [ 18 53 98 112 197 209 234 ]
103: [ 10 61 112 119 138 140 183 194 195 219 246 249 ]
104: [ 3 15 26 55 63 90 118 172 179 184 192 211 243 ]
105: [ 5 35 74 77 94 111 141 151 158 165 172 189 216 243 ]
106: [ 51 58 73 90 112 122 132 133 168 173 190 197 205 211 223 ]
107: [ 26 44 50 76 77 99 120 131 148 150 154 173 212 ]
108: [ 42 55 82 89 90 135 153 163 188 195 196 237 ]
109: [ 8 12 40 45 78 85 121 125 139 141 148 159 170 192 193 195 238 ]
110: [ 23 53 58 71 86 121 149 162 163 185 186 194 208 213 227 231 236 ]
111: [ 21 28 37 38 43 47 55 58 60 63 64 70 80 105 119 136 172 175 190 201 222 234 236 250 ]
112: [ 32 35 39 49 53 71 81 88 102 103 106 120 122 123 127 131 133 141 158 172 188 209 245 ]
113: [ 28 32 40 76 80 85 125 170 180 190 211 231 ]
114: [ 17 20 50 56 67 68 69 81 131 135 148 157 169 172 191 202 214 224 228 234 248 249 250 ]
115: [ 14 16 55 58 66 90 156 187 203 211 217 245 249 ]
116: [ 6 10 26 35 44 72 73 145 148 167 181 201 239 250 ]
117: [ 16 25 96 99 118 128 139 ]
118: [ 28 40 64 68 75 79 85 96 104 117 122 128 135 140 172 183 196 226 228 234 241 246 247 ]
119: [ 16 43 91 98 103 111 137 160 197 199 203 223 224 229 240 247 ]
120: [ 24 26 35 97 107 112 131 133 140 147 170 190 197 208 235 243 ]
121: [ 34 45 52 55 72 88 109 110 157 159 203 207 226 228 244 245 248 ]
122: [ 1 10 18 29 101 106 112 118 129 139 142 150 155 158 164 172 201 215 224 240 ]
123: [ 3 4 26 33 36 85 93 112 135 146 151 159 171 201 ]
124: [ 7 34 55 59 78 169 180 203 209 216 242 ]
125: [ 3 14 39 55 62 64 67 101 109 113 133 138 146 147 159 164 172 174 201 205 209 213 237 ]
126: [ 25 33 55 59 85 98 170 180 182 226 231 ]
127: [ 87 112 139 177 189 219 239 245 ]
128: [ 7 10 60 63 117 118 193 225 230 237 239 ]
129: [ 32 87 122 215 232 ]
130: [ 37 54 77 166 195 209 221 ]
131: [ 5 12 54 67 85 107 112 114 120 136 137 139 142 146 158 162 172 182 199 203 226 240 246 ]
132: [ 61 68 88 106 134 139 162 199 201 207 236 248 249 ]
133: [ 9 18 39 45 62 74 96 99 106 112 120 125 134 135 162 170 171 193 197 207 215 219 230 234 ]
134: [ 45 48 50 51 75 76 80 83 132 133 145 165 199 222 230 233 ]
135: [ 25 84 108 114 118 123 133 139 181 188 189 226 ]
136: [ 66 80 87 111 131 145 148 167 182 190 200 230 233 ]
137: [ 30 40 56 64 119 131 174 184 223 236 ]
138: [ 4 5 9 32 89 103 125 151 155 178 179 182 184 200 203 206 210 234 242 ]
139: [ 3 5 19 24 63 80 82 99 109 117 122 127 131 132 135 155 170 178 228 243 ]
140: [ 3 20 22 47 63 93 103 118 120 207 215 ]
141: [ 18 30 64 105 109 112 190 208 211 227 ]
142: [ 78 96 122 131 148 155 160 175 228 236 239 244 ]
143: [ 26 68 86 90 99 198 ]
144: [ 68 169 183 209 250 ]
145: [ 1 20 30 39 68 73 76 89 100 116 134 136 148 158 202 233 237 244 247 ]
146: [ 26 49 54 80 93 95 123 125 131 150 173 183 186 202 212 214 228 229 237 243 250 ]
147: [ 20 44 61 71 85 86 91 98 101 120 125 159 185 186 193 218 221 226 244 ]
148: [ 20 27 38 54 73 74 96 98 107 109 114 116 136 142 145 151 156 162 212 213 216 221 229 230 240 ]
149: [ 40 53 110 160 169 171 172 181 191 203 209 218 223 232 238 242 ]
150: [ 6 11 34 39 42 44 88 90 107 122 146 164 182 237 ]
151: [ 3 7 14 47 55 87 105 123 138 148 177 182 189 224 232 248 ]
152: [ 20 33 35 43 47 98 99 167 173 215 237 238 ]
153: [ 1 23 57 60 66 73 78 89 108 169 195 243 247 ]
154: [ 21 34 59 72 83 107 157 183 189 194 199 209 228 241 245 ]
155: [ 4 30 60 62 64 76 122 138 139 142 169 178 211 212 215 229 232 240 243 248 ]
156: [ 8 46 75 97 115 148 160 244 247 ]
157: [ 47 56 61 98 114 121 154 183 192 247 ]
158: [ 16 21 45 51 69 70 88 97 105 112 122 131 145 159 166 173 183 201 202 213 220 232 240 245 ]
159: [ 50 52 69 83 109 121 123 125 147 158 163 180 186 190 245 ]
160: [ 39 49 54 78 119 142 149 156 165 177 200 ]
161: [ 24 46 47 77 175 189 222 243 ]
162: [ 12 21 30 33 39 41 49 64 110 131 132 133 148 187 195 197 199 205 213 239 ]
163: [ 2 13 18 51 92 108 110 159 191 211 ]
164: [ 26 29 44 89 122 125 150 171 173 190 200 204 208 217 226 245 248 ]
165: [ 13 21 34 35 38 73 81 105 134 160 179 203 204 212 220 224 238 246 ]
166: [ 22 66 67 81 93 130 158 207 220 230 236 ]
167: [ 5 22 37 67 74 83 90 116 136 152 189 193 215 222 228 ]
168: [ 43 56 60 106 178 192 245 ]
169: [ 4 8 26 38 56 86 91 114 124 144 149 153 155 199 229 236 241 ]
170: [ 3 15 28 42 84 85 109 113 120 126 133 139 188 198 203 205 220 227 229 245 ]
171: [ 20 65 88 123 133 149 164 ]
172: [ 14 18 36 37 52 68 72 84 86 91 104 105 111 112 114 118 122 125 131 149 173 193 197 201 ]
173: [ 37 38 43 62 66 88 96 106 107 146 152 158 164 172 188 206 216 ]
174: [ 5 45 87 90 99 125 137 185 193 208 242 ]
175: [ 15 34 99 101 111 142 161 192 ]
176: [ 6 14 32 51 80 88 202 216 222 245 246 ]
177: [ 13 25 84 127 151 160 189 200 226 228 ]
178: [ 25 38 48 56 61 95 138 139 155 168 201 208 215 216 220 232 239 244 ]
179: [ 1 7 53 58 70 90 98 104 138 165 187 206 226 233 ]
180: [ 8 23 33 49 62 63 82 113 124 126 159 183 193 214 221 224 235 236 237 240 243 ]
181: [ 4 11 51 72 81 116 135 149 ]
182: [ 22 45 48 52 55 82 85 90 126 131 136 138 150 151 243 ]
183: [ 9 17 39 50 56 64 66 84 86 87 103 118 144 146 154 157 158 180 213 215 223 241 246 ]
184: [ 6 21 42 44 55 90 95 104 137 138 196 203 244 ]
185: [ 18 71 81 110 147 174 230 ]
186: [ 26 38 54 59 63 69 70 74 85 110 146 147 159 195 209 213 245 248 ]
187: [ 7 13 46 115 162 179 204 237 ]
188: [ 24 45 83 91 108 112 135 170 173 227 248 ]
189: [ 4 14 39 45 66 68 70 105 127 135 151 154 161 167 177 195 211 214 215 228 ]
190: [ 15 49 62 83 89 106 111 113 120 136 141 159 164 211 226 229 241 244 ]
191: [ 18 25 32 35 53 73 114 149 163 ]
192: [ 18 44 46 51 55 56 59 60 66 84 88 93 104 109 157 168 175 202 228 236 245 247 248 ]
193: [ 4 9 33 56 59 89 109 128 133 147 167 172 174 180 201 205 207 208 232 234 243 ]
194: [ 7 10 39 68 103 110 154 ]
195: [ 17 19 55 59 72 74 84 87 103 108 109 130 153 162 186 189 219 231 236 ]
196: [ 27 59 108 118 184 230 243 244 245 ]
197: [ 38 56 74 102 106 119 120 133 162 172 239 ]
198: [ 26 31 43 56 143 170 206 221 239 240 243 249 ]
199: [ 4 36 43 45 59 73 119 131 132 134 154 162 169 201 ]
200: [ 1 4 7 8 14 25 28 34 60 66 92 97 136 138 160 164 177 208 216 237 240 ]
201: [ 1 24 45 46 63 75 77 78 80 85 99 111 116 122 123 125 132 158 172 178 193 199 207 233 246 ]
202: [ 5 21 32 40 52 84 86 114 145 146 158 176 192 208 214 215 243 245 248 ]
203: [ 28 38 44 91 96 115 119 121 124 131 138 149 165 170 184 226 233 240 ]
204: [ 6 8 19 33 40 73 164 165 187 222 ]
205: [ 4 11 14 68 90 100 106 125 162 170 193 227 239 ]
206: [ 72 73 138 173 179 198 226 242 ]
207: [ 13 28 47 65 121 132 133 140 166 193 201 231 236 246 248 ]
208: [ 22 23 84 90 91 110 120 141 164 174 178 193 200 202 215 229 247 ]
209: [ 6 20 43 45 49 54 62 83 86 94 95 102 112 124 125 130 144 149 154 186 219 ]
210: [ 7 27 34 49 55 60 62 64 70 138 211 ]
211: [ 12 15 18 24 48 52 54 62 69 70 73 77 104 106 113 115 141 155 163 189 190 210 214 216 229 238 245 248 ]
212: [ 22 54 107 146 148 155 165 218 ]
213: [ 43 45 53 70 75 110 125 148 158 162 183 186 220 235 ]
214: [ 6 54 114 146 180 189 202 211 246 ]
215: [ 2 5 39 42 64 75 122 129 133 140 152 155 167 178 183 189 202 208 229 235 249 ]
216: [ 3 4 30 45 48 62 84 87 98 105 124 148 173 176 178 200 211 ]
217: [ 5 6 101 115 164 ]
218: [ 5 49 51 90 94 99 147 149 212 230 ]
219: [ 3 23 62 80 92 103 127 133 195 209 228 ]
220: [ 17 73 81 84 158 165 166 170 178 213 235 ]
221: [ 81 99 130 147 148 180 198 227 230 ]
222: [ 25 45 81 111 134 161 167 176 204 230 234 ]
223: [ 51 74 90 99 106 119 137 149 183 ]
224: [ 5 6 14 21 45 75 83 91 114 119 122 151 165 180 228 245 249 ]
225: [ 3 20 59 77 94 128 249 ]
226: [ 3 52 62 66 89 98 118 121 126 131 135 147 164 177 179 190 203 206 ]
227: [ 5 64 110 141 170 188 205 221 ]
228: [ 18 34 50 65 81 88 114 118 121 139 142 146 154 167 177 189 192 219 224 230 235 ]
229: [ 20 119 146 148 155 169 170 190 208 211 215 239 ]
230: [ 3 10 12 14 24 25 26 53 63 74 95 128 133 134 136 148 166 185 196 218 221 222 228 242 245 ]
231: [ 34 47 59 74 88 110 113 126 195 207 239 240 ]
232: [ 129 149 151 155 158 178 193 244 ]
233: [ 3 12 45 134 136 145 179 201 203 ]
234: [ 7 25 26 102 111 114 118 133 138 193 222 237 ]
235: [ 2 3 13 33 45 59 65 67 68 90 120 180 213 215 220 228 248 ]
236: [ 18 26 55 73 85 93 95 100 110 111 132 137 142 166 169 180 192 195 207 ]
237: [ 10 16 20 47 49 67 108 125 128 145 146 150 152 180 187 200 234 ]
238: [ 78 98 99 101 109 149 152 165 211 ]
239: [ 28 56 60 73 78 94 101 116 127 128 142 162 178 197 198 205 229 231 240 ]
240: [ 78 119 122 131 148 155 158 180 198 200 203 231 239 246 ]
241: [ 2 40 54 56 64 70 88 118 154 169 183 190 ]
242: [ 2 9 38 41 45 58 81 124 138 149 174 206 230 ]
243: [ 6 12 48 53 90 104 105 120 139 146 153 155 161 180 182 193 196 198 202 ]
244: [ 7 14 28 44 45 57 101 121 142 145 147 156 178 184 190 196 232 ]
245: [ 67 71 80 112 115 121 127 154 158 159 164 168 170 176 186 192 196 202 211 224 230 ]
246: [ 7 26 35 36 64 71 73 103 118 131 165 176 183 201 207 214 240 ]
247: [ 5 40 52 54 58 83 118 119 145 153 156 157 192 208 ]
248: [ 8 9 12 44 90 114 121 132 151 155 164 186 188 192 202 207 211 235 ]
249: [ 24 46 47 95 103 114 115 132 198 215 224 225 ]
250: [ 43 59 83 87 88 99 111 114 116 144 146 ]
