1: [ 23 46 57 105 114 199 218 220 227 ]
2: [ 28 31 40 55 59 60 88 95 100 105 119 121 131 156 163 188 204 214 225 240 247 ]
3: [ 20 27 31 55 69 72 105 106 114 135 144 152 165 176 210 222 241 245 ]
4: [ 58 101 131 182 191 208 231 247 248 ]
5: [ 19 30 39 46 67 73 108 113 130 131 178 188 195 197 210 244 ]
6: [ 13 14 18 61 101 198 ]
7: [ 11 29 38 47 51 65 107 116 117 136 172 175 190 239 ]
8: [ 28 39 114 126 136 155 161 194 226 233 ]
9: [ 18 49 63 71 76 84 101 102 104 158 168 172 182 233 ]
10: [ 30 32 49 93 114 118 123 126 137 150 164 165 179 203 205 208 212 213 226 229 230 250 ]
11: [ 7 37 39 58 60 84 93 102 113 117 120 140 163 166 176 190 194 209 226 ]
12: [ 31 62 68 71 96 191 195 206 219 247 ]
13: [ 6 15 26 41 48 57 66 93 101 105 108 109 126 129 141 192 207 212 216 ]
14: [ 6 22 29 34 51 57 71 94 153 154 166 195 201 205 221 ]
15: [ 13 23 37 60 71 94 100 130 139 162 167 192 206 219 243 ]
16: [ 45 121 123 130 142 149 164 171 187 200 ]
17: [ 37 41 42 62 74 79 83 88 100 155 158 167 199 200 207 217 222 241 ]
18: [ 6 9 29 32 43 57 59 107 117 118 127 140 151 155 160 179 190 194 209 241 ]
19: [ 5 38 43 46 63 125 136 140 150 176 177 193 197 212 236 ]
20: [ 3 46 69 101 200 218 219 233 234 250 ]
21: [ 22 52 60 65 68 69 84 105 132 ]
22: [ 14 21 24 41 46 51 58 81 90 108 118 125 149 159 167 230 233 ]
23: [ 1 15 32 62 80 82 97 120 144 173 175 192 239 248 ]
24: [ 22 27 67 75 201 210 235 249 250 ]
25: [ 65 78 116 172 173 175 179 180 200 218 230 242 ]
26: [ 13 60 101 175 193 242 ]
27: [ 3 24 36 58 68 138 147 153 232 233 ]
28: [ 2 8 73 118 148 178 208 215 231 239 241 ]
29: [ 7 14 18 37 47 65 70 76 95 100 110 135 139 148 154 175 189 220 222 246 ]
30: [ 5 10 60 76 105 168 204 225 ]
31: [ 2 3 12 33 43 45 56 71 171 178 193 224 235 ]
32: [ 10 18 23 97 119 123 157 170 175 178 237 244 ]
33: [ 31 105 113 116 121 207 ]
34: [ 14 36 37 112 118 123 129 139 151 158 187 218 237 ]
35: [ 120 130 141 143 221 ]
36: [ 27 34 38 88 89 106 114 132 188 233 244 ]
37: [ 11 15 17 29 34 54 88 109 171 177 183 190 195 213 226 233 245 ]
38: [ 7 19 36 54 57 69 79 120 124 131 141 159 236 248 ]
39: [ 5 8 11 79 141 176 213 225 ]
40: [ 2 91 95 107 119 128 180 207 224 ]
41: [ 13 17 22 57 62 65 104 105 111 123 127 136 163 168 170 223 224 232 243 245 ]
42: [ 17 65 132 137 155 189 194 199 206 212 220 223 232 236 250 ]
43: [ 18 19 31 58 69 85 111 113 133 139 152 156 163 174 215 232 246 ]
44: [ 53 88 93 111 122 127 129 134 142 184 243 246 ]
45: [ 16 31 50 58 185 ]
46: [ 1 5 19 20 22 57 78 100 111 124 146 152 153 157 169 171 194 231 233 ]
47: [ 7 29 55 95 108 115 118 168 194 222 231 238 ]
48: [ 13 133 137 146 214 234 241 ]
49: [ 9 10 65 70 87 93 105 106 155 171 182 188 202 214 ]
50: [ 45 67 88 94 99 112 144 159 169 193 206 207 212 243 ]
51: [ 7 14 22 87 90 106 108 134 200 212 225 227 235 237 238 ]
52: [ 21 54 69 118 139 158 175 179 198 200 213 228 ]
53: [ 44 61 135 138 148 156 158 161 162 173 181 190 217 233 237 ]
54: [ 37 38 52 57 60 62 66 71 90 105 115 128 132 140 152 173 179 180 188 191 195 199 201 225 238 247 ]
55: [ 2 3 47 66 70 77 83 94 101 109 115 158 159 170 215 225 ]
56: [ 31 63 85 103 124 131 139 167 177 181 208 239 ]
57: [ 1 13 14 18 38 41 46 54 60 90 93 104 113 115 120 127 141 162 171 182 220 241 244 ]
58: [ 4 11 22 27 43 45 65 98 107 114 128 135 140 146 158 167 191 193 199 239 ]
59: [ 2 18 64 69 71 83 107 117 131 149 164 179 187 192 204 217 230 231 241 247 ]
60: [ 2 11 15 21 26 30 54 57 65 67 90 95 109 124 131 136 139 191 215 235 242 ]
61: [ 6 53 62 67 120 122 137 181 206 219 227 ]
62: [ 12 17 23 41 54 61 67 90 93 117 118 138 144 167 168 174 193 199 214 225 234 ]
63: [ 9 19 56 72 76 83 102 116 176 188 ]
64: [ 59 69 84 87 88 101 105 108 200 248 ]
65: [ 7 21 25 29 41 42 49 58 60 80 81 93 99 103 156 158 175 194 206 220 224 234 242 ]
66: [ 13 54 55 70 95 113 161 193 ]
67: [ 5 24 50 60 61 62 69 75 104 106 127 131 199 223 228 ]
68: [ 12 21 27 114 119 121 124 158 166 171 178 179 188 240 ]
69: [ 3 20 21 38 43 52 59 64 67 72 73 82 94 95 108 123 140 158 172 208 219 228 ]
70: [ 29 49 55 66 103 105 109 155 157 161 210 215 224 225 238 ]
71: [ 9 12 14 15 31 54 59 74 75 77 101 108 115 119 121 135 159 177 191 201 203 207 224 243 ]
72: [ 3 63 69 73 83 94 121 125 135 158 177 208 212 238 240 ]
73: [ 5 28 69 72 112 117 121 130 139 145 162 181 202 204 214 241 250 ]
74: [ 17 71 84 93 95 128 136 148 164 183 ]
75: [ 24 67 71 82 90 107 110 117 157 194 209 215 235 246 247 249 ]
76: [ 9 29 30 63 77 101 102 106 111 138 150 203 204 211 ]
77: [ 55 71 76 82 145 148 165 188 208 231 232 233 242 ]
78: [ 25 46 82 137 170 236 239 250 ]
79: [ 17 38 39 91 110 130 148 164 174 194 201 205 216 222 230 249 ]
80: [ 23 65 84 159 174 179 243 ]
81: [ 22 65 112 113 123 149 155 167 215 221 ]
82: [ 23 69 75 77 78 84 89 113 114 138 168 173 199 212 215 249 ]
83: [ 17 55 59 63 72 113 114 134 177 196 197 223 224 241 ]
84: [ 9 11 21 64 74 80 82 95 98 102 114 131 133 141 146 148 164 206 225 226 248 249 ]
85: [ 43 56 88 148 153 162 163 191 194 230 233 ]
86: [ 108 126 163 191 199 215 230 233 ]
87: [ 49 51 64 114 144 179 190 ]
88: [ 2 17 36 37 44 50 64 85 97 111 114 123 156 161 180 189 190 205 222 223 232 ]
89: [ 36 82 117 132 144 145 215 220 ]
90: [ 22 51 54 57 60 62 75 93 103 139 140 149 188 207 212 221 227 232 245 ]
91: [ 40 79 168 173 177 215 ]
92: [ 120 148 153 156 175 194 200 207 239 ]
93: [ 10 11 13 44 49 57 62 65 74 90 100 122 148 153 159 172 173 177 197 202 215 245 ]
94: [ 14 15 50 55 69 72 129 139 141 202 209 ]
95: [ 2 29 40 47 60 66 69 74 84 120 140 153 159 163 167 193 194 225 226 ]
96: [ 12 128 135 136 141 188 221 ]
97: [ 23 32 88 124 127 131 153 166 174 192 198 202 204 206 207 231 ]
98: [ 58 84 130 138 139 140 153 191 201 206 230 248 ]
99: [ 50 65 104 105 111 139 154 194 225 231 ]
100: [ 2 15 17 29 46 93 147 179 192 213 215 225 ]
101: [ 4 6 9 13 20 26 55 64 71 76 108 117 119 129 143 156 162 173 188 192 208 225 228 ]
102: [ 9 11 63 76 84 120 122 135 173 218 ]
103: [ 56 65 70 90 109 111 153 160 185 194 207 214 224 233 ]
104: [ 9 41 57 67 99 121 123 166 173 179 181 182 201 202 203 209 217 220 230 243 ]
105: [ 1 2 3 13 21 30 33 41 49 54 64 70 99 129 145 158 188 195 243 ]
106: [ 3 36 49 51 67 76 113 121 131 152 177 184 204 239 ]
107: [ 7 18 40 58 59 75 109 131 139 177 181 188 206 242 246 ]
108: [ 5 13 22 47 51 64 69 71 86 101 132 144 181 189 221 222 235 ]
109: [ 13 37 55 60 70 103 107 137 153 194 199 201 204 248 ]
110: [ 29 75 79 120 143 168 202 ]
111: [ 41 43 44 46 76 88 99 103 131 144 165 239 246 ]
112: [ 34 50 73 81 141 149 190 213 224 241 ]
113: [ 5 11 33 43 57 66 81 82 83 106 116 125 134 168 224 225 243 ]
114: [ 1 3 8 10 36 58 68 82 83 84 87 88 115 122 192 193 204 207 250 ]
115: [ 47 54 55 57 71 114 128 139 144 177 220 ]
116: [ 7 25 33 63 113 122 135 177 190 215 ]
117: [ 7 11 18 59 62 73 75 89 101 123 140 152 161 210 214 235 248 ]
118: [ 10 18 22 28 34 47 52 62 123 127 141 147 153 157 161 191 245 248 ]
119: [ 2 32 40 68 71 101 137 138 148 182 187 224 241 ]
120: [ 11 23 35 38 57 61 92 95 102 110 155 190 222 227 ]
121: [ 2 16 33 68 71 72 73 104 106 135 156 158 ]
122: [ 44 61 93 102 114 116 123 129 131 142 157 175 197 227 233 234 242 249 ]
123: [ 10 16 32 34 41 69 81 88 104 117 118 122 136 145 197 213 235 241 243 ]
124: [ 38 46 56 60 68 97 140 192 200 ]
125: [ 19 22 72 113 136 168 173 175 190 210 ]
126: [ 8 10 13 86 152 170 188 205 228 229 237 241 ]
127: [ 18 41 44 57 67 97 118 145 162 171 177 193 194 197 207 216 218 220 222 241 ]
128: [ 40 54 58 74 96 115 154 161 169 172 197 201 202 218 220 225 237 248 ]
129: [ 13 34 44 94 101 105 122 172 ]
130: [ 5 15 16 35 73 79 98 137 178 185 190 ]
131: [ 2 4 5 38 56 59 60 67 84 97 106 107 111 122 155 161 167 194 208 222 235 242 245 248 ]
132: [ 21 36 42 54 89 108 142 190 194 222 ]
133: [ 43 48 84 188 226 230 233 ]
134: [ 44 51 83 113 145 156 158 167 208 226 ]
135: [ 3 29 53 58 71 72 96 102 116 121 143 147 164 167 201 206 212 226 240 ]
136: [ 7 8 19 41 60 74 96 123 125 161 166 169 189 190 215 230 233 239 245 ]
137: [ 10 42 48 61 78 109 119 130 144 146 148 164 198 207 217 224 229 250 ]
138: [ 27 53 62 76 82 98 119 140 176 178 224 250 ]
139: [ 15 29 34 43 52 56 60 73 90 94 98 99 107 115 148 165 174 210 230 233 248 ]
140: [ 11 18 19 54 58 69 90 95 98 117 124 138 180 194 206 ]
141: [ 13 35 38 39 57 84 94 96 112 118 164 165 167 194 214 ]
142: [ 16 44 122 132 193 222 ]
143: [ 35 101 110 135 190 220 225 229 248 ]
144: [ 3 23 50 62 87 89 108 111 115 137 165 166 172 175 240 249 ]
145: [ 73 77 89 105 123 127 134 158 187 228 230 ]
146: [ 46 48 58 84 137 155 178 201 204 206 208 219 ]
147: [ 27 100 118 135 161 162 164 195 222 223 226 240 243 ]
148: [ 28 29 53 74 77 79 84 85 92 93 119 137 139 173 212 219 226 ]
149: [ 16 22 59 81 90 112 160 ]
150: [ 10 19 76 159 179 193 208 245 ]
151: [ 18 34 158 ]
152: [ 3 43 46 54 106 117 126 155 185 196 197 212 225 ]
153: [ 14 27 46 85 92 93 95 97 98 103 109 118 199 224 226 231 245 ]
154: [ 14 29 99 128 167 178 211 219 246 ]
155: [ 8 17 18 42 49 70 81 120 131 146 152 163 176 177 182 202 212 216 218 220 247 ]
156: [ 2 43 53 65 88 92 101 121 134 193 213 245 ]
157: [ 32 46 70 75 118 122 174 190 209 218 223 236 242 ]
158: [ 9 17 34 52 53 55 58 65 68 69 72 105 121 134 145 151 174 186 226 228 231 244 ]
159: [ 22 38 50 55 71 80 93 95 150 163 185 189 191 215 233 241 242 ]
160: [ 18 103 149 ]
161: [ 8 53 66 70 88 117 118 128 131 136 147 165 169 184 198 205 212 226 240 ]
162: [ 15 53 57 73 85 101 127 147 222 237 ]
163: [ 2 11 41 43 85 86 95 155 159 170 183 187 192 203 224 225 ]
164: [ 10 16 59 74 79 84 135 137 141 147 167 179 188 210 222 224 ]
165: [ 3 10 77 111 139 141 144 161 167 174 189 227 238 242 250 ]
166: [ 11 14 68 97 104 136 144 215 ]
167: [ 15 17 22 56 58 62 81 95 131 134 135 141 154 164 165 174 178 184 190 221 ]
168: [ 9 30 41 47 62 82 91 110 113 125 188 189 191 192 201 202 205 207 225 226 ]
169: [ 46 50 128 136 161 173 195 ]
170: [ 32 41 55 78 126 163 206 245 ]
171: [ 16 31 37 46 49 57 68 127 175 182 186 198 206 211 213 215 235 ]
172: [ 7 9 25 69 93 128 129 144 174 241 249 ]
173: [ 23 25 53 54 82 91 93 101 102 104 125 148 169 179 180 196 199 242 250 ]
174: [ 43 62 79 80 97 139 157 158 165 167 172 189 195 206 ]
175: [ 7 23 25 26 29 32 52 65 92 122 125 144 171 207 214 248 ]
176: [ 3 11 19 39 63 138 155 208 212 223 225 242 246 ]
177: [ 19 37 56 71 72 83 91 93 106 107 115 116 127 155 180 189 195 206 213 ]
178: [ 5 28 31 32 68 130 138 146 154 167 182 213 230 250 ]
179: [ 10 18 25 52 54 59 68 80 87 100 104 150 164 173 190 216 242 249 ]
180: [ 25 40 54 88 140 173 177 181 194 ]
181: [ 53 56 61 73 104 107 108 180 182 228 ]
182: [ 4 9 49 57 104 119 155 171 178 181 185 187 197 214 223 238 ]
183: [ 37 74 163 189 239 ]
184: [ 44 106 161 167 197 212 248 ]
185: [ 45 103 130 152 159 182 198 227 248 250 ]
186: [ 158 171 190 195 208 215 228 230 ]
187: [ 16 34 59 119 145 163 182 200 214 217 224 230 238 240 243 ]
188: [ 2 5 36 49 54 63 68 77 90 96 101 105 107 126 133 164 168 195 210 214 222 232 ]
189: [ 29 42 88 108 136 159 165 168 174 177 183 200 202 205 220 225 239 242 ]
190: [ 7 11 18 37 53 87 88 112 116 120 125 130 132 136 143 157 167 179 186 202 215 217 ]
191: [ 4 12 54 58 60 71 85 86 98 118 159 168 207 211 238 241 250 ]
192: [ 13 15 23 59 97 100 101 114 124 163 168 224 ]
193: [ 19 26 31 50 58 62 66 95 114 127 142 150 156 207 227 235 246 ]
194: [ 8 11 18 42 46 47 65 75 79 85 92 95 99 103 109 127 131 132 140 141 180 196 215 222 230 243 ]
195: [ 5 12 14 37 54 105 147 169 174 177 186 188 196 231 ]
196: [ 83 152 173 194 195 198 212 248 ]
197: [ 5 19 83 93 122 123 127 128 152 182 184 213 223 232 233 243 ]
198: [ 6 52 97 137 161 171 185 196 206 248 ]
199: [ 1 17 42 54 58 62 67 82 86 109 153 173 200 202 213 221 ]
200: [ 16 17 20 25 51 52 64 92 124 187 189 199 207 210 224 243 246 ]
201: [ 14 24 54 71 79 98 104 109 128 135 146 168 211 231 240 ]
202: [ 49 73 93 94 97 104 110 128 155 168 189 190 199 239 243 244 ]
203: [ 10 71 76 104 163 229 ]
204: [ 2 30 59 73 76 97 106 109 114 146 ]
205: [ 10 14 79 88 126 161 168 189 207 213 ]
206: [ 12 15 42 50 61 65 84 97 98 107 135 140 146 170 171 174 177 198 217 223 ]
207: [ 13 17 33 40 50 71 90 92 97 103 114 127 137 168 175 191 193 200 205 ]
208: [ 4 10 28 56 69 72 77 101 131 134 146 150 176 186 224 239 245 248 ]
209: [ 11 18 75 94 104 157 228 233 ]
210: [ 3 5 24 70 117 125 139 164 188 200 242 250 ]
211: [ 76 154 171 191 201 ]
212: [ 10 13 19 42 50 51 72 82 90 135 148 152 155 161 176 184 196 219 238 ]
213: [ 10 37 39 52 100 112 123 156 171 177 178 197 199 205 245 249 ]
214: [ 2 48 49 62 73 103 117 141 175 182 187 188 231 238 ]
215: [ 28 43 55 60 70 75 81 82 86 89 91 93 100 116 136 159 166 171 186 190 194 232 243 ]
216: [ 13 79 127 155 179 248 ]
217: [ 17 53 59 104 137 187 190 206 224 ]
218: [ 1 20 25 34 102 127 128 155 157 241 ]
219: [ 12 15 20 61 69 146 148 154 212 222 225 ]
220: [ 1 29 42 57 65 89 104 115 127 128 143 155 189 227 235 ]
221: [ 14 35 81 90 96 108 167 199 228 ]
222: [ 3 17 29 47 79 88 108 120 127 131 132 142 147 162 164 188 194 219 226 233 238 250 ]
223: [ 41 42 67 83 88 147 157 176 182 197 206 244 ]
224: [ 31 40 41 65 70 71 83 103 112 113 119 137 138 153 163 164 187 192 200 208 217 228 ]
225: [ 2 30 39 51 54 55 62 70 84 95 99 100 101 113 128 143 152 163 168 176 189 219 226 ]
226: [ 8 10 11 37 84 95 133 134 135 147 148 153 158 161 168 222 225 234 239 241 243 ]
227: [ 1 51 61 90 120 122 165 185 193 220 ]
228: [ 52 67 69 101 126 145 158 181 186 209 221 224 245 ]
229: [ 10 126 137 143 203 250 ]
230: [ 10 22 25 59 79 85 86 98 104 133 136 139 145 178 186 187 194 ]
231: [ 4 28 46 47 59 77 97 99 153 158 195 201 214 249 ]
232: [ 27 41 42 43 77 88 90 188 197 215 236 237 ]
233: [ 8 9 20 22 27 36 37 46 53 77 85 86 103 122 133 136 139 159 197 209 222 234 245 246 ]
234: [ 20 48 62 65 122 226 233 ]
235: [ 24 31 51 60 75 108 117 123 131 171 193 220 250 ]
236: [ 19 38 42 78 157 232 243 ]
237: [ 32 34 51 53 126 128 162 232 ]
238: [ 47 51 54 70 72 165 182 187 191 212 214 222 243 ]
239: [ 7 23 28 56 58 78 92 106 111 136 183 189 202 208 226 243 ]
240: [ 2 68 72 135 144 147 161 187 201 ]
241: [ 3 17 18 28 48 57 59 73 83 112 119 123 126 127 159 172 191 218 226 244 ]
242: [ 25 26 60 65 77 107 122 131 157 159 165 173 176 179 189 210 245 ]
243: [ 15 41 44 50 71 80 104 105 113 123 147 187 194 197 200 202 215 226 236 238 239 ]
244: [ 5 32 36 57 158 202 223 241 ]
245: [ 3 37 41 90 93 118 131 136 150 153 156 170 208 213 228 233 242 ]
246: [ 29 43 44 75 107 111 154 176 193 200 233 ]
247: [ 2 4 12 54 59 75 155 ]
248: [ 4 23 38 64 84 98 109 117 118 128 131 139 143 175 184 185 196 198 208 216 ]
249: [ 24 75 79 82 84 122 144 172 179 213 231 ]
250: [ 10 20 24 42 73 78 114 137 138 165 173 178 185 191 210 222 229 235 ]
