1: [ 8 22 103 120 124 143 175 210 236 ]
2: [ 28 34 36 60 71 72 73 75 86 98 100 107 136 149 153 154 177 191 222 239 246 ]
3: [ 7 24 28 39 72 117 146 147 160 198 199 204 219 226 232 240 ]
4: [ 12 52 65 141 147 149 163 173 225 ]
5: [ 29 31 61 65 74 75 111 160 175 232 243 ]
6: [ 10 34 37 63 74 91 107 111 189 191 198 227 231 ]
7: [ 3 28 73 120 154 200 218 244 245 ]
8: [ 1 18 42 74 94 126 141 154 171 177 183 214 224 ]
9: [ 10 15 22 38 56 57 60 82 130 139 140 201 222 ]
10: [ 6 9 16 22 31 51 58 97 100 101 104 115 153 154 203 205 239 245 246 ]
11: [ 17 28 39 41 57 77 79 115 143 158 166 172 173 186 221 ]
12: [ 4 17 72 123 162 168 174 206 216 223 ]
13: [ 34 49 50 65 76 129 130 135 154 170 175 177 183 190 192 199 231 234 238 246 ]
14: [ 41 48 50 132 ]
15: [ 9 46 78 99 159 ]
16: [ 10 39 55 62 68 74 112 175 205 207 224 235 243 ]
17: [ 11 12 30 43 49 51 110 119 140 154 157 161 186 208 224 236 238 248 ]
18: [ 8 46 54 57 58 71 83 110 113 116 144 148 150 153 162 174 177 181 184 188 191 210 214 215 246 248 ]
19: [ 28 55 60 75 103 106 111 125 174 ]
20: [ 26 38 40 47 89 124 160 181 184 202 222 223 226 242 ]
21: [ 22 25 31 49 55 57 74 85 89 90 120 130 138 149 164 173 226 233 249 ]
22: [ 1 9 10 21 26 61 66 88 132 150 177 184 193 239 240 243 ]
23: [ 65 105 106 112 117 141 145 170 ]
24: [ 3 42 48 50 51 59 111 112 115 119 136 137 150 161 220 228 ]
25: [ 21 28 38 41 84 103 133 149 176 194 209 210 246 ]
26: [ 20 22 60 66 76 102 118 133 137 140 145 154 181 185 186 198 213 218 221 234 239 ]
27: [ 52 179 195 222 229 ]
28: [ 2 3 7 11 19 25 44 49 59 76 104 108 136 140 166 191 204 227 231 234 ]
29: [ 5 51 54 62 89 108 120 167 197 229 ]
30: [ 17 31 33 37 63 64 66 67 89 110 124 130 156 157 177 194 220 ]
31: [ 5 10 21 30 33 40 47 54 70 76 77 80 99 114 116 124 130 142 164 168 170 172 175 179 194 212 213 216 233 ]
32: [ 54 61 79 101 109 114 126 161 165 218 221 248 ]
33: [ 30 31 36 40 45 78 103 107 136 163 195 209 ]
34: [ 2 6 13 44 52 63 72 92 107 109 123 151 174 177 193 217 218 221 224 243 ]
35: [ 59 85 113 145 162 170 182 ]
36: [ 2 33 40 98 136 144 147 151 167 172 175 189 196 222 233 ]
37: [ 6 30 95 121 137 168 169 171 189 196 203 204 205 226 244 ]
38: [ 9 20 25 62 82 87 129 132 137 145 160 169 174 186 201 207 209 239 240 241 ]
39: [ 3 11 16 42 64 95 99 112 121 122 141 149 157 165 181 184 220 235 241 ]
40: [ 20 31 33 36 77 86 87 88 99 119 120 125 152 171 195 197 214 226 236 238 247 ]
41: [ 11 14 25 46 65 84 112 125 143 186 194 209 214 218 235 238 241 248 ]
42: [ 8 24 39 45 47 57 61 77 87 90 93 146 184 207 220 229 242 ]
43: [ 17 105 115 135 218 221 229 235 ]
44: [ 28 34 60 64 89 105 106 112 114 143 190 211 219 237 249 ]
45: [ 33 42 84 109 112 117 120 131 152 158 160 165 191 196 223 232 233 245 ]
46: [ 15 18 41 85 96 99 116 130 184 188 192 193 217 240 ]
47: [ 20 31 42 49 65 89 92 108 124 129 151 167 172 181 184 195 198 212 214 221 239 249 ]
48: [ 14 24 53 85 109 111 119 129 131 135 146 158 159 169 181 194 240 245 ]
49: [ 13 17 21 28 47 55 60 74 120 218 ]
50: [ 13 14 24 54 104 112 135 136 145 146 150 167 202 215 235 ]
51: [ 10 17 24 29 86 95 99 106 121 124 139 159 168 175 177 186 189 193 211 214 240 242 ]
52: [ 4 27 34 61 74 75 172 186 195 224 236 ]
53: [ 48 69 79 95 104 113 114 119 167 196 200 ]
54: [ 18 29 31 32 50 65 83 89 113 141 158 173 194 195 198 205 216 221 232 242 247 248 ]
55: [ 16 19 21 49 56 60 72 91 97 122 126 141 167 179 188 194 195 223 237 244 ]
56: [ 9 55 86 100 106 115 155 160 ]
57: [ 9 11 18 21 42 64 97 99 111 126 137 164 181 195 197 221 224 235 ]
58: [ 10 18 111 113 181 184 225 245 ]
59: [ 24 28 35 72 91 97 124 139 145 150 174 ]
60: [ 2 9 19 26 44 49 55 70 71 77 89 97 102 103 104 106 119 121 130 165 171 205 208 230 239 ]
61: [ 5 22 32 42 52 66 69 74 159 178 191 201 232 243 247 ]
62: [ 16 29 38 109 160 163 171 172 221 ]
63: [ 6 30 34 99 ]
64: [ 30 39 44 57 66 77 89 120 152 184 246 248 ]
65: [ 4 5 13 23 41 47 54 67 80 103 114 136 148 166 187 214 227 234 235 241 242 247 ]
66: [ 22 26 30 61 64 76 77 79 110 193 199 212 233 238 ]
67: [ 30 65 97 157 193 204 ]
68: [ 16 73 93 154 164 211 ]
69: [ 53 61 72 98 102 130 132 135 146 172 176 189 194 218 220 224 233 240 242 244 ]
70: [ 31 60 74 75 111 117 140 154 171 205 242 ]
71: [ 2 18 60 75 108 118 126 146 157 175 235 238 247 ]
72: [ 2 3 12 34 55 59 69 77 115 120 169 186 217 223 231 ]
73: [ 2 7 68 79 118 129 135 141 144 146 153 154 160 162 171 173 179 181 189 205 214 221 227 232 246 ]
74: [ 5 6 8 16 21 49 52 61 70 87 102 122 187 195 200 208 211 214 226 227 233 ]
75: [ 2 5 19 52 70 71 132 142 143 160 ]
76: [ 13 26 28 31 66 88 100 132 139 140 184 243 ]
77: [ 11 31 40 42 60 64 66 72 118 144 145 161 181 205 216 238 240 241 ]
78: [ 15 33 94 116 190 194 197 225 229 239 247 ]
79: [ 11 32 53 66 73 102 116 125 130 136 139 143 169 184 187 189 194 209 210 216 220 246 ]
80: [ 31 65 98 111 130 148 ]
81: [ 154 179 186 209 224 ]
82: [ 9 38 130 148 172 177 200 212 ]
83: [ 18 54 102 117 195 214 ]
84: [ 25 41 45 105 110 168 179 182 245 ]
85: [ 21 35 46 48 94 115 162 223 247 ]
86: [ 2 40 51 56 87 95 98 100 119 142 151 167 182 188 196 224 235 ]
87: [ 38 40 42 74 86 100 111 152 211 221 245 246 249 ]
88: [ 22 40 76 106 107 113 129 175 222 ]
89: [ 20 21 29 30 44 47 54 60 64 119 168 173 197 201 225 231 ]
90: [ 21 42 103 106 125 137 141 181 213 ]
91: [ 6 55 59 108 135 141 144 156 171 205 243 ]
92: [ 34 47 189 244 ]
93: [ 42 68 107 116 121 133 177 179 196 222 226 231 238 246 ]
94: [ 8 78 85 101 102 120 196 230 236 ]
95: [ 37 39 51 53 86 116 141 161 162 164 186 222 ]
96: [ 46 117 129 183 ]
97: [ 10 55 57 59 60 67 107 119 124 130 163 164 165 179 214 238 ]
98: [ 2 36 69 80 86 128 144 145 148 167 190 211 223 234 ]
99: [ 15 31 39 40 46 51 57 63 104 111 117 124 132 140 165 174 178 179 184 185 216 246 ]
100: [ 2 10 56 76 86 87 101 102 105 110 113 136 152 154 167 186 211 ]
101: [ 10 32 94 100 106 112 117 142 165 183 196 201 210 233 246 ]
102: [ 26 60 69 74 79 83 94 100 118 168 190 194 203 214 223 239 248 ]
103: [ 1 19 25 33 60 65 90 104 122 126 135 162 163 184 191 208 242 248 ]
104: [ 10 28 50 53 60 99 103 113 135 138 140 168 226 234 240 ]
105: [ 23 43 44 84 100 117 119 122 143 151 163 172 189 196 204 212 213 216 223 242 ]
106: [ 19 23 44 51 56 60 88 90 101 131 135 136 137 143 152 156 166 212 248 ]
107: [ 2 6 33 34 88 93 97 115 142 163 168 184 197 209 218 226 242 ]
108: [ 28 29 47 71 91 132 169 205 206 214 216 249 ]
109: [ 32 34 45 48 62 111 130 163 177 187 191 208 ]
110: [ 17 18 30 66 84 100 117 125 172 183 189 191 192 201 216 230 244 ]
111: [ 5 6 19 24 48 57 58 70 80 87 99 109 140 144 155 167 171 177 179 182 205 222 223 226 230 ]
112: [ 16 23 24 39 41 44 45 50 101 116 132 143 144 159 173 195 200 213 217 245 248 ]
113: [ 18 35 53 54 58 88 100 104 168 171 203 216 237 ]
114: [ 31 32 44 53 65 116 126 132 135 203 208 240 244 ]
115: [ 10 11 24 43 56 72 85 107 123 131 139 156 163 186 215 245 246 ]
116: [ 18 31 46 78 79 93 95 112 114 117 124 135 136 149 162 224 249 ]
117: [ 3 23 45 70 83 96 99 101 105 110 116 119 138 161 171 179 190 199 211 218 ]
118: [ 26 71 73 77 102 135 141 150 151 167 192 202 211 218 230 231 245 247 ]
119: [ 17 24 40 48 53 60 86 89 97 105 117 135 136 146 155 168 169 191 199 214 232 236 238 ]
120: [ 1 7 21 29 40 45 49 64 72 94 133 138 172 205 221 228 233 242 244 250 ]
121: [ 37 39 51 60 93 152 188 191 193 199 200 216 ]
122: [ 39 55 74 103 105 196 199 203 208 224 245 ]
123: [ 12 34 115 135 165 166 177 189 220 227 234 ]
124: [ 1 20 30 31 47 51 59 97 99 116 140 141 156 160 178 219 232 239 ]
125: [ 19 40 41 79 90 110 154 155 189 214 ]
126: [ 8 32 55 57 71 103 114 133 141 162 177 184 194 199 223 225 234 239 245 ]
127: [ 164 171 226 234 ]
128: [ 98 165 172 229 245 ]
129: [ 13 38 47 48 73 88 96 154 159 164 172 176 206 221 ]
130: [ 9 13 21 30 31 46 60 69 79 80 82 97 109 133 150 158 160 183 187 189 214 218 235 237 239 ]
131: [ 45 48 106 115 210 244 ]
132: [ 14 22 38 69 75 76 99 108 112 114 143 156 161 174 184 206 244 245 ]
133: [ 25 26 93 120 126 130 136 153 160 168 169 196 203 210 211 ]
134: [ 153 154 226 246 250 ]
135: [ 13 43 48 50 69 73 91 103 104 106 114 116 118 119 123 169 191 194 210 217 220 222 223 ]
136: [ 2 24 28 33 36 50 65 79 100 106 116 119 133 137 138 145 177 194 196 197 216 235 240 ]
137: [ 24 26 37 38 57 90 106 136 164 166 173 185 200 206 224 227 230 235 244 ]
138: [ 21 104 117 120 136 140 149 181 184 203 220 245 ]
139: [ 9 51 59 76 79 115 183 ]
140: [ 9 17 26 28 70 76 99 104 111 124 138 145 147 170 ]
141: [ 4 8 23 39 54 55 73 90 91 95 118 124 126 157 164 168 193 205 212 230 239 ]
142: [ 31 75 86 101 107 163 217 225 229 ]
143: [ 1 11 41 44 75 79 105 106 112 132 146 166 183 237 247 ]
144: [ 18 36 73 77 91 98 111 112 162 178 187 193 231 239 241 243 ]
145: [ 23 26 35 38 50 59 77 98 136 140 154 171 180 181 186 216 219 222 223 239 ]
146: [ 3 42 48 50 69 71 73 119 143 163 165 174 177 181 183 223 239 245 248 ]
147: [ 3 4 36 140 151 156 191 205 ]
148: [ 18 65 80 82 98 193 ]
149: [ 2 4 21 25 39 116 138 151 159 177 199 205 207 220 222 233 ]
150: [ 18 22 24 50 59 118 130 156 243 ]
151: [ 34 36 47 86 105 118 147 149 175 189 199 210 218 239 ]
152: [ 40 45 64 87 100 106 121 170 186 217 241 ]
153: [ 2 10 18 73 133 134 160 175 189 195 233 238 ]
154: [ 2 7 8 10 13 17 26 68 70 73 81 100 125 129 134 145 179 182 193 203 228 243 ]
155: [ 56 111 119 125 157 181 203 ]
156: [ 30 91 106 115 124 132 147 150 171 186 188 207 ]
157: [ 17 30 39 67 71 141 155 178 208 220 228 235 ]
158: [ 11 45 48 54 130 166 169 181 183 194 ]
159: [ 15 48 51 61 112 129 149 197 209 217 ]
160: [ 3 5 20 38 45 56 62 73 75 124 130 133 153 169 170 179 199 209 218 220 247 ]
161: [ 17 24 32 77 95 117 132 165 170 179 193 205 208 227 ]
162: [ 12 18 35 73 85 95 103 116 126 144 163 174 176 186 195 221 ]
163: [ 4 33 62 97 103 105 107 109 115 142 146 162 174 203 205 211 226 244 ]
164: [ 21 31 57 68 95 97 127 129 137 141 168 180 189 199 217 244 ]
165: [ 32 39 45 60 97 99 101 123 128 146 161 173 214 224 230 ]
166: [ 11 28 65 106 123 137 143 158 189 192 221 ]
167: [ 29 36 47 50 53 55 86 98 100 111 118 177 191 196 224 227 239 245 ]
168: [ 12 31 37 51 84 89 102 104 107 113 119 133 141 164 184 185 222 229 238 ]
169: [ 37 38 48 72 79 108 119 133 135 158 160 196 201 203 232 237 ]
170: [ 13 23 31 35 140 152 160 161 183 210 212 216 218 222 232 ]
171: [ 8 37 40 60 62 70 73 91 111 113 117 127 145 156 172 235 ]
172: [ 11 31 36 47 52 62 69 82 105 110 120 128 129 171 194 203 206 229 241 ]
173: [ 4 11 21 54 73 89 112 137 165 182 244 ]
174: [ 12 18 19 34 38 59 99 132 146 162 163 203 211 218 229 232 ]
175: [ 1 5 13 16 31 36 51 71 88 151 153 178 179 181 193 201 222 ]
176: [ 25 69 129 162 220 238 ]
177: [ 2 8 13 18 22 30 34 51 82 93 109 111 123 126 136 146 149 167 183 205 211 224 ]
178: [ 61 99 124 144 157 175 205 223 247 ]
179: [ 27 31 55 73 81 84 93 97 99 111 117 154 160 161 175 226 228 ]
180: [ 145 164 211 230 245 ]
181: [ 18 20 26 39 47 48 57 58 73 77 90 138 145 146 155 158 175 233 ]
182: [ 35 84 86 111 154 173 235 241 ]
183: [ 8 13 96 101 110 130 139 143 146 158 170 177 202 203 214 ]
184: [ 18 20 22 39 42 46 47 58 64 76 79 99 103 107 126 132 138 168 212 241 249 ]
185: [ 26 99 137 168 187 203 210 222 ]
186: [ 11 17 26 38 41 51 52 72 81 95 100 115 145 152 156 162 198 233 244 246 ]
187: [ 65 74 79 109 130 144 185 226 228 241 ]
188: [ 18 46 55 86 121 156 210 ]
189: [ 6 36 37 51 69 73 79 92 105 110 123 125 130 151 153 164 166 196 197 206 212 222 240 244 ]
190: [ 13 44 78 98 102 117 216 218 ]
191: [ 2 6 18 28 45 61 103 109 110 119 121 135 147 167 196 241 ]
192: [ 13 46 110 118 166 205 224 248 ]
193: [ 22 34 46 51 66 67 121 141 144 148 154 161 175 200 234 235 239 ]
194: [ 25 30 31 41 48 54 55 69 78 79 102 126 135 136 158 172 207 209 219 220 238 243 ]
195: [ 27 33 40 47 52 54 55 57 74 83 112 153 162 205 239 240 ]
196: [ 36 37 45 53 86 93 94 101 105 122 133 136 167 169 189 191 205 234 236 238 248 ]
197: [ 29 40 57 78 89 107 136 159 189 205 209 217 218 246 ]
198: [ 3 6 26 47 54 186 230 238 ]
199: [ 3 13 66 117 119 121 122 126 149 151 160 164 ]
200: [ 7 53 74 82 112 121 137 193 210 212 230 234 238 ]
201: [ 9 38 61 89 101 110 169 175 212 220 ]
202: [ 20 50 118 183 215 224 246 ]
203: [ 10 37 102 113 114 122 133 138 154 155 163 169 172 174 183 185 204 210 228 229 ]
204: [ 3 28 37 67 105 203 ]
205: [ 10 16 37 54 60 70 73 77 91 108 111 120 141 147 149 161 163 177 178 192 195 196 197 ]
206: [ 12 108 129 132 137 172 189 220 ]
207: [ 16 38 42 149 156 194 213 ]
208: [ 17 60 74 103 109 114 122 157 161 229 244 ]
209: [ 25 33 38 41 79 81 107 159 160 194 197 ]
210: [ 1 18 25 79 101 131 133 135 151 170 185 188 200 203 215 218 228 232 239 249 ]
211: [ 44 51 68 74 87 98 100 117 118 133 163 174 177 180 232 239 247 250 ]
212: [ 31 47 66 82 105 106 141 170 184 189 200 201 214 235 246 ]
213: [ 26 31 90 105 112 207 ]
214: [ 8 18 40 41 47 51 65 73 74 83 97 102 108 119 125 130 165 183 212 235 250 ]
215: [ 18 50 115 202 210 221 238 240 ]
216: [ 12 31 54 77 79 99 105 108 110 113 121 136 145 170 190 ]
217: [ 34 46 72 112 135 142 152 159 164 197 236 242 245 ]
218: [ 7 26 32 34 41 43 49 69 107 117 118 130 151 160 170 174 190 197 210 220 225 230 ]
219: [ 3 44 124 145 194 240 ]
220: [ 24 30 39 42 69 79 123 135 138 149 157 160 176 194 201 206 218 227 237 ]
221: [ 11 26 32 34 43 47 54 57 62 73 87 120 129 162 166 215 229 245 ]
222: [ 2 9 20 27 36 88 93 95 111 135 145 149 168 170 175 185 189 232 234 ]
223: [ 12 20 45 55 72 85 98 102 105 111 126 135 145 146 178 229 241 ]
224: [ 8 16 17 34 52 57 69 81 86 116 122 137 165 167 177 192 202 226 242 ]
225: [ 4 58 78 89 126 142 218 238 249 ]
226: [ 3 20 21 37 40 74 93 104 107 111 127 134 163 179 187 224 232 244 ]
227: [ 6 28 65 73 74 123 137 161 167 220 ]
228: [ 24 120 154 157 179 187 203 210 ]
229: [ 27 29 42 43 78 128 142 168 172 174 203 208 221 223 240 ]
230: [ 60 94 110 111 118 137 141 165 180 198 200 218 245 249 ]
231: [ 6 13 28 72 89 93 118 144 ]
232: [ 3 5 45 54 61 73 119 124 169 170 174 210 211 222 226 ]
233: [ 21 31 36 45 66 69 74 101 120 149 153 181 186 238 ]
234: [ 13 26 28 65 98 104 123 126 127 193 196 200 222 248 ]
235: [ 16 39 41 43 50 57 65 71 86 130 136 137 157 171 182 193 212 214 236 246 ]
236: [ 1 17 40 52 94 119 196 217 235 246 ]
237: [ 44 55 113 130 143 169 220 ]
238: [ 13 17 40 41 66 71 77 93 97 119 153 168 176 194 196 198 200 215 225 233 ]
239: [ 2 10 22 26 38 47 60 78 102 124 126 130 141 144 145 146 151 167 193 195 210 211 250 ]
240: [ 3 22 38 46 48 51 69 77 104 114 136 189 195 215 219 229 243 ]
241: [ 38 39 41 65 77 144 152 172 182 184 187 191 223 246 ]
242: [ 20 42 51 54 65 69 70 103 105 107 120 217 224 ]
243: [ 5 16 22 34 61 76 91 144 150 154 194 240 ]
244: [ 7 37 55 69 92 110 114 120 131 132 137 163 164 173 186 189 208 226 ]
245: [ 7 10 45 48 58 84 87 112 115 118 122 126 128 132 138 146 167 180 217 221 230 ]
246: [ 2 10 13 18 25 64 73 79 87 93 99 101 115 134 186 197 202 212 235 236 241 ]
247: [ 40 54 61 65 71 78 85 118 143 160 178 211 ]
248: [ 17 18 32 41 54 64 102 103 106 112 146 192 196 234 ]
249: [ 21 44 47 87 108 116 184 210 225 230 ]
250: [ 120 134 211 214 239 ]
