1: [ 6 15 23 29 53 54 65 80 111 118 146 166 173 176 202 205 210 214 224 227 233 239 250 ]
2: [ 25 47 86 117 121 134 148 159 163 191 205 232 250 ]
3: [ 31 32 33 36 87 105 127 129 132 155 163 170 187 ]
4: [ 10 18 33 50 52 66 99 122 147 ]
5: [ 63 72 120 121 132 160 180 181 187 188 203 213 247 250 ]
6: [ 1 15 19 28 31 36 66 71 72 73 76 140 147 166 170 189 218 223 229 236 ]
7: [ 41 53 102 103 112 200 217 218 ]
8: [ 14 30 31 40 44 53 60 78 83 90 104 140 142 149 157 168 171 194 200 204 210 221 249 ]
9: [ 13 35 50 98 118 133 136 145 172 187 188 205 216 218 222 237 ]
10: [ 4 17 21 23 55 96 116 160 168 174 182 185 214 219 222 233 ]
11: [ 15 45 51 56 93 95 102 156 159 166 186 191 196 230 232 249 ]
12: [ 21 37 42 47 82 88 130 158 175 211 212 ]
13: [ 9 17 37 38 54 75 77 79 97 100 110 118 152 156 163 237 247 ]
14: [ 8 17 48 100 110 136 141 154 163 223 225 ]
15: [ 1 6 11 23 46 49 105 115 128 139 176 192 195 199 ]
16: [ 28 36 37 51 65 78 79 92 138 154 167 173 207 ]
17: [ 10 13 14 31 32 34 53 77 85 89 98 101 103 105 113 134 152 154 159 173 178 181 190 195 205 207 209 219 220 224 233 ]
18: [ 4 24 32 40 52 63 71 73 75 78 126 154 158 182 183 217 224 232 243 ]
19: [ 6 22 36 39 50 59 67 71 109 120 121 122 155 171 206 228 231 ]
20: [ 29 32 47 61 65 78 83 101 117 142 155 164 166 169 172 173 201 208 211 223 226 242 250 ]
21: [ 10 12 53 78 83 126 136 232 ]
22: [ 19 78 158 167 169 181 210 ]
23: [ 1 10 15 33 37 50 53 69 71 97 98 107 154 166 174 185 190 200 236 240 ]
24: [ 18 141 150 175 177 190 208 219 221 ]
25: [ 2 29 36 69 81 115 128 129 163 167 231 241 245 ]
26: [ 37 88 89 96 133 140 175 178 180 191 212 214 216 226 232 248 ]
27: [ 34 47 53 61 71 75 89 102 108 111 166 181 187 198 214 223 231 ]
28: [ 6 16 36 38 52 58 76 96 132 174 181 214 216 218 222 224 227 241 ]
29: [ 1 20 25 30 41 61 74 104 105 117 131 132 163 221 224 228 241 ]
30: [ 8 29 44 45 57 115 145 150 192 215 ]
31: [ 3 6 8 17 40 45 56 63 107 113 114 119 135 142 179 186 199 205 222 243 ]
32: [ 3 17 18 20 87 90 92 110 113 127 141 181 182 193 197 201 205 206 219 229 232 243 ]
33: [ 3 4 23 34 37 57 61 77 78 104 129 130 157 159 166 170 188 241 ]
34: [ 17 27 33 65 75 76 92 105 110 138 149 155 156 171 181 197 214 225 231 235 249 ]
35: [ 9 37 57 71 83 97 100 101 120 123 136 137 171 187 205 212 240 242 ]
36: [ 3 6 16 19 25 28 40 49 59 133 134 147 149 167 176 178 184 205 218 234 239 247 ]
37: [ 12 13 16 23 26 33 35 41 43 53 83 103 121 142 156 176 186 189 206 222 ]
38: [ 13 28 39 42 83 105 110 162 215 226 236 ]
39: [ 19 38 78 79 163 171 178 186 241 ]
40: [ 8 18 31 36 74 101 117 141 149 158 172 234 249 ]
41: [ 7 29 37 74 83 127 132 135 141 160 182 196 224 ]
42: [ 12 38 76 77 85 92 98 104 119 135 149 154 167 228 ]
43: [ 37 70 98 128 154 170 183 242 ]
44: [ 8 30 46 51 85 91 115 174 181 183 228 ]
45: [ 11 30 31 60 115 123 140 143 149 155 169 179 191 201 204 243 ]
46: [ 15 44 52 57 63 64 70 87 101 114 119 140 180 194 198 201 207 211 229 234 238 ]
47: [ 2 12 20 27 52 98 99 120 123 138 140 175 189 195 225 233 236 ]
48: [ 14 59 62 64 71 72 80 110 112 114 123 145 161 173 176 180 232 245 ]
49: [ 15 36 64 68 78 81 93 122 135 148 150 156 182 192 203 208 230 238 244 ]
50: [ 4 9 19 23 103 107 111 144 149 150 160 173 175 194 234 ]
51: [ 11 16 44 58 80 102 106 163 164 175 178 192 217 ]
52: [ 4 18 28 46 47 104 111 129 132 137 151 160 166 167 186 219 222 239 ]
53: [ 1 7 8 17 21 23 27 37 97 98 100 108 111 134 154 167 177 191 196 209 226 227 242 244 250 ]
54: [ 1 13 63 87 91 118 135 143 159 166 208 232 ]
55: [ 10 70 73 95 127 155 208 ]
56: [ 11 31 57 112 141 177 191 215 ]
57: [ 30 33 35 46 56 71 74 76 93 95 121 142 165 176 196 229 231 233 ]
58: [ 28 51 80 83 89 109 122 129 137 156 178 181 184 190 195 199 207 221 ]
59: [ 19 36 48 65 83 91 110 142 176 197 ]
60: [ 8 45 73 83 96 119 149 154 170 187 189 207 212 221 230 232 242 ]
61: [ 20 27 29 33 87 228 240 247 ]
62: [ 48 92 116 127 152 163 171 181 214 245 ]
63: [ 5 18 31 46 54 85 87 122 127 130 138 140 164 167 173 183 215 221 229 ]
64: [ 46 48 49 71 90 98 103 106 172 175 186 195 212 222 ]
65: [ 1 16 20 34 59 77 80 91 96 102 147 150 159 177 178 179 227 238 240 242 ]
66: [ 4 6 73 78 86 100 153 166 ]
67: [ 19 76 90 111 122 145 153 173 198 217 225 240 242 ]
68: [ 49 100 103 109 131 145 168 174 175 223 ]
69: [ 23 25 73 85 179 180 190 223 ]
70: [ 43 46 55 73 89 100 108 115 126 138 180 188 195 234 239 249 ]
71: [ 6 18 19 23 27 35 48 57 64 91 106 110 117 136 172 179 203 224 239 ]
72: [ 5 6 48 110 111 121 127 146 149 202 211 214 ]
73: [ 6 18 55 60 66 69 70 100 101 106 111 115 120 146 151 152 158 193 218 226 249 ]
74: [ 29 40 41 57 91 104 134 142 157 202 207 221 ]
75: [ 13 18 27 34 91 99 121 130 189 195 208 215 219 237 239 247 ]
76: [ 6 28 34 42 57 67 142 155 158 167 172 173 174 183 204 ]
77: [ 13 17 33 42 65 80 87 93 103 104 113 117 121 124 149 205 ]
78: [ 8 16 18 20 21 22 33 39 49 66 79 123 153 171 175 178 180 211 241 ]
79: [ 13 16 39 78 83 112 113 114 119 128 162 187 189 192 201 202 207 211 231 232 ]
80: [ 1 48 51 58 65 77 82 83 90 107 178 207 221 231 237 ]
81: [ 25 49 82 108 111 113 131 149 154 188 192 198 215 233 ]
82: [ 12 80 81 106 133 145 146 192 220 222 225 ]
83: [ 8 20 21 35 37 38 41 58 59 60 79 80 88 101 121 127 129 141 142 145 166 188 189 242 250 ]
84: [ 93 150 232 ]
85: [ 17 42 44 63 69 88 89 91 102 104 105 110 113 129 132 144 149 200 208 211 244 ]
86: [ 2 66 96 105 117 118 122 131 249 ]
87: [ 3 32 46 54 61 63 77 99 108 114 186 189 201 207 212 221 247 ]
88: [ 12 26 83 85 94 144 164 177 202 219 229 ]
89: [ 17 26 27 58 70 85 106 114 131 148 163 171 189 191 192 194 237 243 ]
90: [ 8 32 64 67 80 99 135 139 159 163 230 240 ]
91: [ 44 54 59 65 71 74 75 85 111 113 117 122 132 146 153 172 208 ]
92: [ 16 32 34 42 62 99 124 128 152 180 190 210 227 ]
93: [ 11 49 57 77 84 100 128 136 151 154 165 167 173 193 231 247 250 ]
94: [ 88 114 183 202 214 237 245 ]
95: [ 11 55 57 97 104 138 142 144 145 ]
96: [ 10 26 28 60 65 86 107 112 149 176 199 208 221 227 245 247 ]
97: [ 13 23 35 53 95 98 136 182 205 218 238 ]
98: [ 9 17 23 42 43 47 53 64 97 103 141 146 150 153 174 186 190 211 228 ]
99: [ 4 47 75 87 90 92 104 118 130 165 179 187 191 192 205 210 233 ]
100: [ 13 14 35 53 66 68 70 73 93 124 150 160 162 194 209 210 244 ]
101: [ 17 20 35 40 46 73 83 124 231 250 ]
102: [ 7 11 27 51 65 85 115 117 131 136 161 188 198 221 236 240 ]
103: [ 7 17 37 50 64 68 77 98 143 152 178 186 199 239 246 ]
104: [ 8 29 33 42 52 74 77 85 95 99 110 111 133 141 166 171 173 174 179 187 194 199 223 234 ]
105: [ 3 15 17 29 34 38 85 86 114 128 130 142 147 170 174 175 191 211 221 225 248 ]
106: [ 51 64 71 73 82 89 135 141 144 ]
107: [ 23 31 50 80 96 108 125 130 135 152 175 177 207 239 ]
108: [ 27 53 70 81 87 107 122 128 173 182 225 249 ]
109: [ 19 58 68 118 133 134 147 201 212 241 250 ]
110: [ 13 14 32 34 38 48 59 71 72 85 104 123 142 154 194 232 240 ]
111: [ 1 27 50 52 53 67 72 73 81 91 104 150 154 159 167 168 170 191 194 198 207 230 232 ]
112: [ 7 48 56 79 96 118 145 157 164 166 172 174 196 207 213 229 232 ]
113: [ 17 31 32 77 79 81 85 91 114 172 173 176 183 ]
114: [ 31 46 48 79 87 89 94 105 113 117 126 156 158 172 189 207 210 ]
115: [ 15 25 30 44 45 70 73 102 156 188 218 ]
116: [ 10 62 127 143 160 191 215 ]
117: [ 2 20 29 40 71 77 86 91 102 114 121 148 174 179 187 200 202 203 230 ]
118: [ 1 9 13 54 86 99 109 112 121 152 153 195 224 231 245 248 250 ]
119: [ 31 42 46 60 79 145 167 178 202 218 ]
120: [ 5 19 35 47 73 153 154 162 205 208 225 238 247 ]
121: [ 2 5 19 37 57 72 75 77 83 117 118 136 137 146 150 169 173 250 ]
122: [ 4 19 49 58 63 67 86 91 108 131 136 167 175 180 183 185 208 223 225 ]
123: [ 35 45 47 48 78 110 140 145 148 159 184 192 205 206 218 247 ]
124: [ 77 92 100 101 155 158 173 186 192 200 221 229 240 ]
125: [ 107 149 154 155 167 169 176 250 ]
126: [ 18 21 70 114 160 168 187 199 228 250 ]
127: [ 3 32 41 55 62 63 72 83 116 177 196 210 219 228 236 246 ]
128: [ 15 25 43 79 92 93 105 108 147 161 187 189 218 229 241 244 245 ]
129: [ 3 25 33 52 58 83 85 132 178 188 191 202 233 245 ]
130: [ 12 33 63 75 99 105 107 145 172 202 243 ]
131: [ 29 68 81 86 89 102 122 132 133 148 161 175 200 212 234 247 ]
132: [ 3 5 28 29 41 52 85 91 129 131 158 167 168 170 176 196 206 217 230 233 247 ]
133: [ 9 26 36 82 104 109 131 137 148 155 156 198 214 241 242 ]
134: [ 2 17 36 53 74 109 136 138 162 169 182 217 ]
135: [ 31 41 42 49 54 90 106 107 143 144 156 157 205 206 217 219 243 ]
136: [ 9 14 21 35 71 93 97 102 121 122 134 158 159 166 181 195 198 233 239 243 244 248 ]
137: [ 35 52 58 121 133 171 181 183 190 216 ]
138: [ 16 34 47 63 70 95 134 233 ]
139: [ 15 90 159 223 232 ]
140: [ 6 8 26 45 46 47 63 123 189 211 222 ]
141: [ 14 24 32 40 41 56 83 98 104 106 143 154 161 170 188 196 224 225 ]
142: [ 8 20 31 37 57 59 74 76 83 95 105 110 150 158 177 178 180 240 ]
143: [ 45 54 103 116 135 141 153 182 200 ]
144: [ 50 85 88 95 106 135 166 169 180 195 215 221 223 228 236 242 244 245 ]
145: [ 9 30 48 67 68 82 83 95 112 119 123 130 146 200 210 246 247 250 ]
146: [ 1 72 73 82 91 98 121 145 189 224 229 242 ]
147: [ 4 6 36 65 105 109 128 190 233 ]
148: [ 2 49 89 117 123 131 133 187 196 202 225 247 ]
149: [ 8 34 36 40 42 45 50 60 72 77 81 85 96 125 206 224 242 ]
150: [ 24 30 49 50 65 84 98 100 111 121 142 175 177 190 207 214 223 ]
151: [ 52 73 93 194 219 220 ]
152: [ 13 17 62 73 92 103 107 118 161 168 177 182 189 190 202 210 218 225 228 230 239 250 ]
153: [ 66 67 78 91 98 118 120 143 159 181 182 188 194 224 228 232 233 234 237 240 ]
154: [ 14 16 17 18 23 42 43 53 60 81 93 110 111 120 125 141 163 213 214 218 247 ]
155: [ 3 19 20 34 45 55 76 124 125 133 172 174 181 189 208 221 227 228 244 ]
156: [ 11 13 34 37 49 58 114 115 133 135 168 170 215 228 236 238 ]
157: [ 8 33 74 112 135 219 230 ]
158: [ 12 18 22 40 73 76 114 124 132 136 142 177 209 233 242 ]
159: [ 2 11 17 33 54 65 90 111 123 136 139 153 182 199 208 ]
160: [ 5 10 41 50 52 100 116 126 171 211 225 ]
161: [ 48 102 128 131 141 152 183 220 242 ]
162: [ 38 79 100 120 134 169 190 207 244 ]
163: [ 2 3 13 14 25 29 39 51 62 89 90 154 167 171 173 179 189 193 210 225 234 240 ]
164: [ 20 51 63 88 112 ]
165: [ 57 93 99 167 171 215 219 234 ]
166: [ 1 6 11 20 23 27 33 52 54 66 83 104 112 136 144 175 220 ]
167: [ 16 22 25 36 42 52 53 63 76 93 111 119 122 125 132 163 165 172 223 ]
168: [ 8 10 68 111 126 132 152 156 181 233 242 ]
169: [ 20 22 45 121 125 134 144 162 207 208 217 249 ]
170: [ 3 6 33 43 60 105 111 132 141 156 197 219 244 ]
171: [ 8 19 34 35 39 62 78 89 104 137 160 163 165 173 174 180 203 210 ]
172: [ 9 20 40 64 71 76 91 112 113 114 130 155 167 178 188 189 192 203 211 218 228 241 245 ]
173: [ 1 16 17 20 48 50 63 67 76 93 104 108 113 121 124 163 171 188 191 192 222 230 233 243 ]
174: [ 10 23 28 44 68 76 98 104 105 112 117 155 171 178 180 237 239 242 ]
175: [ 12 24 26 47 50 51 64 68 78 105 107 122 131 150 166 182 197 203 211 221 ]
176: [ 1 15 36 37 48 57 59 96 113 125 132 187 193 205 212 214 224 235 244 249 ]
177: [ 24 53 56 65 88 107 127 142 150 152 158 200 224 236 241 250 ]
178: [ 17 26 36 39 51 58 65 78 80 103 119 129 142 172 174 189 194 197 198 211 218 244 247 ]
179: [ 31 45 65 69 71 99 104 117 163 221 ]
180: [ 5 26 46 48 69 70 78 92 122 142 144 171 174 182 183 225 240 ]
181: [ 5 17 22 27 28 32 34 44 58 62 136 137 153 155 168 194 199 211 214 249 ]
182: [ 10 18 32 41 49 97 108 134 143 152 153 159 175 180 197 239 ]
183: [ 18 43 44 63 76 94 113 122 137 161 180 200 215 ]
184: [ 36 58 123 ]
185: [ 10 23 122 188 214 233 250 ]
186: [ 11 31 37 39 52 64 87 98 103 124 191 209 213 ]
187: [ 3 5 9 27 35 60 79 99 104 117 126 128 148 176 189 195 224 227 233 237 250 ]
188: [ 5 9 33 70 81 83 102 115 129 141 153 172 173 185 206 ]
189: [ 6 37 47 60 75 79 83 87 89 114 128 140 146 152 155 163 172 178 187 205 206 220 233 ]
190: [ 17 23 24 58 69 92 98 137 147 150 152 162 192 203 204 225 250 ]
191: [ 2 11 26 45 53 56 89 99 105 111 116 129 173 186 192 205 216 240 ]
192: [ 15 30 49 51 79 81 82 89 99 123 124 172 173 190 191 198 199 208 246 ]
193: [ 32 73 93 163 176 203 ]
194: [ 8 46 50 89 100 104 110 111 151 153 178 181 203 225 229 246 ]
195: [ 15 17 47 58 64 70 75 118 136 144 187 219 247 ]
196: [ 11 41 53 57 112 127 132 141 148 223 241 ]
197: [ 32 34 59 170 175 178 182 199 ]
198: [ 27 46 67 81 102 111 133 136 178 192 209 211 221 227 247 ]
199: [ 15 31 58 96 103 104 126 159 181 192 197 ]
200: [ 7 8 23 85 117 124 131 143 145 177 183 221 228 232 233 238 244 ]
201: [ 20 32 45 46 79 87 109 219 226 231 ]
202: [ 1 72 74 79 88 94 117 119 129 130 148 152 220 226 242 243 ]
203: [ 5 49 71 117 171 172 175 190 193 194 223 227 232 ]
204: [ 8 45 76 190 241 ]
205: [ 1 2 9 17 31 32 35 36 77 97 99 120 123 135 176 189 191 207 245 ]
206: [ 19 32 37 123 132 135 149 188 189 210 227 232 234 ]
207: [ 16 17 46 58 60 74 79 80 87 107 111 112 114 150 162 169 205 221 232 247 ]
208: [ 20 24 49 54 55 75 85 91 96 120 122 155 159 169 192 215 221 233 248 ]
209: [ 17 53 100 158 186 198 229 237 ]
210: [ 1 8 22 92 99 100 114 127 145 152 163 171 206 230 232 239 242 ]
211: [ 12 20 46 72 78 79 85 98 105 140 160 172 175 178 181 198 222 231 238 ]
212: [ 12 26 35 60 64 87 109 131 176 217 250 ]
213: [ 5 112 154 186 ]
214: [ 1 10 26 27 28 34 62 72 94 133 150 154 176 181 185 219 243 ]
215: [ 30 38 56 63 75 81 116 144 156 165 183 208 217 233 237 ]
216: [ 9 26 28 137 191 ]
217: [ 7 18 51 67 132 134 135 169 212 215 218 ]
218: [ 6 7 9 28 36 73 97 115 119 123 128 152 154 172 178 217 223 ]
219: [ 10 17 24 32 52 75 88 127 135 151 157 165 170 195 201 214 224 228 241 244 247 ]
220: [ 17 82 151 161 166 189 202 227 235 ]
221: [ 8 24 29 58 60 63 74 80 87 96 102 105 124 144 155 175 179 198 200 207 208 228 229 232 ]
222: [ 9 10 28 31 37 52 64 82 140 173 211 ]
223: [ 6 14 20 27 68 69 104 122 139 144 150 167 196 203 218 231 245 ]
224: [ 1 17 18 28 29 41 71 118 141 146 149 153 176 177 187 219 230 240 242 ]
225: [ 14 34 47 67 82 105 108 120 122 141 148 152 160 163 180 190 194 246 ]
226: [ 20 26 38 53 73 201 202 233 ]
227: [ 1 28 53 65 92 96 155 187 198 203 206 220 ]
228: [ 19 29 42 44 61 98 126 127 144 152 153 155 156 172 200 219 221 ]
229: [ 6 32 46 57 63 88 112 124 128 146 194 209 221 231 234 240 ]
230: [ 11 49 60 90 111 117 132 152 157 173 210 224 234 ]
231: [ 19 25 27 34 57 79 80 93 101 118 201 211 223 229 239 242 ]
232: [ 2 11 18 21 26 32 48 54 60 79 84 110 111 112 139 153 200 203 206 207 210 221 248 ]
233: [ 1 10 17 47 57 81 99 129 132 136 138 147 153 158 168 173 185 187 189 200 208 215 226 243 ]
234: [ 36 40 46 50 70 104 131 153 163 165 206 229 230 242 ]
235: [ 34 176 220 ]
236: [ 6 23 38 47 102 127 144 156 177 ]
237: [ 9 13 75 80 89 94 153 174 187 209 215 ]
238: [ 46 49 65 97 120 156 200 211 ]
239: [ 1 36 52 70 71 75 103 107 136 152 174 182 210 231 ]
240: [ 23 35 61 65 67 90 102 110 124 142 153 163 180 191 224 229 242 ]
241: [ 25 28 29 33 39 78 109 128 133 172 177 196 204 219 ]
242: [ 20 35 43 53 60 65 67 83 133 144 146 149 158 161 168 174 202 210 224 231 234 240 245 ]
243: [ 18 31 32 45 89 130 135 136 173 202 214 233 ]
244: [ 49 53 85 100 128 136 144 155 162 170 176 178 200 219 ]
245: [ 25 48 62 94 96 118 128 129 144 172 205 223 242 ]
246: [ 103 127 145 192 194 225 ]
247: [ 5 13 36 61 75 87 93 96 120 123 131 132 145 148 154 178 195 198 207 219 ]
248: [ 26 105 118 136 208 232 ]
249: [ 8 11 34 40 70 73 86 108 169 176 181 ]
250: [ 1 2 5 20 53 83 93 101 109 118 121 125 126 145 152 177 185 187 190 212 ]
