1: [ 12 32 50 74 94 101 118 166 170 184 193 198 222 ]
2: [ 14 48 50 52 68 82 91 96 101 132 134 145 150 179 181 190 204 211 220 246 247 248 ]
3: [ 9 19 35 99 107 120 126 142 153 237 ]
4: [ 33 41 42 43 59 61 90 110 134 160 172 186 188 203 205 ]
5: [ 14 34 47 74 79 80 82 119 134 174 199 208 225 237 240 ]
6: [ 21 22 41 42 51 88 135 163 188 218 219 222 225 228 235 239 242 ]
7: [ 23 43 45 75 101 104 134 145 146 183 196 229 ]
8: [ 19 21 22 28 32 88 133 141 143 190 209 242 ]
9: [ 3 15 25 26 27 39 43 62 72 75 84 92 106 107 117 126 127 137 145 158 189 192 212 217 221 246 ]
10: [ 15 20 23 74 121 126 129 156 160 176 179 184 216 224 ]
11: [ 50 52 73 80 81 88 136 154 175 184 194 195 205 206 ]
12: [ 1 33 47 52 83 90 91 115 116 122 157 168 240 ]
13: [ 17 74 79 98 116 133 144 162 167 175 200 209 225 250 ]
14: [ 2 5 60 84 121 125 143 146 190 196 209 ]
15: [ 9 10 20 41 51 52 62 67 75 88 89 90 98 101 104 105 122 130 137 188 197 204 224 229 240 249 ]
16: [ 40 44 50 57 76 85 88 94 120 133 137 140 182 204 232 240 ]
17: [ 13 24 29 93 130 148 153 159 164 173 ]
18: [ 34 95 107 108 130 133 138 170 180 182 184 218 229 235 ]
19: [ 3 8 60 113 119 123 136 137 141 142 145 152 166 174 187 195 207 215 235 250 ]
20: [ 10 15 34 39 42 51 56 70 71 77 82 99 131 140 155 157 168 177 200 223 226 232 237 246 ]
21: [ 6 8 27 139 166 170 175 176 193 214 225 ]
22: [ 6 8 47 60 63 74 80 94 115 127 130 137 174 208 211 ]
23: [ 7 10 47 57 76 98 134 136 140 147 161 200 239 247 ]
24: [ 17 36 38 59 63 79 106 130 132 136 156 158 201 202 204 224 229 232 242 ]
25: [ 9 27 33 81 85 100 141 142 146 157 187 210 212 220 225 ]
26: [ 9 48 57 89 124 145 159 160 161 168 170 175 237 ]
27: [ 9 21 25 37 42 49 67 80 117 143 151 159 165 179 213 ]
28: [ 8 84 117 128 157 158 165 166 202 207 211 237 242 ]
29: [ 17 39 54 69 71 73 91 167 192 201 225 ]
30: [ 33 79 121 145 152 157 208 210 211 230 232 249 ]
31: [ 40 61 89 107 133 134 136 158 186 213 215 221 ]
32: [ 1 8 42 70 72 93 119 161 185 235 245 ]
33: [ 4 12 25 30 36 51 66 67 70 82 83 88 102 112 126 139 144 148 194 221 232 ]
34: [ 5 18 20 127 167 169 222 ]
35: [ 3 40 77 85 87 92 97 117 125 136 141 143 158 190 205 208 213 245 ]
36: [ 24 33 94 115 125 131 162 179 180 208 209 224 234 238 ]
37: [ 27 101 108 112 140 146 161 165 180 181 188 204 222 235 238 245 247 250 ]
38: [ 24 43 51 52 54 59 121 127 133 149 158 166 171 173 176 177 188 194 196 220 ]
39: [ 9 20 29 71 126 151 166 172 178 220 234 240 ]
40: [ 16 31 35 47 57 66 97 111 113 117 134 135 140 181 211 218 226 ]
41: [ 4 6 15 44 45 55 63 85 99 104 110 129 141 144 164 193 200 220 225 242 243 ]
42: [ 4 6 20 27 32 50 74 76 81 143 168 188 192 206 213 242 249 250 ]
43: [ 4 7 9 38 50 81 88 100 108 113 133 139 142 144 172 206 217 222 ]
44: [ 16 41 59 82 84 87 89 114 121 131 134 136 141 149 163 165 173 192 196 220 223 226 231 ]
45: [ 7 41 51 57 75 78 109 124 161 185 187 206 216 228 237 ]
46: [ 51 74 85 102 103 112 169 222 228 ]
47: [ 5 12 22 23 40 69 99 117 118 124 153 178 192 223 231 233 241 ]
48: [ 2 26 64 89 103 125 134 158 171 173 201 218 223 228 237 239 ]
49: [ 27 59 77 91 98 101 141 163 225 235 ]
50: [ 1 2 11 16 42 43 76 88 93 129 130 133 143 147 163 184 195 207 211 213 216 220 233 ]
51: [ 6 15 20 33 38 45 46 54 62 71 76 98 110 119 140 169 198 214 218 220 246 ]
52: [ 2 11 12 15 38 115 182 247 ]
53: [ 56 69 88 109 139 155 218 ]
54: [ 29 38 51 80 87 113 121 156 166 190 224 ]
55: [ 41 72 85 86 89 90 93 114 150 156 157 170 174 184 185 190 201 206 210 228 241 244 ]
56: [ 20 53 64 74 76 110 120 133 136 137 150 153 157 177 201 205 209 ]
57: [ 16 23 26 40 45 80 92 115 135 146 174 175 204 237 242 245 ]
58: [ 107 122 136 139 142 148 ]
59: [ 4 24 38 44 49 81 84 90 91 119 121 146 212 ]
60: [ 14 19 22 80 117 125 139 166 170 171 206 225 ]
61: [ 4 31 105 131 174 202 ]
62: [ 9 15 51 90 117 120 151 153 162 184 194 197 206 208 220 ]
63: [ 22 24 41 68 74 161 ]
64: [ 48 56 65 80 91 107 115 116 125 149 150 160 161 167 182 219 ]
65: [ 64 82 104 119 126 137 142 161 228 230 ]
66: [ 33 40 114 150 185 192 213 216 ]
67: [ 15 27 33 82 102 139 141 142 143 174 214 240 ]
68: [ 2 63 71 75 144 158 177 185 ]
69: [ 29 47 53 109 146 147 187 239 244 249 ]
70: [ 20 32 33 132 166 193 211 219 220 240 ]
71: [ 20 29 39 51 68 76 94 106 113 119 131 133 134 155 191 192 198 230 240 246 ]
72: [ 9 32 55 83 87 97 108 140 144 151 154 168 176 207 228 248 ]
73: [ 11 29 125 171 190 197 215 225 240 ]
74: [ 1 5 10 13 22 42 46 56 63 100 130 138 164 168 187 198 200 206 207 217 225 240 242 ]
75: [ 7 9 15 45 68 82 97 116 131 163 174 194 201 202 206 215 217 218 220 225 235 247 ]
76: [ 16 23 42 50 51 56 71 79 82 89 112 122 135 170 209 224 247 248 ]
77: [ 20 35 49 87 91 ]
78: [ 45 100 159 176 180 ]
79: [ 5 13 24 30 76 99 119 125 128 130 132 144 153 165 224 228 250 ]
80: [ 5 11 22 27 54 57 60 64 96 98 108 115 149 183 185 190 208 213 214 216 224 228 ]
81: [ 11 25 42 43 59 83 85 108 109 121 125 133 138 139 181 198 214 220 ]
82: [ 2 5 20 33 44 65 67 75 76 98 121 144 154 169 174 198 207 240 ]
83: [ 12 33 72 81 122 165 171 184 202 234 249 ]
84: [ 9 14 28 44 59 108 117 118 143 179 210 212 219 227 241 247 ]
85: [ 16 25 35 41 46 55 81 95 100 180 183 184 205 241 244 ]
86: [ 55 119 202 223 224 244 ]
87: [ 35 44 54 72 77 94 109 120 134 172 175 176 198 200 205 239 241 ]
88: [ 6 8 11 15 16 33 43 50 53 89 96 109 123 125 137 146 151 156 179 185 197 200 207 220 222 223 230 ]
89: [ 15 26 31 44 48 55 76 88 91 92 97 110 117 118 130 135 139 142 144 158 162 166 179 183 187 248 ]
90: [ 4 12 15 55 59 62 93 97 98 101 127 138 172 174 203 210 214 220 ]
91: [ 2 12 29 49 59 64 77 89 124 125 132 134 136 148 153 155 159 169 190 230 236 240 ]
92: [ 9 35 57 89 96 99 106 128 176 187 194 218 231 ]
93: [ 17 32 50 55 90 125 179 187 197 201 235 242 ]
94: [ 1 16 22 36 71 87 101 110 117 144 145 165 166 175 176 184 201 209 240 249 ]
95: [ 18 85 99 106 132 143 146 161 174 235 244 ]
96: [ 2 80 88 92 216 ]
97: [ 35 40 72 75 89 90 146 176 203 213 215 223 ]
98: [ 13 15 23 49 51 80 82 90 120 127 133 135 160 173 232 241 ]
99: [ 3 20 41 47 79 92 95 157 ]
100: [ 25 43 74 78 85 113 134 147 150 167 200 216 241 243 ]
101: [ 1 2 7 15 37 49 90 94 112 146 147 172 181 182 187 196 198 221 231 ]
102: [ 33 46 67 105 127 136 146 148 154 162 179 193 208 242 245 ]
103: [ 46 48 136 139 141 156 158 169 194 204 209 225 231 235 237 243 ]
104: [ 7 15 41 65 150 156 157 168 184 193 194 ]
105: [ 15 61 102 155 156 159 203 ]
106: [ 9 24 71 92 95 124 191 215 217 222 225 227 ]
107: [ 3 9 18 31 58 64 112 119 133 139 146 150 183 200 240 ]
108: [ 18 37 43 72 80 81 84 157 205 226 236 ]
109: [ 45 53 69 81 87 88 115 127 129 137 143 216 237 250 ]
110: [ 4 41 51 56 89 94 149 157 170 191 201 213 236 241 249 ]
111: [ 40 165 ]
112: [ 33 37 46 76 101 107 114 144 146 167 176 197 202 238 ]
113: [ 19 40 43 54 71 100 139 144 149 151 182 200 ]
114: [ 44 55 66 112 141 147 148 161 170 203 229 245 ]
115: [ 12 22 36 52 57 64 80 109 121 140 142 146 232 ]
116: [ 12 13 64 75 148 183 190 205 229 ]
117: [ 9 27 28 35 40 47 60 62 84 89 94 119 121 166 168 173 180 181 197 205 207 235 241 244 248 ]
118: [ 1 47 84 89 148 157 165 174 211 224 228 237 245 ]
119: [ 5 19 32 51 59 65 71 79 86 107 117 126 139 156 165 173 184 198 ]
120: [ 3 16 56 62 87 98 146 166 174 176 185 201 203 205 211 223 ]
121: [ 10 14 30 38 44 54 59 81 82 115 117 127 132 143 144 147 166 192 198 220 224 236 ]
122: [ 12 15 58 76 83 124 136 141 151 157 176 178 193 202 210 225 242 ]
123: [ 19 88 130 166 198 234 ]
124: [ 26 45 47 91 106 122 171 207 ]
125: [ 14 35 36 48 60 64 73 79 81 88 91 93 140 169 172 213 234 246 247 ]
126: [ 3 9 10 33 39 65 119 130 183 190 199 200 205 250 ]
127: [ 9 22 34 38 90 98 102 109 121 130 164 191 192 206 ]
128: [ 28 79 92 149 157 169 171 180 184 214 ]
129: [ 10 41 50 109 154 164 169 249 ]
130: [ 15 17 18 22 24 50 74 79 89 123 126 127 156 171 175 182 193 215 224 234 237 239 ]
131: [ 20 36 44 61 71 75 147 169 179 207 237 246 247 ]
132: [ 2 24 70 79 91 95 121 134 151 238 249 ]
133: [ 8 13 16 18 31 38 43 50 56 71 81 98 107 138 140 176 205 224 235 238 246 249 ]
134: [ 2 4 5 7 23 31 40 44 48 71 87 91 100 132 146 170 176 199 201 209 212 217 228 247 ]
135: [ 6 40 57 76 89 98 136 140 142 160 161 201 237 238 ]
136: [ 11 19 23 24 31 35 44 56 58 91 102 103 122 135 144 165 169 184 216 ]
137: [ 9 15 16 19 22 56 65 88 109 146 152 159 168 199 201 218 224 246 247 ]
138: [ 18 74 81 90 133 166 180 196 197 245 248 ]
139: [ 21 33 43 53 58 60 67 81 89 103 107 113 119 148 150 165 185 213 215 ]
140: [ 16 20 23 37 40 51 72 115 125 133 135 146 154 185 196 207 229 246 ]
141: [ 8 19 25 35 41 44 49 67 103 114 122 156 159 199 206 207 225 249 ]
142: [ 3 19 25 43 58 65 67 89 115 135 152 160 164 167 179 211 242 246 ]
143: [ 8 14 27 35 42 50 67 84 95 109 121 145 156 157 184 212 216 ]
144: [ 13 33 41 43 68 72 79 82 89 94 112 113 121 136 163 182 198 242 ]
145: [ 2 7 9 19 26 30 94 143 158 183 185 190 191 204 206 238 ]
146: [ 7 14 25 37 57 59 69 88 95 97 101 102 107 112 115 120 134 137 140 152 161 174 202 212 239 243 ]
147: [ 23 50 69 100 101 114 121 131 150 151 165 171 228 245 ]
148: [ 17 33 58 91 102 114 116 118 139 180 186 192 198 199 200 229 231 ]
149: [ 38 44 64 80 110 113 128 177 198 206 ]
150: [ 2 55 56 64 66 100 104 107 139 147 156 173 239 ]
151: [ 27 39 62 72 88 113 122 132 147 158 168 172 173 175 196 220 ]
152: [ 19 30 137 142 146 169 177 184 209 216 223 234 239 ]
153: [ 3 17 47 56 62 79 91 156 174 179 183 198 210 219 230 237 ]
154: [ 11 72 82 102 129 140 159 176 177 189 198 203 217 ]
155: [ 20 53 71 91 105 165 183 196 197 208 218 225 ]
156: [ 10 24 54 55 88 103 104 105 119 130 141 143 150 153 168 180 181 193 230 235 ]
157: [ 12 20 25 28 30 55 56 99 104 108 110 118 122 128 143 164 176 189 191 192 203 230 231 ]
158: [ 9 24 28 31 35 38 48 68 89 103 145 151 169 172 175 187 206 218 220 241 ]
159: [ 17 26 27 78 91 105 137 141 154 172 174 177 180 188 216 219 224 230 231 235 ]
160: [ 4 10 26 64 98 135 142 187 191 197 200 225 248 ]
161: [ 23 26 32 37 45 63 64 65 95 114 135 146 169 193 217 222 237 238 ]
162: [ 13 36 62 89 102 177 179 208 232 243 245 ]
163: [ 6 44 49 50 75 144 185 228 ]
164: [ 17 41 74 127 129 142 157 173 185 189 190 209 218 ]
165: [ 27 28 37 44 79 83 94 111 118 119 136 139 147 155 177 178 183 196 207 220 226 245 ]
166: [ 1 19 21 28 38 39 54 60 70 89 94 117 120 121 123 138 169 175 200 205 209 243 ]
167: [ 13 29 34 64 100 112 142 194 209 232 242 ]
168: [ 12 20 26 42 72 74 104 117 137 151 156 217 228 ]
169: [ 34 46 51 82 91 103 125 128 129 131 136 152 158 161 166 175 179 194 197 214 227 240 ]
170: [ 1 18 21 26 55 60 76 110 114 134 180 193 209 ]
171: [ 38 48 60 73 83 124 128 130 147 201 203 216 ]
172: [ 4 39 43 87 90 101 125 151 158 159 176 194 208 ]
173: [ 17 38 44 48 98 117 119 150 151 164 174 180 188 191 194 198 213 218 228 229 238 239 ]
174: [ 5 19 22 55 57 61 67 75 82 90 95 118 120 146 153 159 173 232 240 248 ]
175: [ 11 13 21 26 57 87 94 130 151 158 166 169 180 185 193 196 212 227 234 ]
176: [ 10 21 38 72 78 87 92 94 97 112 120 122 133 134 154 157 172 201 204 227 237 245 ]
177: [ 20 38 56 68 149 152 154 159 162 165 179 206 232 233 242 ]
178: [ 39 47 122 165 ]
179: [ 2 10 27 36 84 88 89 93 102 131 142 153 162 169 177 202 222 230 ]
180: [ 18 36 37 78 85 117 128 138 148 156 159 170 173 175 183 198 214 224 229 235 241 ]
181: [ 2 37 40 81 101 117 156 190 206 208 ]
182: [ 16 18 52 64 101 113 130 144 ]
183: [ 7 80 85 89 107 116 126 145 153 155 165 180 185 192 198 201 204 207 213 240 247 ]
184: [ 1 10 11 18 50 55 62 83 85 94 104 119 128 136 143 152 192 203 221 242 ]
185: [ 32 45 55 66 68 80 88 120 139 140 145 163 164 175 183 222 ]
186: [ 4 31 148 232 ]
187: [ 19 25 45 69 74 89 92 93 101 158 160 218 ]
188: [ 4 6 15 37 38 42 159 173 196 199 203 232 247 ]
189: [ 9 154 157 164 222 234 248 ]
190: [ 2 8 14 35 54 55 73 80 91 116 126 145 164 181 214 226 232 ]
191: [ 71 106 110 127 145 157 160 173 196 237 ]
192: [ 9 29 42 44 47 66 71 121 127 148 157 183 184 201 207 225 240 ]
193: [ 1 21 41 70 102 104 122 130 156 161 170 175 200 203 224 ]
194: [ 11 33 38 62 75 92 103 104 167 169 172 173 206 214 228 230 248 ]
195: [ 11 19 50 203 210 227 ]
196: [ 7 14 38 44 101 138 140 151 155 165 175 188 191 205 209 244 245 250 ]
197: [ 15 62 73 88 93 112 117 138 155 160 169 203 216 234 239 241 ]
198: [ 1 51 71 74 81 82 87 101 119 121 123 144 148 149 153 154 173 180 183 205 209 225 232 242 248 ]
199: [ 5 126 134 137 141 148 188 224 ]
200: [ 13 20 23 41 74 87 88 100 107 113 126 148 160 166 193 206 211 214 223 233 ]
201: [ 24 29 48 55 56 75 93 94 110 120 134 135 137 171 176 183 192 206 238 240 ]
202: [ 24 28 61 75 83 86 112 122 146 179 ]
203: [ 4 90 97 105 114 120 154 157 171 184 188 193 195 197 ]
204: [ 2 15 16 24 37 57 103 145 176 183 215 217 228 ]
205: [ 4 11 35 56 85 87 108 116 117 120 126 133 166 196 198 224 242 ]
206: [ 11 42 43 45 55 60 62 74 75 127 141 145 149 158 177 181 194 200 201 232 ]
207: [ 19 28 50 72 74 82 88 117 124 131 140 141 165 183 192 224 231 246 250 ]
208: [ 5 22 30 35 36 62 80 102 155 162 172 181 218 220 230 236 ]
209: [ 8 13 14 36 56 76 94 103 134 152 164 166 167 170 196 198 220 222 236 ]
210: [ 25 30 55 84 90 122 153 195 224 227 ]
211: [ 2 22 28 30 40 50 70 118 120 142 200 214 249 ]
212: [ 9 25 59 84 134 143 146 175 225 248 250 ]
213: [ 27 31 35 42 50 66 80 97 110 125 139 173 183 ]
214: [ 21 51 67 80 81 90 128 169 180 190 194 200 211 222 229 232 242 249 ]
215: [ 19 31 73 75 97 106 130 139 204 ]
216: [ 10 45 50 66 80 96 100 109 136 143 152 159 171 197 242 249 ]
217: [ 9 43 74 75 106 134 154 161 168 204 220 245 ]
218: [ 6 18 40 48 51 53 75 92 137 155 158 164 173 187 208 ]
219: [ 6 64 70 84 153 159 250 ]
220: [ 2 25 38 39 41 44 50 51 62 70 75 81 88 90 121 151 158 165 208 209 217 227 228 230 ]
221: [ 9 31 33 101 184 ]
222: [ 1 6 34 37 43 46 88 106 161 179 185 189 209 214 245 ]
223: [ 20 44 47 48 86 88 97 120 152 200 229 ]
224: [ 10 15 24 36 54 76 79 80 86 118 121 130 133 137 159 180 193 199 205 207 210 245 ]
225: [ 5 6 13 21 25 29 41 49 60 73 74 75 103 106 122 141 155 160 192 198 212 227 229 246 ]
226: [ 20 40 44 108 165 190 239 ]
227: [ 84 106 169 175 176 195 210 220 225 ]
228: [ 6 45 46 48 55 65 72 79 80 118 134 147 163 168 173 194 204 220 ]
229: [ 7 15 18 24 114 116 140 148 173 180 214 223 225 241 ]
230: [ 30 65 71 88 91 153 156 157 159 179 194 208 220 239 240 ]
231: [ 44 47 92 101 103 148 157 159 207 244 245 ]
232: [ 16 20 24 30 33 98 115 162 167 174 177 186 188 190 198 206 214 ]
233: [ 47 50 177 200 242 ]
234: [ 36 39 83 123 125 130 152 175 189 197 ]
235: [ 6 18 19 32 37 49 75 93 95 103 117 133 156 159 180 245 ]
236: [ 91 108 110 121 208 209 ]
237: [ 3 5 20 26 28 45 48 57 103 109 118 130 131 135 153 161 176 191 239 241 245 249 ]
238: [ 36 37 112 132 133 135 145 161 173 201 240 242 ]
239: [ 6 23 48 69 87 130 146 150 152 173 197 226 230 237 248 ]
240: [ 5 12 15 16 39 67 70 71 73 74 82 91 94 107 169 174 183 192 201 230 238 249 ]
241: [ 47 55 84 85 87 98 100 110 117 158 180 197 229 237 ]
242: [ 6 8 24 28 41 42 57 74 93 102 122 142 144 167 177 184 198 205 214 216 233 238 ]
243: [ 41 100 103 146 162 166 249 ]
244: [ 55 69 85 86 95 117 196 231 248 ]
245: [ 32 35 37 57 102 114 118 138 147 162 165 176 196 217 222 224 231 235 237 ]
246: [ 2 9 20 51 71 125 131 133 137 140 142 207 225 247 ]
247: [ 2 23 37 52 75 76 84 125 131 134 137 183 188 246 ]
248: [ 2 72 76 89 117 138 160 174 189 194 198 212 239 244 ]
249: [ 15 30 42 69 83 94 110 129 132 133 141 211 214 216 237 240 243 ]
250: [ 13 19 37 42 79 109 126 196 207 212 219 ]
