1: [ 7 8 19 22 23 24 32 33 38 47 49 ]
2: [ 4 25 31 35 36 47 ]
3: [ 5 37 40 43 46 47 48 ]
4: [ 2 17 21 23 26 27 38 40 42 47 50 ]
5: [ 3 14 16 22 32 36 43 48 ]
6: [ 15 32 42 ]
7: [ 1 14 23 40 ]
8: [ 1 12 19 32 37 ]
9: [ 11 34 36 ]
10: [ 34 35 ]
11: [ 9 15 34 44 ]
12: [ 8 15 36 45 ]
13: [ 18 24 26 35 44 46 48 ]
14: [ 5 7 15 49 ]
15: [ 6 11 12 14 24 ]
16: [ 5 21 23 25 39 44 ]
17: [ 4 26 43 45 ]
18: [ 13 24 39 48 ]
19: [ 1 8 27 36 42 47 ]
20: [ 21 28 38 ]
21: [ 4 16 20 41 47 ]
22: [ 1 5 26 36 50 ]
23: [ 1 4 7 16 24 49 ]
24: [ 1 13 15 18 23 26 33 39 42 ]
25: [ 2 16 27 32 47 50 ]
26: [ 4 13 17 22 24 39 40 44 47 ]
27: [ 4 19 25 30 37 48 ]
28: [ 20 34 35 41 43 44 ]
29: [ ]
30: [ 27 31 42 ]
31: [ 2 30 42 47 50 ]
32: [ 1 5 6 8 25 37 41 48 ]
33: [ 1 24 35 40 ]
34: [ 9 10 11 28 42 ]
35: [ 2 10 13 28 33 45 48 ]
36: [ 2 5 9 12 19 22 ]
37: [ 3 8 27 32 50 ]
38: [ 1 4 20 39 ]
39: [ 16 18 24 26 38 43 ]
40: [ 3 4 7 26 33 ]
41: [ 21 28 32 42 46 ]
42: [ 4 6 19 24 30 31 34 41 ]
43: [ 3 5 17 28 39 48 50 ]
44: [ 11 13 16 26 28 47 ]
45: [ 12 17 35 49 ]
46: [ 3 13 41 49 ]
47: [ 1 2 3 4 19 21 25 26 31 44 48 ]
48: [ 3 5 13 18 27 32 35 43 47 ]
49: [ 1 14 23 45 46 ]
50: [ 4 22 25 31 37 43 ]
