1: [ 7 11 20 25 32 40 48 ]
2: [ 7 14 17 27 32 47 ]
3: [ 11 19 27 30 35 37 39 ]
4: [ 30 35 37 ]
5: [ 11 14 15 24 37 43 44 ]
6: [ 10 14 19 47 ]
7: [ 1 2 11 37 42 ]
8: [ 23 28 41 44 45 48 49 ]
9: [ 15 34 36 41 44 ]
10: [ 6 26 47 50 ]
11: [ 1 3 5 7 16 17 19 38 47 48 49 ]
12: [ 20 32 37 42 ]
13: [ 17 23 28 32 ]
14: [ 2 5 6 15 27 29 37 38 47 ]
15: [ 5 9 14 36 38 42 ]
16: [ 11 18 31 33 37 47 50 ]
17: [ 2 11 13 18 28 36 38 50 ]
18: [ 16 17 39 40 49 ]
19: [ 3 6 11 40 ]
20: [ 1 12 26 34 47 ]
21: [ 34 44 47 49 50 ]
22: [ ]
23: [ 8 13 25 31 ]
24: [ 5 28 48 ]
25: [ 1 23 28 ]
26: [ 10 20 39 45 ]
27: [ 2 3 14 43 ]
28: [ 8 13 17 24 25 29 43 46 49 ]
29: [ 14 28 31 32 ]
30: [ 3 4 43 45 ]
31: [ 16 23 29 49 ]
32: [ 1 2 12 13 29 42 50 ]
33: [ 16 43 ]
34: [ 9 20 21 36 39 ]
35: [ 3 4 45 49 ]
36: [ 9 15 17 34 40 ]
37: [ 3 4 5 7 12 14 16 38 44 ]
38: [ 11 14 15 17 37 44 ]
39: [ 3 18 26 34 41 44 ]
40: [ 1 18 19 36 41 ]
41: [ 8 9 39 40 49 ]
42: [ 7 12 15 32 47 50 ]
43: [ 5 27 28 30 33 49 ]
44: [ 5 8 9 21 37 38 39 47 ]
45: [ 8 26 30 35 ]
46: [ 28 ]
47: [ 2 6 10 11 14 16 20 21 42 44 49 ]
48: [ 1 8 11 24 ]
49: [ 8 11 18 21 28 31 35 41 43 47 ]
50: [ 10 16 17 21 32 42 ]
