1: [ 10 15 46 ]
2: [ 4 5 11 16 20 21 38 ]
3: [ 32 40 ]
4: [ 2 7 8 22 28 ]
5: [ 2 8 13 17 37 47 ]
6: [ 12 15 20 21 23 46 48 ]
7: [ 4 12 28 30 ]
8: [ 4 5 32 ]
9: [ 15 18 24 46 48 ]
10: [ 1 31 ]
11: [ 2 20 23 39 45 ]
12: [ 6 7 18 25 32 34 49 ]
13: [ 5 16 24 35 41 43 49 ]
14: [ 26 41 ]
15: [ 1 6 9 ]
16: [ 2 13 42 ]
17: [ 5 42 47 ]
18: [ 9 12 23 27 34 36 ]
19: [ 23 ]
20: [ 2 6 11 41 42 ]
21: [ 2 6 39 ]
22: [ 4 23 30 41 ]
23: [ 6 11 18 19 22 28 34 ]
24: [ 9 13 27 29 34 38 41 49 ]
25: [ 12 36 40 ]
26: [ 14 27 29 30 36 46 ]
27: [ 18 24 26 29 42 44 47 ]
28: [ 4 7 23 29 42 44 46 50 ]
29: [ 24 26 27 28 41 43 46 ]
30: [ 7 22 26 44 45 ]
31: [ 10 33 41 47 50 ]
32: [ 3 8 12 44 45 ]
33: [ 31 35 38 40 45 ]
34: [ 12 18 23 24 38 40 ]
35: [ 13 33 ]
36: [ 18 25 26 ]
37: [ 5 42 ]
38: [ 2 24 33 34 48 ]
39: [ 11 21 42 43 ]
40: [ 3 25 33 34 ]
41: [ 13 14 20 22 24 29 31 45 ]
42: [ 16 17 20 27 28 37 39 45 ]
43: [ 13 29 39 44 45 46 50 ]
44: [ 27 28 30 32 43 ]
45: [ 11 30 32 33 41 42 43 48 49 ]
46: [ 1 6 9 26 28 29 43 49 ]
47: [ 5 17 27 31 49 ]
48: [ 6 9 38 45 49 ]
49: [ 12 13 24 45 46 47 48 ]
50: [ 28 31 43 ]
