1: [ 15 33 45 ]
2: [ 11 15 17 39 40 ]
3: [ 4 5 10 12 40 41 47 48 ]
4: [ 3 10 27 ]
5: [ 3 7 10 17 40 42 ]
6: [ 18 39 48 49 ]
7: [ 5 15 36 ]
8: [ 15 ]
9: [ 17 26 34 41 ]
10: [ 3 4 5 12 21 24 31 39 43 ]
11: [ 2 26 35 43 ]
12: [ 3 10 18 19 37 38 47 ]
13: [ 20 39 42 ]
14: [ 19 24 32 39 43 ]
15: [ 1 2 7 8 16 17 22 29 45 47 ]
16: [ 15 23 39 ]
17: [ 2 5 9 15 19 23 28 29 39 47 ]
18: [ 6 12 31 ]
19: [ 12 14 17 22 23 34 49 ]
20: [ 13 25 46 ]
21: [ 10 28 38 45 50 ]
22: [ 15 19 31 40 ]
23: [ 16 17 19 25 26 43 47 ]
24: [ 10 14 31 38 44 ]
25: [ 20 23 30 32 37 43 48 ]
26: [ 9 11 23 36 ]
27: [ 4 49 ]
28: [ 17 21 50 ]
29: [ 15 17 39 41 50 ]
30: [ 25 39 ]
31: [ 10 18 22 24 33 44 48 ]
32: [ 14 25 37 38 47 48 50 ]
33: [ 1 31 41 46 47 ]
34: [ 9 19 43 ]
35: [ 11 45 ]
36: [ 7 26 37 ]
37: [ 12 25 32 36 39 42 45 50 ]
38: [ 12 21 24 32 40 46 ]
39: [ 2 6 10 13 14 16 17 29 30 37 ]
40: [ 2 3 5 22 38 42 ]
41: [ 3 9 29 33 49 ]
42: [ 5 13 37 40 ]
43: [ 10 11 14 23 25 34 ]
44: [ 24 31 ]
45: [ 1 15 21 35 37 ]
46: [ 20 33 38 50 ]
47: [ 3 12 15 17 23 32 33 48 50 ]
48: [ 3 6 25 31 32 47 ]
49: [ 6 19 27 41 ]
50: [ 21 28 29 32 37 46 47 ]
