1: [ 2 20 28 30 31 35 ]
2: [ 1 7 16 17 ]
3: [ 15 16 20 39 ]
4: [ 5 6 7 10 19 33 34 39 ]
5: [ 4 29 49 ]
6: [ 4 20 25 27 ]
7: [ 2 4 10 28 40 41 46 ]
8: [ 10 32 37 40 50 ]
9: [ 13 38 44 ]
10: [ 4 7 8 24 30 33 40 46 49 ]
11: [ 28 41 49 ]
12: [ 28 35 48 ]
13: [ 9 28 41 ]
14: [ 16 25 45 ]
15: [ 3 33 ]
16: [ 2 3 14 38 40 ]
17: [ 2 27 30 33 37 41 ]
18: [ 25 39 42 ]
19: [ 4 30 33 ]
20: [ 1 3 6 22 25 36 40 43 ]
21: [ ]
22: [ 20 28 ]
23: [ 24 48 ]
24: [ 10 23 32 37 39 49 ]
25: [ 6 14 18 20 29 43 44 ]
26: [ 27 34 ]
27: [ 6 17 26 40 ]
28: [ 1 7 11 12 13 22 30 35 44 ]
29: [ 5 25 36 43 ]
30: [ 1 10 17 19 28 47 ]
31: [ 1 34 ]
32: [ 8 24 33 42 43 49 ]
33: [ 4 10 15 17 19 32 38 39 45 ]
34: [ 4 26 31 36 47 ]
35: [ 1 12 28 48 ]
36: [ 20 29 34 ]
37: [ 8 17 24 48 ]
38: [ 9 16 33 41 43 44 ]
39: [ 3 4 18 24 33 50 ]
40: [ 7 8 10 16 20 27 42 46 ]
41: [ 7 11 13 17 38 42 49 ]
42: [ 18 32 40 41 45 48 ]
43: [ 20 25 29 32 38 45 ]
44: [ 9 25 28 38 ]
45: [ 14 33 42 43 48 ]
46: [ 7 10 40 50 ]
47: [ 30 34 ]
48: [ 12 23 35 37 42 45 50 ]
49: [ 5 10 11 24 32 41 ]
50: [ 8 39 46 48 ]
