1: [ 2 6 7 15 21 33 ]
2: [ 1 11 12 25 33 50 ]
3: [ 9 32 39 47 ]
4: [ 6 14 34 ]
5: [ 8 10 14 40 47 48 ]
6: [ 1 4 17 21 31 33 41 43 ]
7: [ 1 17 20 25 28 35 44 45 47 ]
8: [ 5 23 24 29 37 ]
9: [ 3 34 ]
10: [ 5 27 28 32 33 39 40 42 ]
11: [ 2 15 17 25 27 32 37 ]
12: [ 2 16 31 34 37 38 39 ]
13: [ 15 21 22 29 32 41 ]
14: [ 4 5 25 29 33 34 38 39 ]
15: [ 1 11 13 28 29 44 50 ]
16: [ 12 18 33 45 ]
17: [ 6 7 11 21 44 ]
18: [ 16 34 38 40 ]
19: [ 31 35 ]
20: [ 7 27 36 41 ]
21: [ 1 6 13 17 22 30 32 35 41 43 ]
22: [ 13 21 24 28 29 36 37 39 46 49 ]
23: [ 8 32 40 44 50 ]
24: [ 8 22 29 35 37 40 ]
25: [ 2 7 11 14 28 32 34 38 44 ]
26: [ 40 50 ]
27: [ 10 11 20 36 ]
28: [ 7 10 15 22 25 35 39 ]
29: [ 8 13 14 15 22 24 30 33 34 41 ]
30: [ 21 29 35 39 46 48 ]
31: [ 6 12 19 35 50 ]
32: [ 3 10 11 13 21 23 25 42 44 ]
33: [ 1 2 6 10 14 16 29 45 ]
34: [ 4 9 12 14 18 25 29 44 ]
35: [ 7 19 21 24 28 30 31 39 ]
36: [ 20 22 27 ]
37: [ 8 11 12 22 24 40 47 ]
38: [ 12 14 18 25 ]
39: [ 3 10 12 14 22 28 30 35 ]
40: [ 5 10 18 23 24 26 37 48 ]
41: [ 6 13 20 21 29 44 ]
42: [ 10 32 ]
43: [ 6 21 ]
44: [ 7 15 17 23 25 32 34 41 ]
45: [ 7 16 33 ]
46: [ 22 30 ]
47: [ 3 5 7 37 ]
48: [ 5 30 40 ]
49: [ 22 ]
50: [ 2 15 23 26 31 ]
