1: [ 44 46 ]
2: [ 16 24 44 49 ]
3: [ 7 8 9 26 48 ]
4: [ 7 18 ]
5: [ 18 23 33 45 ]
6: [ 14 26 34 45 49 ]
7: [ 3 4 12 19 26 42 45 ]
8: [ 3 11 12 31 34 44 ]
9: [ 3 13 26 29 38 39 42 ]
10: [ 27 32 38 43 46 ]
11: [ 8 13 14 16 17 19 21 24 28 29 32 41 42 49 ]
12: [ 7 8 17 23 24 27 ]
13: [ 9 11 16 21 22 26 35 45 ]
14: [ 6 11 24 36 43 ]
15: [ 25 27 36 42 ]
16: [ 2 11 13 18 32 33 35 38 41 ]
17: [ 11 12 27 39 48 ]
18: [ 4 5 16 22 43 45 46 50 ]
19: [ 7 11 32 44 46 ]
20: [ 25 35 38 ]
21: [ 11 13 26 44 45 49 ]
22: [ 13 18 24 26 29 30 36 39 47 ]
23: [ 5 12 25 27 44 ]
24: [ 2 11 12 14 22 27 39 ]
25: [ 15 20 23 41 ]
26: [ 3 6 7 9 13 21 22 36 38 40 ]
27: [ 10 12 15 17 23 24 42 43 48 ]
28: [ 11 ]
29: [ 9 11 22 30 41 ]
30: [ 22 29 43 ]
31: [ 8 38 47 48 ]
32: [ 10 11 16 19 38 ]
33: [ 5 16 41 ]
34: [ 6 8 39 43 46 ]
35: [ 13 16 20 ]
36: [ 14 15 22 26 37 48 ]
37: [ 36 41 50 ]
38: [ 9 10 16 20 26 31 32 44 48 ]
39: [ 9 17 22 24 34 ]
40: [ 26 ]
41: [ 11 16 25 29 33 37 ]
42: [ 7 9 11 15 27 ]
43: [ 10 14 18 27 30 34 50 ]
44: [ 1 2 8 19 21 23 38 ]
45: [ 5 6 7 13 18 21 ]
46: [ 1 10 18 19 34 ]
47: [ 22 31 ]
48: [ 3 17 27 31 36 38 ]
49: [ 2 6 11 21 ]
50: [ 18 37 43 ]
