1: [ 2 8 27 35 43 44 45 47 ]
2: [ 1 5 14 20 23 41 ]
3: [ 7 12 19 33 ]
4: [ 38 50 ]
5: [ 2 19 20 22 29 30 ]
6: [ 10 20 22 32 33 ]
7: [ 3 8 11 19 21 31 32 49 ]
8: [ 1 7 16 26 30 33 34 44 47 ]
9: [ 36 37 48 ]
10: [ 6 11 15 29 ]
11: [ 7 10 12 14 17 31 35 42 ]
12: [ 3 11 17 23 42 46 ]
13: [ 21 29 36 38 ]
14: [ 2 11 28 38 46 ]
15: [ 10 16 19 22 32 49 ]
16: [ 8 15 17 27 28 33 40 42 46 48 ]
17: [ 11 12 16 33 35 40 ]
18: [ 27 36 48 ]
19: [ 3 5 7 15 30 35 40 42 ]
20: [ 2 5 6 23 28 ]
21: [ 7 13 44 ]
22: [ 5 6 15 26 29 49 ]
23: [ 2 12 20 28 43 47 50 ]
24: [ 25 ]
25: [ 24 31 36 40 ]
26: [ 8 22 35 41 47 49 50 ]
27: [ 1 16 18 33 42 50 ]
28: [ 14 16 20 23 32 37 50 ]
29: [ 5 10 13 22 30 31 36 46 ]
30: [ 5 8 19 29 32 39 40 45 ]
31: [ 7 11 25 29 36 44 48 ]
32: [ 6 7 15 28 30 33 44 50 ]
33: [ 3 6 8 16 17 27 32 ]
34: [ 8 50 ]
35: [ 1 11 17 19 26 ]
36: [ 9 13 18 25 29 31 37 40 ]
37: [ 9 28 36 39 42 43 ]
38: [ 4 13 14 39 48 49 ]
39: [ 30 37 38 42 45 ]
40: [ 16 17 19 25 30 36 49 ]
41: [ 2 26 42 45 ]
42: [ 11 12 16 19 27 37 39 41 ]
43: [ 1 23 37 44 ]
44: [ 1 8 21 31 32 43 49 ]
45: [ 1 30 39 41 ]
46: [ 12 14 16 29 ]
47: [ 1 8 23 26 48 ]
48: [ 9 16 18 31 38 47 49 ]
49: [ 7 15 22 26 38 40 44 48 ]
50: [ 4 23 26 27 28 32 34 ]
