1: [ 6 25 27 31 33 38 45 47 50 ]
2: [ 4 5 6 13 17 23 45 47 ]
3: [ 8 ]
4: [ 2 5 8 13 20 25 28 45 ]
5: [ 2 4 12 20 28 43 49 ]
6: [ 1 2 12 27 31 44 ]
7: [ 12 18 22 33 35 42 45 48 ]
8: [ 3 4 9 19 30 41 ]
9: [ 8 19 39 40 48 ]
10: [ 16 22 23 25 28 30 37 ]
11: [ 13 31 36 40 ]
12: [ 5 6 7 15 22 36 39 41 ]
13: [ 2 4 11 16 24 50 ]
14: [ 16 22 39 50 ]
15: [ 12 17 29 34 35 42 ]
16: [ 10 13 14 25 32 43 49 ]
17: [ 2 15 20 25 27 33 35 ]
18: [ 7 19 21 24 31 34 39 45 ]
19: [ 8 9 18 20 23 27 28 29 30 34 35 45 48 ]
20: [ 4 5 17 19 22 28 29 ]
21: [ 18 28 42 46 50 ]
22: [ 7 10 12 14 20 24 30 38 41 42 44 49 ]
23: [ 2 10 19 27 31 40 44 ]
24: [ 13 18 22 ]
25: [ 1 4 10 16 17 33 35 ]
26: [ 32 37 38 ]
27: [ 1 6 17 19 23 31 36 42 44 ]
28: [ 4 5 10 19 20 21 ]
29: [ 15 19 20 32 35 49 ]
30: [ 8 10 19 22 35 44 ]
31: [ 1 6 11 18 23 27 41 ]
32: [ 16 26 29 42 49 50 ]
33: [ 1 7 17 25 44 ]
34: [ 15 18 19 50 ]
35: [ 7 15 17 19 25 29 30 40 50 ]
36: [ 11 12 27 44 49 ]
37: [ 10 26 40 ]
38: [ 1 22 26 48 ]
39: [ 9 12 14 18 41 46 ]
40: [ 9 11 23 35 37 43 44 ]
41: [ 8 12 22 31 39 ]
42: [ 7 15 21 22 27 32 45 48 49 ]
43: [ 5 16 40 ]
44: [ 6 22 23 27 30 33 36 40 45 ]
45: [ 1 2 4 7 18 19 42 44 ]
46: [ 21 39 ]
47: [ 1 2 49 ]
48: [ 7 9 19 38 42 ]
49: [ 5 16 22 29 32 36 42 47 ]
50: [ 1 13 14 21 32 34 35 ]
