1: [ 15 37 42 ]
2: [ 21 36 ]
3: [ ]
4: [ 16 26 31 41 ]
5: [ 9 22 23 33 37 ]
6: [ 28 35 38 ]
7: [ 8 16 23 28 34 37 39 44 ]
8: [ 7 15 25 34 42 47 ]
9: [ 5 18 22 31 45 ]
10: [ 22 25 26 27 28 32 42 ]
11: [ ]
12: [ 16 29 30 33 37 43 49 ]
13: [ 20 22 26 34 47 ]
14: [ 22 28 29 32 40 41 48 ]
15: [ 1 8 22 39 ]
16: [ 4 7 12 27 30 38 48 50 ]
17: [ 21 28 33 36 45 ]
18: [ 9 20 ]
19: [ 26 41 ]
20: [ 13 18 27 31 41 45 ]
21: [ 2 17 27 31 37 ]
22: [ 5 9 10 13 14 15 24 29 32 ]
23: [ 5 7 36 38 39 ]
24: [ 22 31 41 46 49 ]
25: [ 8 10 26 27 32 37 42 49 ]
26: [ 4 10 13 19 25 27 38 47 ]
27: [ 10 16 20 21 25 26 31 38 44 48 ]
28: [ 6 7 10 14 17 35 41 43 ]
29: [ 12 14 22 42 ]
30: [ 12 16 32 36 39 42 ]
31: [ 4 9 20 21 24 27 39 45 47 ]
32: [ 10 14 22 25 30 39 40 ]
33: [ 5 12 17 46 ]
34: [ 7 8 13 43 ]
35: [ 6 28 45 ]
36: [ 2 17 23 30 37 43 ]
37: [ 1 5 7 12 21 25 36 38 39 ]
38: [ 6 16 23 26 27 37 48 ]
39: [ 7 15 23 30 31 32 37 ]
40: [ 14 32 41 ]
41: [ 4 14 19 20 24 28 40 44 ]
42: [ 1 8 10 25 29 30 ]
43: [ 12 28 34 36 ]
44: [ 7 27 41 48 49 ]
45: [ 9 17 20 31 35 49 ]
46: [ 24 33 ]
47: [ 8 13 26 31 ]
48: [ 14 16 27 38 44 ]
49: [ 12 24 25 44 45 50 ]
50: [ 16 49 ]
