1: [ 8 10 36 ]
2: [ 21 ]
3: [ 17 24 27 30 33 38 ]
4: [ 11 26 41 44 47 48 ]
5: [ 18 33 39 43 ]
6: [ 14 18 36 37 48 ]
7: [ 23 28 31 48 50 ]
8: [ 1 28 29 ]
9: [ 33 36 ]
10: [ 1 22 38 39 ]
11: [ 4 12 14 31 50 ]
12: [ 11 17 25 27 41 45 49 ]
13: [ 24 37 46 ]
14: [ 6 11 18 19 22 24 37 43 ]
15: [ 22 26 28 30 39 ]
16: [ 25 45 47 ]
17: [ 3 12 37 46 ]
18: [ 5 6 14 37 38 39 42 48 ]
19: [ 14 27 28 33 41 46 48 50 ]
20: [ 28 35 38 45 ]
21: [ 2 ]
22: [ 10 14 15 28 29 36 38 45 50 ]
23: [ 7 37 ]
24: [ 3 13 14 38 42 43 47 ]
25: [ 12 16 30 31 33 36 48 ]
26: [ 4 15 35 43 45 50 ]
27: [ 3 12 19 38 46 48 ]
28: [ 7 8 15 19 20 22 45 ]
29: [ 8 22 34 40 45 ]
30: [ 3 15 25 31 38 39 45 ]
31: [ 7 11 25 30 ]
32: [ 46 ]
33: [ 3 5 9 19 25 43 44 ]
34: [ 29 ]
35: [ 20 26 46 ]
36: [ 1 6 9 22 25 38 45 48 ]
37: [ 6 13 14 17 18 23 ]
38: [ 3 10 18 20 22 24 27 30 36 40 ]
39: [ 5 10 15 18 30 42 ]
40: [ 29 38 42 ]
41: [ 4 12 19 ]
42: [ 18 24 39 40 ]
43: [ 5 14 24 26 33 ]
44: [ 4 33 ]
45: [ 12 16 20 22 26 28 29 30 36 ]
46: [ 13 17 19 27 32 35 ]
47: [ 4 16 24 ]
48: [ 4 6 7 18 19 25 27 36 ]
49: [ 12 ]
50: [ 7 11 19 22 26 ]
