1: [ 6 7 10 11 16 36 48 ]
2: [ 4 13 41 ]
3: [ 6 13 32 33 46 ]
4: [ 2 12 37 46 47 50 ]
5: [ 18 22 23 32 36 37 40 44 45 46 48 ]
6: [ 1 3 7 25 29 ]
7: [ 1 6 23 29 35 37 42 47 48 ]
8: [ 11 35 45 47 ]
9: [ 11 15 22 40 46 ]
10: [ 1 15 29 41 43 47 49 ]
11: [ 1 8 9 12 19 21 31 36 46 ]
12: [ 4 11 17 21 25 43 45 ]
13: [ 2 3 16 40 ]
14: [ 32 34 38 41 44 45 ]
15: [ 9 10 16 18 38 42 ]
16: [ 1 13 15 22 30 36 42 47 ]
17: [ 12 25 35 ]
18: [ 5 15 34 36 37 41 44 ]
19: [ 11 20 24 29 ]
20: [ 19 25 37 ]
21: [ 11 12 28 36 38 40 46 ]
22: [ 5 9 16 25 38 43 ]
23: [ 5 7 43 ]
24: [ 19 41 44 ]
25: [ 6 12 17 20 22 37 50 ]
26: [ 30 31 45 ]
27: [ 48 ]
28: [ 21 29 32 35 48 49 50 ]
29: [ 6 7 10 19 28 34 36 42 ]
30: [ 16 26 34 50 ]
31: [ 11 26 35 36 43 49 ]
32: [ 3 5 14 28 43 44 ]
33: [ 3 38 39 48 49 ]
34: [ 14 18 29 30 35 38 41 ]
35: [ 7 8 17 28 31 34 50 ]
36: [ 1 5 11 16 18 21 29 31 38 46 ]
37: [ 4 5 7 18 20 25 39 49 50 ]
38: [ 14 15 21 22 33 34 36 39 50 ]
39: [ 33 37 38 50 ]
40: [ 5 9 13 21 48 49 ]
41: [ 2 10 14 18 24 34 42 46 ]
42: [ 7 15 16 29 41 ]
43: [ 10 12 22 23 31 32 48 ]
44: [ 5 14 18 24 32 46 49 ]
45: [ 5 8 12 14 26 ]
46: [ 3 4 5 9 11 21 36 41 44 49 ]
47: [ 4 7 8 10 16 ]
48: [ 1 5 7 27 28 33 40 43 ]
49: [ 10 28 31 33 37 40 44 46 ]
50: [ 4 25 28 30 35 37 38 39 ]
