1: [ 3 27 33 50 ]
2: [ 17 19 31 37 43 ]
3: [ 1 10 12 13 28 38 39 40 45 48 ]
4: [ 10 14 38 ]
5: [ 20 34 46 49 ]
6: [ 13 22 26 27 39 49 ]
7: [ 9 15 26 39 40 43 44 ]
8: [ 9 27 41 43 45 ]
9: [ 7 8 12 21 23 33 49 ]
10: [ 3 4 30 39 ]
11: [ 19 22 26 36 40 42 ]
12: [ 3 9 24 32 ]
13: [ 3 6 34 44 49 ]
14: [ 4 42 46 49 ]
15: [ 7 21 24 25 26 35 48 ]
16: [ 21 23 27 28 39 ]
17: [ 2 24 33 37 38 45 46 48 ]
18: [ 20 29 ]
19: [ 2 11 26 42 45 49 ]
20: [ 5 18 21 26 27 29 30 ]
21: [ 9 15 16 20 23 28 46 ]
22: [ 6 11 24 32 33 34 35 ]
23: [ 9 16 21 36 50 ]
24: [ 12 15 17 22 28 ]
25: [ 15 26 ]
26: [ 6 7 11 15 19 20 25 28 31 34 42 43 49 ]
27: [ 1 6 8 16 20 42 46 ]
28: [ 3 16 21 24 26 ]
29: [ 18 20 43 ]
30: [ 10 20 32 34 41 ]
31: [ 2 26 ]
32: [ 12 22 30 39 48 49 ]
33: [ 1 9 17 22 ]
34: [ 5 13 22 26 30 43 ]
35: [ 15 22 38 ]
36: [ 11 23 42 45 ]
37: [ 2 17 38 47 ]
38: [ 3 4 17 35 37 39 ]
39: [ 3 6 7 10 16 32 38 ]
40: [ 3 7 11 43 44 ]
41: [ 8 30 45 ]
42: [ 11 14 19 26 27 36 44 50 ]
43: [ 2 7 8 26 29 34 40 ]
44: [ 7 13 40 42 46 47 ]
45: [ 3 8 17 19 36 41 ]
46: [ 5 14 17 21 27 44 ]
47: [ 37 44 ]
48: [ 3 15 17 32 ]
49: [ 5 6 9 13 14 19 26 32 ]
50: [ 1 23 42 ]
