1: [ 4 15 22 25 29 34 41 ]
2: [ 15 31 38 39 ]
3: [ 26 30 33 ]
4: [ 1 16 19 21 27 37 ]
5: [ 16 22 25 31 35 42 43 ]
6: [ 27 36 37 39 40 45 ]
7: [ 21 36 43 ]
8: [ 10 11 13 21 26 33 38 40 46 49 ]
9: [ 16 19 23 29 34 41 47 ]
10: [ 8 13 28 42 44 ]
11: [ 8 17 27 34 ]
12: [ 17 31 37 44 46 ]
13: [ 8 10 16 29 39 42 ]
14: [ 16 27 33 46 ]
15: [ 1 2 17 19 20 22 30 43 47 ]
16: [ 4 5 9 13 14 21 23 24 25 37 ]
17: [ 11 12 15 19 21 22 34 38 42 47 49 ]
18: [ 24 ]
19: [ 4 9 15 17 24 36 41 ]
20: [ 15 33 36 49 ]
21: [ 4 7 8 16 17 27 29 31 36 ]
22: [ 1 5 15 17 29 30 41 46 ]
23: [ 9 16 40 49 ]
24: [ 16 18 19 34 36 37 39 45 ]
25: [ 1 5 16 38 46 ]
26: [ 3 8 37 45 ]
27: [ 4 6 11 14 21 30 42 45 47 ]
28: [ 10 32 ]
29: [ 1 9 13 21 22 36 39 43 44 45 ]
30: [ 3 15 22 27 ]
31: [ 2 5 12 21 40 46 50 ]
32: [ 28 36 41 ]
33: [ 3 8 14 20 36 43 ]
34: [ 1 9 11 17 24 43 ]
35: [ 5 ]
36: [ 6 7 19 20 21 24 29 32 33 45 ]
37: [ 4 6 12 16 24 26 44 48 ]
38: [ 2 8 17 25 45 ]
39: [ 2 6 13 24 29 44 ]
40: [ 6 8 23 31 ]
41: [ 1 9 19 22 32 45 ]
42: [ 5 10 13 17 27 ]
43: [ 5 7 15 29 33 34 ]
44: [ 10 12 29 37 39 ]
45: [ 6 24 26 27 29 36 38 41 50 ]
46: [ 8 12 14 22 25 31 ]
47: [ 9 15 17 27 ]
48: [ 37 ]
49: [ 8 17 20 23 ]
50: [ 31 45 ]
