1: [ 6 19 22 35 ]
2: [ 3 8 28 ]
3: [ 2 9 14 39 47 ]
4: [ 5 6 18 19 30 41 ]
5: [ 4 14 15 18 32 42 46 ]
6: [ 1 4 25 34 38 39 50 ]
7: [ 9 10 13 30 49 ]
8: [ 2 17 19 44 ]
9: [ 3 7 17 26 29 31 46 ]
10: [ 7 13 16 ]
11: [ 14 22 27 37 47 50 ]
12: [ 13 21 35 38 49 ]
13: [ 7 10 12 36 40 41 ]
14: [ 3 5 11 30 34 36 37 40 ]
15: [ 5 18 23 35 37 41 43 49 ]
16: [ 10 23 32 ]
17: [ 8 9 18 24 ]
18: [ 4 5 15 17 23 31 47 ]
19: [ 1 4 8 22 23 28 34 39 42 45 ]
20: [ 24 28 34 39 48 ]
21: [ 12 31 36 38 49 50 ]
22: [ 1 11 19 32 34 37 41 49 ]
23: [ 15 16 18 19 42 44 ]
24: [ 17 20 33 34 36 39 41 43 50 ]
25: [ 6 26 33 36 41 42 50 ]
26: [ 9 25 27 29 42 43 ]
27: [ 11 26 31 34 ]
28: [ 2 19 20 38 43 ]
29: [ 9 26 36 40 ]
30: [ 4 7 14 37 42 46 ]
31: [ 9 18 21 27 42 ]
32: [ 5 16 22 33 36 37 ]
33: [ 24 25 32 ]
34: [ 6 14 19 20 22 24 27 36 48 ]
35: [ 1 12 15 38 40 41 48 ]
36: [ 13 14 21 24 25 29 32 34 42 ]
37: [ 11 14 15 22 30 32 40 ]
38: [ 6 12 21 28 35 46 48 ]
39: [ 3 6 19 20 24 41 47 ]
40: [ 13 14 29 35 37 45 46 ]
41: [ 4 13 15 22 24 25 35 39 44 46 50 ]
42: [ 5 19 23 25 26 30 31 36 47 ]
43: [ 15 24 26 28 ]
44: [ 8 23 41 ]
45: [ 19 40 ]
46: [ 5 9 30 38 40 41 ]
47: [ 3 11 18 39 42 ]
48: [ 20 34 35 38 ]
49: [ 7 12 15 21 22 ]
50: [ 6 11 21 24 25 41 ]
