1: [ 6 9 11 14 15 18 28 29 37 39 49 ]
2: [ 18 27 39 ]
3: [ 7 15 20 25 38 ]
4: [ 6 26 29 35 40 42 44 50 ]
5: [ 9 11 16 32 39 42 ]
6: [ 1 4 7 18 23 26 33 39 ]
7: [ 3 6 15 39 40 41 43 ]
8: [ 11 19 22 31 50 ]
9: [ 1 5 20 23 28 43 50 ]
10: [ 19 25 29 ]
11: [ 1 5 8 16 27 32 35 50 ]
12: [ 21 37 ]
13: [ 32 43 47 ]
14: [ 1 18 23 28 35 39 ]
15: [ 1 3 7 28 30 40 47 ]
16: [ 5 11 24 50 ]
17: [ 33 37 40 ]
18: [ 1 2 6 14 22 28 36 50 ]
19: [ 8 10 26 50 ]
20: [ 3 9 31 32 34 42 44 46 47 50 ]
21: [ 12 22 32 49 ]
22: [ 8 18 21 25 41 42 48 ]
23: [ 6 9 14 29 50 ]
24: [ 16 27 ]
25: [ 3 10 22 26 30 ]
26: [ 4 6 19 25 32 38 47 49 ]
27: [ 2 11 24 38 41 42 ]
28: [ 1 9 14 15 18 39 41 50 ]
29: [ 1 4 10 23 32 35 36 40 43 ]
30: [ 15 25 49 ]
31: [ 8 20 33 47 ]
32: [ 5 11 13 20 21 26 29 44 ]
33: [ 6 17 31 39 49 ]
34: [ 20 ]
35: [ 4 11 14 29 40 44 ]
36: [ 18 29 46 50 ]
37: [ 1 12 17 ]
38: [ 3 26 27 42 47 48 50 ]
39: [ 1 2 5 6 7 14 28 33 ]
40: [ 4 7 15 17 29 35 ]
41: [ 7 22 27 28 48 ]
42: [ 4 5 20 22 27 38 ]
43: [ 7 9 13 29 48 ]
44: [ 4 20 32 35 48 49 ]
45: [ 46 50 ]
46: [ 20 36 45 ]
47: [ 13 15 20 26 31 38 49 ]
48: [ 22 38 41 43 44 ]
49: [ 1 21 26 30 33 44 47 50 ]
50: [ 4 8 9 11 16 18 19 20 23 28 36 38 45 49 ]
