1: [ 3 4 23 ]
2: [ 6 17 33 39 42 45 47 ]
3: [ 1 4 7 8 21 24 28 46 47 ]
4: [ 1 3 22 26 30 38 41 49 ]
5: [ 6 10 13 35 46 47 ]
6: [ 2 5 10 23 36 43 ]
7: [ 3 26 35 36 40 48 ]
8: [ 3 15 19 28 30 33 35 38 48 ]
9: [ 11 29 40 44 46 47 49 ]
10: [ 5 6 26 30 34 43 48 ]
11: [ 9 15 19 20 24 28 ]
12: [ 17 41 ]
13: [ 5 21 28 34 42 48 ]
14: [ ]
15: [ 8 11 23 27 ]
16: [ 21 23 43 44 ]
17: [ 2 12 20 23 41 ]
18: [ 23 30 42 46 ]
19: [ 8 11 28 ]
20: [ 11 17 26 32 ]
21: [ 3 13 16 30 39 ]
22: [ 4 47 ]
23: [ 1 6 15 16 17 18 28 34 36 43 50 ]
24: [ 3 11 26 28 32 37 39 40 43 ]
25: [ 26 37 46 ]
26: [ 4 7 10 20 24 25 28 40 ]
27: [ 15 35 46 ]
28: [ 3 8 11 13 19 23 24 26 33 ]
29: [ 9 48 50 ]
30: [ 4 8 10 18 21 36 47 ]
31: [ 32 33 43 ]
32: [ 20 24 31 33 34 ]
33: [ 2 8 28 31 32 ]
34: [ 10 13 23 32 35 39 42 ]
35: [ 5 7 8 27 34 39 47 49 ]
36: [ 6 7 23 30 47 ]
37: [ 24 25 38 40 ]
38: [ 4 8 37 40 46 ]
39: [ 2 21 24 34 35 ]
40: [ 7 9 24 26 37 38 43 47 ]
41: [ 4 12 17 44 ]
42: [ 2 13 18 34 45 ]
43: [ 6 10 16 23 24 31 40 44 48 ]
44: [ 9 16 41 43 46 ]
45: [ 2 42 ]
46: [ 3 5 9 18 25 27 38 44 47 ]
47: [ 2 3 5 9 22 30 35 36 40 46 ]
48: [ 7 8 10 13 29 43 ]
49: [ 4 9 35 50 ]
50: [ 23 29 49 ]
