1: [ 18 ]
2: [ 24 26 34 ]
3: [ 9 18 27 39 41 44 ]
4: [ 6 14 19 33 49 ]
5: [ 8 18 20 22 23 50 ]
6: [ 4 26 33 40 44 47 ]
7: [ 11 19 25 35 36 ]
8: [ 5 27 30 48 ]
9: [ 3 27 35 46 ]
10: [ 14 25 26 29 33 36 40 42 ]
11: [ 7 17 19 23 25 29 33 35 37 47 ]
12: [ 17 23 24 27 33 39 40 41 48 ]
13: [ 19 23 31 43 ]
14: [ 4 10 27 39 50 ]
15: [ 21 47 48 ]
16: [ 21 30 38 ]
17: [ 11 12 22 29 39 43 50 ]
18: [ 1 3 5 26 39 48 ]
19: [ 4 7 11 13 32 47 50 ]
20: [ 5 22 30 31 37 45 ]
21: [ 15 16 39 41 42 49 ]
22: [ 5 17 20 37 47 50 ]
23: [ 5 11 12 13 41 ]
24: [ 2 12 25 26 28 31 32 48 ]
25: [ 7 10 11 24 44 46 ]
26: [ 2 6 10 18 24 32 33 36 45 ]
27: [ 3 8 9 12 14 31 48 ]
28: [ 24 33 48 ]
29: [ 10 11 17 38 42 ]
30: [ 8 16 20 ]
31: [ 13 20 24 27 46 ]
32: [ 19 24 26 35 45 ]
33: [ 4 6 10 11 12 26 28 39 42 ]
34: [ 2 44 ]
35: [ 7 9 11 32 43 45 ]
36: [ 7 10 26 46 48 ]
37: [ 11 20 22 43 48 49 ]
38: [ 16 29 39 43 ]
39: [ 3 12 14 17 18 21 33 38 42 ]
40: [ 6 10 12 42 ]
41: [ 3 12 21 23 ]
42: [ 10 21 29 33 39 40 43 ]
43: [ 13 17 35 37 38 42 44 ]
44: [ 3 6 25 34 43 46 ]
45: [ 20 26 32 35 47 48 ]
46: [ 9 25 31 36 44 ]
47: [ 6 11 15 19 22 45 50 ]
48: [ 8 12 15 18 24 27 28 36 37 45 ]
49: [ 4 21 37 ]
50: [ 5 14 17 19 22 47 ]
