1: [ 17 20 25 50 ]
2: [ 11 29 32 42 47 ]
3: [ 23 39 50 ]
4: [ 34 44 ]
5: [ 16 19 20 38 44 47 ]
6: [ 10 23 35 44 ]
7: [ 15 43 ]
8: [ 16 17 30 38 ]
9: [ 14 29 ]
10: [ 6 13 21 23 30 32 45 ]
11: [ 2 13 29 47 ]
12: [ 43 ]
13: [ 10 11 24 26 28 29 33 37 38 ]
14: [ 9 19 21 23 39 41 ]
15: [ 7 24 31 39 40 41 48 ]
16: [ 5 8 24 27 28 36 43 44 ]
17: [ 1 8 43 ]
18: [ 23 ]
19: [ 5 14 ]
20: [ 1 5 32 38 40 48 50 ]
21: [ 10 14 22 ]
22: [ 21 29 31 38 ]
23: [ 3 6 10 14 18 35 ]
24: [ 13 15 16 36 42 49 ]
25: [ 1 42 ]
26: [ 13 27 30 43 ]
27: [ 16 26 33 ]
28: [ 13 16 43 ]
29: [ 2 9 11 13 22 ]
30: [ 8 10 26 40 ]
31: [ 15 22 43 ]
32: [ 2 10 20 43 46 47 ]
33: [ 13 27 34 40 50 ]
34: [ 4 33 38 43 48 ]
35: [ 6 23 ]
36: [ 16 24 40 47 ]
37: [ 13 ]
38: [ 5 8 13 20 22 34 39 ]
39: [ 3 14 15 38 43 47 ]
40: [ 15 20 30 33 36 ]
41: [ 14 15 49 50 ]
42: [ 2 24 25 47 ]
43: [ 7 12 16 17 26 28 31 32 34 39 46 ]
44: [ 4 5 6 16 47 ]
45: [ 10 ]
46: [ 32 43 ]
47: [ 2 5 11 32 36 39 42 44 ]
48: [ 15 20 34 50 ]
49: [ 24 41 ]
50: [ 1 3 20 33 41 48 ]
