1: [ 28 49 ]
2: [ 14 15 24 33 ]
3: [ 10 11 18 27 36 47 48 ]
4: [ 25 38 ]
5: [ 13 18 34 39 ]
6: [ 7 9 37 47 ]
7: [ 6 16 19 27 39 44 ]
8: [ 11 18 19 39 43 44 50 ]
9: [ 6 18 20 27 32 36 43 44 ]
10: [ 3 ]
11: [ 3 8 12 27 29 33 35 38 45 ]
12: [ 11 19 24 ]
13: [ 5 21 30 35 45 ]
14: [ 2 39 42 44 50 ]
15: [ 2 27 28 49 ]
16: [ 7 20 21 23 32 42 46 ]
17: [ 23 37 46 49 ]
18: [ 3 5 8 9 28 34 42 49 ]
19: [ 7 8 12 20 35 47 ]
20: [ 9 16 19 24 42 ]
21: [ 13 16 23 28 37 38 42 ]
22: [ 25 32 39 50 ]
23: [ 16 17 21 29 38 50 ]
24: [ 2 12 20 32 ]
25: [ 4 22 35 39 40 41 ]
26: [ 29 39 44 46 ]
27: [ 3 7 9 11 15 36 ]
28: [ 1 15 18 21 29 30 32 34 37 48 50 ]
29: [ 11 23 26 28 34 38 40 47 48 49 ]
30: [ 13 28 32 41 45 49 50 ]
31: [ ]
32: [ 9 16 22 24 28 30 34 39 41 42 44 ]
33: [ 2 11 41 45 48 ]
34: [ 5 18 28 29 32 35 37 50 ]
35: [ 11 13 19 25 34 48 ]
36: [ 3 9 27 39 48 ]
37: [ 6 17 21 28 34 41 ]
38: [ 4 11 21 23 29 45 ]
39: [ 5 7 8 14 22 25 26 32 36 41 ]
40: [ 25 29 ]
41: [ 25 30 32 33 37 39 44 ]
42: [ 14 16 18 20 21 32 ]
43: [ 8 9 ]
44: [ 7 8 9 14 26 32 41 ]
45: [ 11 13 30 33 38 ]
46: [ 16 17 26 ]
47: [ 3 6 19 29 48 ]
48: [ 3 28 29 33 35 36 47 ]
49: [ 1 15 17 18 29 30 ]
50: [ 8 14 22 23 28 30 34 ]
