1: [ 17 19 20 25 41 47 ]
2: [ 3 16 23 24 29 31 39 43 45 ]
3: [ 2 9 15 20 21 23 32 37 45 ]
4: [ 5 12 17 20 41 47 ]
5: [ 4 14 17 20 25 34 35 48 ]
6: [ 18 30 34 43 48 ]
7: [ 14 21 39 ]
8: [ 22 24 30 34 36 45 48 ]
9: [ 3 22 28 36 39 43 49 ]
10: [ 12 35 37 ]
11: [ 23 26 34 45 ]
12: [ 4 10 24 34 40 ]
13: [ 16 19 ]
14: [ 5 7 19 24 38 46 47 ]
15: [ 3 21 45 ]
16: [ 2 13 23 36 ]
17: [ 1 4 5 19 25 48 ]
18: [ 6 21 30 47 ]
19: [ 1 13 14 17 33 36 40 46 ]
20: [ 1 3 4 5 28 30 ]
21: [ 3 7 15 18 ]
22: [ 8 9 25 26 28 43 ]
23: [ 2 3 11 16 32 33 43 ]
24: [ 2 8 12 14 25 28 38 45 ]
25: [ 1 5 17 22 24 27 40 41 ]
26: [ 11 22 ]
27: [ 25 29 33 35 48 49 ]
28: [ 9 20 22 24 36 38 ]
29: [ 2 27 30 31 38 43 44 48 ]
30: [ 6 8 18 20 29 41 ]
31: [ 2 29 48 ]
32: [ 3 23 35 45 ]
33: [ 19 23 27 39 48 ]
34: [ 5 6 8 11 12 35 41 44 45 49 ]
35: [ 5 10 27 32 34 37 39 44 48 ]
36: [ 8 9 16 19 28 43 ]
37: [ 3 10 35 ]
38: [ 14 24 28 29 45 ]
39: [ 2 7 9 33 35 47 48 ]
40: [ 12 19 25 44 ]
41: [ 1 4 25 30 34 42 ]
42: [ 41 ]
43: [ 2 6 9 22 23 29 36 ]
44: [ 29 34 35 40 48 49 ]
45: [ 2 3 8 11 15 24 32 34 38 ]
46: [ 14 19 ]
47: [ 1 4 14 18 39 ]
48: [ 5 6 8 17 27 29 31 33 35 39 44 ]
49: [ 9 27 34 44 ]
50: [ ]
