1: [ 7 8 16 19 32 35 42 44 50 ]
2: [ 6 22 49 ]
3: [ 34 36 ]
4: [ 8 24 30 45 ]
5: [ 9 14 ]
6: [ 2 17 27 31 ]
7: [ 1 10 17 46 ]
8: [ 1 4 15 16 19 24 30 37 46 ]
9: [ 5 23 28 30 ]
10: [ 7 21 27 36 45 47 ]
11: [ 12 16 29 38 ]
12: [ 11 16 19 34 35 ]
13: [ 33 43 ]
14: [ 5 25 43 ]
15: [ 8 44 ]
16: [ 1 8 11 12 35 ]
17: [ 6 7 19 24 25 27 36 45 ]
18: [ 20 26 36 47 ]
19: [ 1 8 12 17 21 37 43 48 ]
20: [ 18 32 34 43 46 48 ]
21: [ 10 19 35 46 48 ]
22: [ 2 30 31 38 39 41 48 49 50 ]
23: [ 9 27 29 ]
24: [ 4 8 17 26 31 45 46 ]
25: [ 14 17 31 37 ]
26: [ 18 24 39 ]
27: [ 6 10 17 23 31 32 34 46 47 ]
28: [ 9 37 49 ]
29: [ 11 23 37 46 ]
30: [ 4 8 9 22 46 ]
31: [ 6 22 24 25 27 37 42 ]
32: [ 1 20 27 37 38 39 44 ]
33: [ 13 ]
34: [ 3 12 20 27 39 42 46 47 ]
35: [ 1 12 16 21 ]
36: [ 3 10 17 18 48 ]
37: [ 8 19 25 28 29 31 32 41 ]
38: [ 11 22 32 ]
39: [ 22 26 32 34 41 43 ]
40: [ ]
41: [ 22 37 39 49 ]
42: [ 1 31 34 48 ]
43: [ 13 14 19 20 39 ]
44: [ 1 15 32 ]
45: [ 4 10 17 24 50 ]
46: [ 7 8 20 21 24 27 29 30 34 ]
47: [ 10 18 27 34 48 ]
48: [ 19 20 21 22 36 42 47 49 ]
49: [ 2 22 28 41 48 50 ]
50: [ 1 22 45 49 ]
