1: [ 12 20 21 ]
2: [ 3 10 17 18 26 27 28 ]
3: [ 2 6 7 8 13 25 26 32 36 38 40 ]
4: [ 5 7 9 26 ]
5: [ 4 10 18 21 23 29 30 36 39 ]
6: [ 3 9 20 23 30 34 39 ]
7: [ 3 4 12 16 33 35 44 49 ]
8: [ 3 12 19 22 24 ]
9: [ 4 6 19 29 37 39 43 50 ]
10: [ 2 5 15 23 26 ]
11: [ 26 33 42 48 ]
12: [ 1 7 8 32 35 38 41 48 ]
13: [ 3 16 24 27 33 38 ]
14: [ 15 32 33 38 42 ]
15: [ 10 14 17 25 45 ]
16: [ 7 13 17 33 ]
17: [ 2 15 16 22 30 50 ]
18: [ 2 5 23 36 ]
19: [ 8 9 29 36 ]
20: [ 1 6 34 38 43 ]
21: [ 1 5 37 ]
22: [ 8 17 23 34 37 ]
23: [ 5 6 10 18 22 32 37 42 ]
24: [ 8 13 30 39 48 ]
25: [ 3 15 28 34 39 40 48 ]
26: [ 2 3 4 10 11 32 34 38 40 43 ]
27: [ 2 13 28 34 44 48 ]
28: [ 2 25 27 30 44 48 ]
29: [ 5 9 19 43 ]
30: [ 5 6 17 24 28 37 39 ]
31: [ 32 40 ]
32: [ 3 12 14 23 26 31 ]
33: [ 7 11 13 14 16 41 45 50 ]
34: [ 6 20 22 25 26 27 50 ]
35: [ 7 12 38 45 ]
36: [ 3 5 18 19 37 39 41 47 48 49 ]
37: [ 9 21 22 23 30 36 42 48 ]
38: [ 3 12 13 14 20 26 35 ]
39: [ 5 6 9 24 25 30 36 40 49 ]
40: [ 3 25 26 31 39 ]
41: [ 12 33 36 ]
42: [ 11 14 23 37 ]
43: [ 9 20 26 29 46 48 49 ]
44: [ 7 27 28 ]
45: [ 15 33 35 ]
46: [ 43 ]
47: [ 36 ]
48: [ 11 12 24 25 27 28 36 37 43 49 ]
49: [ 7 36 39 43 48 ]
50: [ 9 17 33 34 ]
