1: [ 31 40 ]
2: [ 20 31 ]
3: [ 4 6 9 10 13 17 21 29 41 43 46 ]
4: [ 3 5 11 15 16 33 ]
5: [ 4 8 19 21 23 37 ]
6: [ 3 9 50 ]
7: [ 15 18 23 31 32 34 41 ]
8: [ 5 45 47 ]
9: [ 3 6 24 25 37 44 48 49 ]
10: [ 3 34 ]
11: [ 4 13 30 32 37 44 ]
12: [ 13 25 33 45 49 ]
13: [ 3 11 12 16 25 32 35 ]
14: [ ]
15: [ 4 7 23 26 40 ]
16: [ 4 13 18 22 31 39 42 43 45 ]
17: [ 3 21 32 44 50 ]
18: [ 7 16 21 34 46 50 ]
19: [ 5 20 43 ]
20: [ 2 19 30 38 44 45 47 ]
21: [ 3 5 17 18 33 ]
22: [ 16 33 34 ]
23: [ 5 7 15 27 36 37 46 49 50 ]
24: [ 9 33 ]
25: [ 9 12 13 29 32 39 44 50 ]
26: [ 15 48 ]
27: [ 23 32 34 39 44 46 ]
28: [ 30 ]
29: [ 3 25 32 42 48 ]
30: [ 11 20 28 46 ]
31: [ 1 2 7 16 32 34 38 39 47 48 ]
32: [ 7 11 13 17 25 27 29 31 34 40 ]
33: [ 4 12 21 22 24 36 43 ]
34: [ 7 10 18 22 27 31 32 41 47 49 ]
35: [ 13 38 ]
36: [ 23 33 43 49 ]
37: [ 5 9 11 23 38 44 45 49 ]
38: [ 20 31 35 37 39 48 49 ]
39: [ 16 25 27 31 38 ]
40: [ 1 15 32 46 ]
41: [ 3 7 34 44 ]
42: [ 16 29 49 ]
43: [ 3 16 19 33 36 ]
44: [ 9 11 17 20 25 27 37 41 47 48 50 ]
45: [ 8 12 16 20 37 ]
46: [ 3 18 23 27 30 40 49 ]
47: [ 8 20 31 34 44 ]
48: [ 9 26 29 31 38 44 ]
49: [ 9 12 23 34 36 37 38 42 46 ]
50: [ 6 17 18 23 25 44 ]
