1: [ 14 22 23 39 ]
2: [ 6 7 12 31 33 34 43 47 ]
3: [ 19 20 36 ]
4: [ 28 45 ]
5: [ 9 16 17 19 22 30 45 ]
6: [ 2 8 11 14 20 24 25 30 ]
7: [ 2 13 ]
8: [ 6 19 31 33 ]
9: [ 5 22 34 45 ]
10: [ 19 35 37 42 ]
11: [ 6 29 32 44 47 48 ]
12: [ 2 25 29 36 ]
13: [ 7 22 ]
14: [ 1 6 23 42 43 48 ]
15: [ 21 37 43 44 49 ]
16: [ 5 24 40 41 ]
17: [ 5 21 27 29 ]
18: [ 36 40 ]
19: [ 3 5 8 10 23 36 39 41 ]
20: [ 3 6 24 25 33 36 39 42 ]
21: [ 15 17 31 36 38 44 ]
22: [ 1 5 9 13 23 35 46 ]
23: [ 1 14 19 22 34 47 ]
24: [ 6 16 20 29 ]
25: [ 6 12 20 36 44 49 ]
26: [ 32 37 40 ]
27: [ 17 35 38 44 ]
28: [ 4 43 47 ]
29: [ 11 12 17 24 30 31 34 36 41 ]
30: [ 5 6 29 32 36 45 ]
31: [ 2 8 21 29 ]
32: [ 11 26 30 ]
33: [ 2 8 20 36 37 43 ]
34: [ 2 9 23 29 38 46 48 ]
35: [ 10 22 27 40 48 ]
36: [ 3 12 18 19 20 21 25 29 30 33 37 ]
37: [ 10 15 26 33 36 39 45 ]
38: [ 21 27 34 ]
39: [ 1 19 20 37 40 41 44 ]
40: [ 16 18 26 35 39 41 46 49 ]
41: [ 16 19 29 39 40 46 ]
42: [ 10 14 20 47 ]
43: [ 2 14 15 28 33 50 ]
44: [ 11 15 21 25 27 39 ]
45: [ 4 5 9 30 37 47 ]
46: [ 22 34 40 41 ]
47: [ 2 11 23 28 42 45 ]
48: [ 11 14 34 35 ]
49: [ 15 25 40 50 ]
50: [ 43 49 ]
