1: [ 18 28 31 34 ]
2: [ 15 21 31 43 ]
3: [ 4 18 21 30 32 46 ]
4: [ 3 7 9 22 36 46 50 ]
5: [ 21 23 31 41 45 50 ]
6: [ 16 40 50 ]
7: [ 4 37 39 ]
8: [ 20 25 27 30 46 ]
9: [ 4 21 31 ]
10: [ 15 23 44 ]
11: [ 27 47 ]
12: [ 25 36 39 41 ]
13: [ 21 24 30 39 45 49 ]
14: [ 31 37 44 ]
15: [ 2 10 16 20 42 ]
16: [ 6 15 23 25 47 ]
17: [ 35 37 ]
18: [ 1 3 20 22 28 36 43 ]
19: [ 43 ]
20: [ 8 15 18 24 ]
21: [ 2 3 5 9 13 25 39 ]
22: [ 4 18 25 34 43 45 46 ]
23: [ 5 10 16 26 30 33 38 ]
24: [ 13 20 ]
25: [ 8 12 16 21 22 30 42 ]
26: [ 23 27 ]
27: [ 8 11 26 28 34 35 ]
28: [ 1 18 27 38 39 43 48 ]
29: [ 38 ]
30: [ 3 8 13 23 25 31 34 41 43 44 47 ]
31: [ 1 2 5 9 14 30 41 ]
32: [ 3 42 44 ]
33: [ 23 36 49 ]
34: [ 1 22 27 30 35 39 ]
35: [ 17 27 34 ]
36: [ 4 12 18 33 45 ]
37: [ 7 14 17 ]
38: [ 23 28 29 ]
39: [ 7 12 13 21 28 34 43 49 ]
40: [ 6 44 ]
41: [ 5 12 30 31 44 45 ]
42: [ 15 25 32 43 44 50 ]
43: [ 2 18 19 22 28 30 39 42 ]
44: [ 10 14 30 32 40 41 42 50 ]
45: [ 5 13 22 36 41 46 48 49 ]
46: [ 3 4 8 22 45 ]
47: [ 11 16 30 ]
48: [ 28 45 ]
49: [ 13 33 39 45 ]
50: [ 4 5 6 42 44 ]
