1: [ 30 40 ]
2: [ 14 17 28 29 40 ]
3: [ 46 ]
4: [ 5 6 ]
5: [ 4 10 26 29 35 ]
6: [ 4 17 24 33 35 ]
7: [ 16 20 47 ]
8: [ 17 23 24 26 34 35 38 40 46 49 ]
9: [ 14 32 43 50 ]
10: [ 5 35 37 45 48 ]
11: [ ]
12: [ 34 45 ]
13: [ 14 19 29 31 38 41 42 43 47 49 ]
14: [ 2 9 13 16 29 36 37 38 43 44 ]
15: [ 19 31 33 ]
16: [ 7 14 23 37 ]
17: [ 2 6 8 30 47 ]
18: [ 27 42 ]
19: [ 13 15 21 26 34 41 ]
20: [ 7 41 ]
21: [ 19 30 38 49 ]
22: [ 28 33 50 ]
23: [ 8 16 28 29 39 47 50 ]
24: [ 6 8 30 ]
25: [ 38 45 ]
26: [ 5 8 19 40 ]
27: [ 18 35 39 41 45 46 ]
28: [ 2 22 23 43 ]
29: [ 2 5 13 14 23 35 45 48 ]
30: [ 1 17 21 24 41 44 50 ]
31: [ 13 15 33 47 ]
32: [ 9 34 35 41 46 ]
33: [ 6 15 22 31 36 39 43 48 49 ]
34: [ 8 12 19 32 44 ]
35: [ 5 6 8 10 27 29 32 36 43 ]
36: [ 14 33 35 37 42 ]
37: [ 10 14 16 36 44 ]
38: [ 8 13 14 21 25 39 48 ]
39: [ 23 27 33 38 40 43 ]
40: [ 1 2 8 26 39 41 45 46 ]
41: [ 13 19 20 27 30 32 40 49 50 ]
42: [ 13 18 36 50 ]
43: [ 9 13 14 28 33 35 39 45 49 ]
44: [ 14 30 34 37 ]
45: [ 10 12 25 27 29 40 43 ]
46: [ 3 8 27 32 40 ]
47: [ 7 13 17 23 31 ]
48: [ 10 29 33 38 ]
49: [ 8 13 21 33 41 43 ]
50: [ 9 22 23 30 41 42 ]
