1: [ 42 ]
2: [ 20 23 35 ]
3: [ 16 20 21 27 28 34 41 44 47 49 ]
4: [ 7 10 ]
5: [ 8 11 13 23 25 30 34 ]
6: [ 17 47 ]
7: [ 4 34 ]
8: [ 5 11 12 24 25 35 41 42 44 ]
9: [ 11 15 16 23 25 29 43 ]
10: [ 4 14 48 ]
11: [ 5 8 9 15 16 30 37 40 44 49 ]
12: [ 8 ]
13: [ 5 14 18 42 43 44 ]
14: [ 10 13 28 41 44 49 50 ]
15: [ 9 11 17 20 26 30 36 40 ]
16: [ 3 9 11 27 32 39 49 ]
17: [ 6 15 24 25 32 33 43 48 ]
18: [ 13 23 34 49 ]
19: [ 28 ]
20: [ 2 3 15 31 47 ]
21: [ 3 40 ]
22: [ 25 40 49 ]
23: [ 2 5 9 18 26 39 48 ]
24: [ 8 17 26 32 38 40 ]
25: [ 5 8 9 17 22 27 28 31 32 39 40 ]
26: [ 15 23 24 29 42 47 ]
27: [ 3 16 25 45 50 ]
28: [ 3 14 19 25 30 32 ]
29: [ 9 26 32 47 49 ]
30: [ 5 11 15 28 ]
31: [ 20 25 44 ]
32: [ 16 17 24 25 28 29 33 47 ]
33: [ 17 32 35 40 47 49 ]
34: [ 3 5 7 18 ]
35: [ 2 8 33 41 ]
36: [ 15 ]
37: [ 11 ]
38: [ 24 ]
39: [ 16 23 25 46 50 ]
40: [ 11 15 21 22 24 25 33 41 45 ]
41: [ 3 8 14 35 40 44 45 49 ]
42: [ 1 8 13 26 ]
43: [ 9 13 17 48 ]
44: [ 3 8 11 13 14 31 41 45 48 ]
45: [ 27 40 41 44 ]
46: [ 39 ]
47: [ 3 6 20 26 29 32 33 ]
48: [ 10 17 23 43 44 ]
49: [ 3 11 14 16 18 22 29 33 41 ]
50: [ 14 27 39 ]
