1: [ 13 19 20 29 38 42 ]
2: [ 9 21 35 48 ]
3: [ 9 14 19 23 25 26 39 43 ]
4: [ 35 38 48 50 ]
5: [ 11 18 23 29 31 32 34 46 ]
6: [ 14 19 31 36 39 ]
7: [ 13 14 15 20 29 36 40 45 49 ]
8: [ 15 19 31 ]
9: [ 2 3 13 32 45 ]
10: [ 19 30 32 ]
11: [ 5 13 25 27 47 ]
12: [ 25 28 35 42 ]
13: [ 1 7 9 11 20 40 45 49 ]
14: [ 3 6 7 18 23 29 31 35 36 44 45 ]
15: [ 7 8 19 24 25 29 32 41 49 ]
16: [ 17 27 29 40 44 ]
17: [ 16 27 35 38 ]
18: [ 5 14 32 40 42 45 46 ]
19: [ 1 3 6 8 10 15 42 ]
20: [ 1 7 13 36 50 ]
21: [ 2 29 31 32 44 48 49 ]
22: [ 31 35 46 ]
23: [ 3 5 14 32 46 ]
24: [ 15 25 27 28 31 39 44 49 ]
25: [ 3 11 12 15 24 31 39 ]
26: [ 3 37 40 41 43 ]
27: [ 11 16 17 24 40 42 43 44 ]
28: [ 12 24 37 ]
29: [ 1 5 7 14 15 16 21 37 ]
30: [ 10 35 38 39 ]
31: [ 5 6 8 14 21 22 24 25 33 37 ]
32: [ 5 9 10 15 18 21 23 36 37 ]
33: [ 31 38 39 ]
34: [ 5 40 49 ]
35: [ 2 4 12 14 17 22 30 36 39 41 ]
36: [ 6 7 14 20 32 35 37 40 42 46 48 49 ]
37: [ 26 28 29 31 32 36 48 ]
38: [ 1 4 17 30 33 48 ]
39: [ 3 6 24 25 30 33 35 44 ]
40: [ 7 13 16 18 26 27 34 36 41 46 48 ]
41: [ 15 26 35 40 43 ]
42: [ 1 12 18 19 27 36 45 49 ]
43: [ 3 26 27 41 ]
44: [ 14 16 21 24 27 39 ]
45: [ 7 9 13 14 18 42 ]
46: [ 5 18 22 23 36 40 ]
47: [ 11 48 ]
48: [ 2 4 21 36 37 38 40 47 ]
49: [ 7 13 15 21 24 34 36 42 ]
50: [ 4 20 ]
