1: [ 4 8 9 12 13 20 23 26 33 39 45 ]
2: [ 30 31 34 41 ]
3: [ 30 36 ]
4: [ 1 6 8 24 25 26 32 45 ]
5: [ 7 25 39 40 48 ]
6: [ 4 49 ]
7: [ 5 8 41 ]
8: [ 1 4 7 11 14 34 36 37 43 44 47 ]
9: [ 1 10 13 14 16 20 30 36 49 ]
10: [ 9 12 18 25 34 ]
11: [ 8 16 39 41 46 ]
12: [ 1 10 15 31 40 ]
13: [ 1 9 24 41 45 47 ]
14: [ 8 9 21 29 39 ]
15: [ 12 18 22 27 30 33 40 ]
16: [ 9 11 21 38 43 48 ]
17: [ 23 30 37 42 44 49 ]
18: [ 10 15 ]
19: [ 26 27 39 ]
20: [ 1 9 23 25 26 31 32 40 43 ]
21: [ 14 16 23 40 ]
22: [ 15 36 40 ]
23: [ 1 17 20 21 29 36 40 43 ]
24: [ 4 13 ]
25: [ 4 5 10 20 28 36 41 ]
26: [ 1 4 19 20 35 38 41 45 ]
27: [ 15 19 36 46 ]
28: [ 25 ]
29: [ 14 23 34 39 ]
30: [ 2 3 9 15 17 49 ]
31: [ 2 12 20 34 ]
32: [ 4 20 49 ]
33: [ 1 15 ]
34: [ 2 8 10 29 31 37 45 ]
35: [ 26 49 ]
36: [ 3 8 9 22 23 25 27 42 47 48 49 ]
37: [ 8 17 34 41 47 ]
38: [ 16 26 40 50 ]
39: [ 1 5 11 14 19 29 47 ]
40: [ 5 12 15 20 21 22 23 38 ]
41: [ 2 7 11 13 25 26 37 50 ]
42: [ 17 36 45 ]
43: [ 8 16 20 23 46 ]
44: [ 8 17 45 ]
45: [ 1 4 13 26 34 42 44 ]
46: [ 11 27 43 ]
47: [ 8 13 36 37 39 ]
48: [ 5 16 36 ]
49: [ 6 9 17 30 32 35 36 ]
50: [ 38 41 ]
