1: [ 3 5 7 12 21 23 24 27 36 ]
2: [ 15 19 20 25 29 34 40 44 ]
3: [ 1 4 7 15 32 33 35 37 40 ]
4: [ 3 16 20 21 ]
5: [ 1 25 42 ]
6: [ ]
7: [ 1 3 12 18 19 23 31 ]
8: [ 13 27 38 ]
9: [ 15 16 22 39 48 ]
10: [ 19 22 37 47 ]
11: [ 12 26 28 38 39 40 ]
12: [ 1 7 11 18 19 31 35 40 43 50 ]
13: [ 8 18 23 24 34 46 ]
14: [ 27 36 ]
15: [ 2 3 9 21 28 39 ]
16: [ 4 9 18 30 46 ]
17: [ 22 23 33 35 38 42 ]
18: [ 7 12 13 16 24 26 27 41 46 ]
19: [ 2 7 10 12 25 28 40 41 49 ]
20: [ 2 4 22 33 35 46 ]
21: [ 1 4 15 23 33 37 39 42 43 ]
22: [ 9 10 17 20 24 31 33 35 ]
23: [ 1 7 13 17 21 37 38 47 ]
24: [ 1 13 18 22 27 38 ]
25: [ 2 5 19 29 35 38 39 40 ]
26: [ 11 18 35 42 ]
27: [ 1 8 14 18 24 32 33 40 47 ]
28: [ 11 15 19 31 33 ]
29: [ 2 25 41 46 ]
30: [ 16 31 34 35 40 45 47 48 ]
31: [ 7 12 22 28 30 36 45 47 ]
32: [ 3 27 35 ]
33: [ 3 17 20 21 22 27 28 36 40 44 ]
34: [ 2 13 30 35 ]
35: [ 3 12 17 20 22 25 26 30 32 34 44 ]
36: [ 1 14 31 33 ]
37: [ 3 10 21 23 43 ]
38: [ 8 11 17 23 24 25 ]
39: [ 9 11 15 21 25 42 ]
40: [ 2 3 11 12 19 25 27 30 33 42 ]
41: [ 18 19 29 ]
42: [ 5 17 21 26 39 40 ]
43: [ 12 21 37 ]
44: [ 2 33 35 46 ]
45: [ 30 31 ]
46: [ 13 16 18 20 29 44 ]
47: [ 10 23 27 30 31 ]
48: [ 9 30 ]
49: [ 19 ]
50: [ 12 ]
