1: [ 7 13 22 24 42 ]
2: [ 8 17 36 45 47 ]
3: [ 14 23 30 33 ]
4: [ 14 15 20 32 39 43 45 47 ]
5: [ 14 22 23 25 36 50 ]
6: [ 7 13 19 20 21 44 47 48 49 ]
7: [ 1 6 14 23 40 41 50 ]
8: [ 2 40 ]
9: [ 25 34 ]
10: [ 20 26 31 36 ]
11: [ 23 26 34 40 41 ]
12: [ 17 27 33 34 42 ]
13: [ 1 6 36 41 44 48 49 ]
14: [ 3 4 5 7 18 25 27 33 46 48 50 ]
15: [ 4 18 19 22 29 43 ]
16: [ 20 23 26 30 ]
17: [ 2 12 18 46 ]
18: [ 14 15 17 36 38 41 47 50 ]
19: [ 6 15 25 44 45 48 49 ]
20: [ 4 6 10 16 34 42 49 ]
21: [ 6 25 33 39 46 ]
22: [ 1 5 15 50 ]
23: [ 3 5 7 11 16 40 42 ]
24: [ 1 29 39 41 45 ]
25: [ 5 9 14 19 21 37 43 ]
26: [ 10 11 16 28 35 38 40 42 ]
27: [ 12 14 29 35 42 43 ]
28: [ 26 ]
29: [ 15 24 27 44 49 ]
30: [ 3 16 42 50 ]
31: [ 10 32 33 48 ]
32: [ 4 31 33 34 37 40 50 ]
33: [ 3 12 14 21 31 32 40 48 49 50 ]
34: [ 9 11 12 20 32 36 38 43 ]
35: [ 26 27 43 48 ]
36: [ 2 5 10 13 18 34 45 48 49 ]
37: [ 25 32 ]
38: [ 18 26 34 ]
39: [ 4 21 24 ]
40: [ 7 8 11 23 26 32 33 41 50 ]
41: [ 7 11 13 18 24 40 42 48 ]
42: [ 1 12 20 23 26 27 30 41 ]
43: [ 4 15 25 27 34 35 ]
44: [ 6 13 19 29 48 ]
45: [ 2 4 19 24 36 50 ]
46: [ 14 17 21 48 ]
47: [ 2 4 6 18 ]
48: [ 6 13 14 19 31 33 35 36 41 44 46 ]
49: [ 6 13 19 20 29 33 36 ]
50: [ 5 7 14 18 22 30 32 33 40 45 ]
