1: [ 9 15 31 32 34 36 37 ]
2: [ 4 30 38 ]
3: [ 10 14 31 33 35 41 49 ]
4: [ 2 7 30 45 ]
5: [ 8 37 42 48 ]
6: [ 9 13 14 33 34 44 49 ]
7: [ 4 9 17 20 22 29 31 35 41 ]
8: [ 5 25 33 42 50 ]
9: [ 1 6 7 21 25 31 42 ]
10: [ 3 17 25 29 30 37 38 ]
11: [ 13 16 22 32 44 ]
12: [ 20 21 ]
13: [ 6 11 16 34 50 ]
14: [ 3 6 18 21 40 ]
15: [ 1 35 37 44 ]
16: [ 11 13 19 26 39 40 41 ]
17: [ 7 10 45 47 50 ]
18: [ 14 ]
19: [ 16 24 32 34 42 48 ]
20: [ 7 12 31 34 48 50 ]
21: [ 9 12 14 43 45 47 49 ]
22: [ 7 11 24 27 28 31 34 ]
23: [ 24 31 ]
24: [ 19 22 23 25 26 ]
25: [ 8 9 10 24 48 ]
26: [ 16 24 27 33 49 ]
27: [ 22 26 30 33 35 37 ]
28: [ 22 41 ]
29: [ 7 10 30 31 47 48 ]
30: [ 2 4 10 27 29 34 43 47 ]
31: [ 1 3 7 9 20 22 23 29 34 35 44 ]
32: [ 1 11 19 34 39 42 ]
33: [ 3 6 8 26 27 36 37 43 ]
34: [ 1 6 13 19 20 22 30 31 32 ]
35: [ 3 7 15 27 31 42 44 ]
36: [ 1 33 41 43 49 ]
37: [ 1 5 10 15 27 33 50 ]
38: [ 2 10 44 46 49 ]
39: [ 16 32 46 ]
40: [ 14 16 50 ]
41: [ 3 7 16 28 36 ]
42: [ 5 8 9 19 32 35 45 50 ]
43: [ 21 30 33 36 ]
44: [ 6 11 15 31 35 38 48 ]
45: [ 4 17 21 42 ]
46: [ 38 39 ]
47: [ 17 21 29 30 ]
48: [ 5 19 20 25 29 44 ]
49: [ 3 6 21 26 36 38 ]
50: [ 8 13 17 20 37 40 42 ]
