1: [ 7 10 15 22 27 36 42 45 ]
2: [ 3 21 26 34 37 40 ]
3: [ 2 7 14 18 25 29 35 37 49 ]
4: [ 14 26 30 32 42 ]
5: [ 14 22 31 32 37 46 49 ]
6: [ 7 11 15 20 26 28 30 44 45 ]
7: [ 1 3 6 10 17 29 36 43 ]
8: [ 18 23 32 ]
9: [ 16 37 46 47 ]
10: [ 1 7 20 26 27 ]
11: [ 6 14 18 20 25 41 45 48 ]
12: [ 26 32 36 48 50 ]
13: [ 17 24 37 ]
14: [ 3 4 5 11 29 41 46 ]
15: [ 1 6 37 50 ]
16: [ 9 18 47 ]
17: [ 7 13 22 27 ]
18: [ 3 8 11 16 19 21 25 32 ]
19: [ 18 31 44 47 ]
20: [ 6 10 11 23 39 42 ]
21: [ 2 18 36 47 ]
22: [ 1 5 17 41 42 47 49 ]
23: [ 8 20 27 29 49 ]
24: [ 13 28 36 ]
25: [ 3 11 18 28 35 36 38 42 45 50 ]
26: [ 2 4 6 10 12 49 ]
27: [ 1 10 17 23 38 42 45 ]
28: [ 6 24 25 50 ]
29: [ 3 7 14 23 34 36 43 50 ]
30: [ 4 6 43 44 ]
31: [ 5 19 35 ]
32: [ 4 5 8 12 18 38 39 ]
33: [ 38 ]
34: [ 2 29 45 46 ]
35: [ 3 25 31 48 ]
36: [ 1 7 12 21 24 25 29 44 ]
37: [ 2 3 5 9 13 15 ]
38: [ 25 27 32 33 40 42 45 46 ]
39: [ 20 32 ]
40: [ 2 38 ]
41: [ 11 14 22 ]
42: [ 1 4 20 22 25 27 38 48 ]
43: [ 7 29 30 46 48 ]
44: [ 6 19 30 36 50 ]
45: [ 1 6 11 25 27 34 38 49 ]
46: [ 5 9 14 34 38 43 ]
47: [ 9 16 19 21 22 ]
48: [ 11 12 35 42 43 ]
49: [ 3 5 22 23 26 45 ]
50: [ 12 15 25 28 29 44 ]
