1: [ 3 19 28 45 ]
2: [ 9 16 26 33 35 36 ]
3: [ 1 9 24 27 33 ]
4: [ 7 8 13 17 28 29 39 44 45 ]
5: [ 15 22 32 ]
6: [ 18 19 32 36 40 48 ]
7: [ 4 13 22 24 29 33 46 ]
8: [ 4 16 20 31 32 35 47 ]
9: [ 2 3 16 27 29 31 34 ]
10: [ 16 20 31 39 ]
11: [ 17 30 44 ]
12: [ 14 25 38 ]
13: [ 4 7 23 27 30 37 48 ]
14: [ 12 47 48 ]
15: [ 5 16 24 28 34 42 ]
16: [ 2 8 9 10 15 22 29 31 36 46 47 ]
17: [ 4 11 18 20 23 35 ]
18: [ 6 17 22 28 30 34 44 48 ]
19: [ 1 6 31 37 ]
20: [ 8 10 17 28 32 46 ]
21: [ 23 27 30 34 35 38 40 48 ]
22: [ 5 7 16 18 23 28 43 46 ]
23: [ 13 17 21 22 24 33 48 ]
24: [ 3 7 15 23 37 38 ]
25: [ 12 28 30 34 35 47 ]
26: [ 2 33 35 36 37 41 44 ]
27: [ 3 9 13 21 30 33 37 45 ]
28: [ 1 4 15 18 20 22 25 ]
29: [ 4 7 9 16 43 45 ]
30: [ 11 13 18 21 25 27 35 37 ]
31: [ 8 9 10 16 19 36 38 ]
32: [ 5 6 8 20 37 49 ]
33: [ 2 3 7 23 26 27 34 42 49 ]
34: [ 9 15 18 21 25 33 40 48 49 ]
35: [ 2 8 17 21 25 26 30 ]
36: [ 2 6 16 26 31 46 50 ]
37: [ 13 19 24 26 27 30 32 45 ]
38: [ 12 21 24 31 ]
39: [ 4 10 46 ]
40: [ 6 21 34 43 46 47 ]
41: [ 26 ]
42: [ 15 33 44 48 ]
43: [ 22 29 40 48 ]
44: [ 4 11 18 26 42 49 ]
45: [ 1 4 27 29 37 ]
46: [ 7 16 20 22 36 39 40 ]
47: [ 8 14 16 25 40 50 ]
48: [ 6 13 14 18 21 23 34 42 43 ]
49: [ 32 33 34 44 ]
50: [ 36 47 ]
