1: [ 16 20 26 31 34 50 ]
2: [ 30 ]
3: [ 31 39 41 ]
4: [ 11 14 23 27 29 35 36 ]
5: [ 10 15 37 38 50 ]
6: [ 28 35 36 37 48 ]
7: [ 11 18 31 34 43 45 ]
8: [ 21 33 ]
9: [ 14 15 17 19 22 34 35 ]
10: [ 5 19 24 31 33 34 ]
11: [ 4 7 13 23 32 35 38 41 43 44 ]
12: [ 27 34 48 50 ]
13: [ 11 21 24 34 47 ]
14: [ 4 9 16 42 43 ]
15: [ 5 9 50 ]
16: [ 1 14 18 30 34 47 ]
17: [ 9 21 29 33 44 49 ]
18: [ 7 16 19 25 29 41 ]
19: [ 9 10 18 33 ]
20: [ 1 31 32 35 ]
21: [ 8 13 17 36 42 ]
22: [ 9 38 46 47 ]
23: [ 4 11 24 31 37 46 50 ]
24: [ 10 13 23 ]
25: [ 18 30 46 ]
26: [ 1 ]
27: [ 4 12 30 31 35 38 41 46 ]
28: [ 6 37 38 47 50 ]
29: [ 4 17 18 30 42 46 ]
30: [ 2 16 25 27 29 31 34 38 41 42 48 ]
31: [ 1 3 7 10 20 23 27 30 50 ]
32: [ 11 20 49 ]
33: [ 8 10 17 19 46 ]
34: [ 1 7 9 10 12 13 16 30 47 ]
35: [ 4 6 9 11 20 27 37 41 ]
36: [ 4 6 21 37 44 46 49 ]
37: [ 5 6 23 28 35 36 38 39 ]
38: [ 5 11 22 27 28 30 37 48 ]
39: [ 3 37 49 ]
40: [ 47 ]
41: [ 3 11 18 27 30 35 47 49 ]
42: [ 14 21 29 30 ]
43: [ 7 11 14 ]
44: [ 11 17 36 ]
45: [ 7 50 ]
46: [ 22 23 25 27 29 33 36 ]
47: [ 13 16 22 28 34 40 41 ]
48: [ 6 12 30 38 ]
49: [ 17 32 36 39 41 ]
50: [ 1 5 12 15 23 28 31 45 ]
