1: [ 8 23 24 28 37 42 ]
2: [ 48 ]
3: [ 13 20 30 50 ]
4: [ 8 14 22 26 30 42 ]
5: [ 14 23 32 34 ]
6: [ 11 15 25 30 36 ]
7: [ 9 11 22 27 34 48 49 ]
8: [ 1 4 12 17 21 22 28 ]
9: [ 7 34 38 50 ]
10: [ 17 37 44 46 48 ]
11: [ 6 7 15 24 26 28 31 41 45 ]
12: [ 8 22 26 30 35 ]
13: [ 3 15 28 38 39 ]
14: [ 4 5 31 41 43 ]
15: [ 6 11 13 21 25 41 47 48 ]
16: [ 36 39 41 44 45 50 ]
17: [ 8 10 24 27 41 47 ]
18: [ 22 26 35 36 38 39 ]
19: [ 29 45 ]
20: [ 3 23 25 27 33 39 ]
21: [ 8 15 24 26 29 ]
22: [ 4 7 8 12 18 35 38 ]
23: [ 1 5 20 28 32 46 49 ]
24: [ 1 11 17 21 44 47 ]
25: [ 6 15 20 35 41 ]
26: [ 4 11 12 18 21 35 ]
27: [ 7 17 20 31 38 45 48 ]
28: [ 1 8 11 13 23 35 ]
29: [ 19 21 44 46 ]
30: [ 3 4 6 12 32 ]
31: [ 11 14 27 42 ]
32: [ 5 23 30 36 40 46 47 49 ]
33: [ 20 41 ]
34: [ 5 7 9 38 39 ]
35: [ 12 18 22 25 26 28 41 48 49 ]
36: [ 6 16 18 32 40 43 46 47 ]
37: [ 1 10 44 45 ]
38: [ 9 13 18 22 27 34 39 40 46 ]
39: [ 13 16 18 20 34 38 40 ]
40: [ 32 36 38 39 45 49 ]
41: [ 11 14 15 16 17 25 33 35 ]
42: [ 1 4 31 ]
43: [ 14 36 45 ]
44: [ 10 16 24 29 37 ]
45: [ 11 16 19 27 37 40 43 49 ]
46: [ 10 23 29 32 36 38 47 50 ]
47: [ 15 17 24 32 36 46 ]
48: [ 2 7 10 15 27 35 ]
49: [ 7 23 32 35 40 45 ]
50: [ 3 9 16 46 ]
