1: [ 3 25 37 ]
2: [ 7 11 22 25 26 36 41 50 ]
3: [ 1 11 18 22 28 31 43 ]
4: [ 18 31 48 50 ]
5: [ 20 26 37 ]
6: [ 15 22 23 30 43 ]
7: [ 2 12 26 ]
8: [ 34 37 38 41 ]
9: [ 23 26 29 37 41 49 ]
10: [ 16 17 31 43 ]
11: [ 2 3 30 37 49 ]
12: [ 7 18 28 32 38 ]
13: [ 14 ]
14: [ 13 17 22 ]
15: [ 6 26 48 ]
16: [ 10 25 40 41 43 ]
17: [ 10 14 28 33 35 36 49 ]
18: [ 3 4 12 29 32 34 38 47 49 ]
19: [ 22 23 25 30 34 36 41 42 45 49 ]
20: [ 5 23 33 35 ]
21: [ 24 42 ]
22: [ 2 3 6 14 19 23 26 28 31 38 ]
23: [ 6 9 19 20 22 34 37 38 ]
24: [ 21 29 31 33 ]
25: [ 1 2 16 19 38 41 47 ]
26: [ 2 5 7 9 15 22 27 ]
27: [ 26 42 43 ]
28: [ 3 12 17 22 31 36 41 42 ]
29: [ 9 18 24 42 ]
30: [ 6 11 19 35 43 45 47 ]
31: [ 3 4 10 22 24 28 35 45 48 ]
32: [ 12 18 47 48 ]
33: [ 17 20 24 35 48 ]
34: [ 8 18 19 23 37 46 49 ]
35: [ 17 20 30 31 33 37 40 43 45 ]
36: [ 2 17 19 28 37 42 44 ]
37: [ 1 5 8 9 11 23 34 35 36 38 ]
38: [ 8 12 18 22 23 25 37 39 40 41 ]
39: [ 38 ]
40: [ 16 35 38 ]
41: [ 2 8 9 16 19 25 28 38 49 50 ]
42: [ 19 21 27 28 29 36 45 49 50 ]
43: [ 3 6 10 16 27 30 35 ]
44: [ 36 ]
45: [ 19 30 31 35 42 ]
46: [ 34 ]
47: [ 18 25 30 32 ]
48: [ 4 15 31 32 33 49 ]
49: [ 9 11 17 18 19 34 41 42 48 ]
50: [ 2 4 41 42 ]
