1: [ 14 36 ]
2: [ 21 27 45 ]
3: [ 7 34 43 ]
4: [ 22 24 28 39 43 50 ]
5: [ 12 14 15 30 42 ]
6: [ 13 27 39 ]
7: [ 3 9 11 14 19 23 25 33 42 47 ]
8: [ 11 12 23 26 34 43 44 50 ]
9: [ 7 29 34 37 ]
10: [ 31 39 48 ]
11: [ 7 8 28 36 46 47 ]
12: [ 5 8 20 31 45 50 ]
13: [ 6 30 ]
14: [ 1 5 7 17 22 27 34 35 40 ]
15: [ 5 16 33 39 44 48 ]
16: [ 15 49 ]
17: [ 14 38 ]
18: [ 34 ]
19: [ 7 23 25 35 50 ]
20: [ 12 22 46 48 ]
21: [ 2 22 31 34 42 47 48 ]
22: [ 4 14 20 21 27 28 38 42 48 49 ]
23: [ 7 8 19 41 ]
24: [ 4 48 50 ]
25: [ 7 19 26 30 32 43 44 47 ]
26: [ 8 25 29 31 32 37 43 ]
27: [ 2 6 14 22 37 50 ]
28: [ 4 11 22 31 47 49 ]
29: [ 9 26 34 45 50 ]
30: [ 5 13 25 34 39 ]
31: [ 10 12 21 26 28 32 35 44 ]
32: [ 25 26 31 40 44 45 ]
33: [ 7 15 ]
34: [ 3 8 9 14 18 21 29 30 37 ]
35: [ 14 19 31 45 ]
36: [ 1 11 48 49 ]
37: [ 9 26 27 34 45 48 ]
38: [ 17 22 39 48 ]
39: [ 4 6 10 15 30 38 41 47 49 ]
40: [ 14 32 46 ]
41: [ 23 39 50 ]
42: [ 5 7 21 22 46 48 ]
43: [ 3 4 8 25 26 ]
44: [ 8 15 25 31 32 ]
45: [ 2 12 29 32 35 37 ]
46: [ 11 20 40 42 ]
47: [ 7 11 21 25 28 39 48 ]
48: [ 10 15 20 21 22 24 36 37 38 42 47 ]
49: [ 16 22 28 36 39 ]
50: [ 4 8 12 19 24 27 29 41 ]
