1: [ 10 17 19 25 35 43 ]
2: [ 9 12 21 34 46 47 ]
3: [ 18 21 26 30 ]
4: [ 14 36 ]
5: [ 21 33 35 41 ]
6: [ 10 11 39 44 45 49 ]
7: [ 12 14 20 23 30 33 34 ]
8: [ 21 30 31 39 50 ]
9: [ 2 11 23 28 29 30 34 41 46 ]
10: [ 1 6 24 29 30 31 35 47 49 ]
11: [ 6 9 22 30 33 34 48 50 ]
12: [ 2 7 15 22 30 32 33 41 44 46 47 49 ]
13: [ 22 31 45 49 50 ]
14: [ 4 7 26 28 35 47 ]
15: [ 12 23 26 34 41 44 46 ]
16: [ 18 35 42 49 ]
17: [ 1 18 24 37 45 49 50 ]
18: [ 3 16 17 28 48 49 50 ]
19: [ 1 26 35 47 ]
20: [ 7 21 25 27 34 41 42 43 47 ]
21: [ 2 3 5 8 20 27 31 44 ]
22: [ 11 12 13 50 ]
23: [ 7 9 15 26 31 33 36 ]
24: [ 10 17 47 49 50 ]
25: [ 1 20 ]
26: [ 3 14 15 19 23 28 29 31 ]
27: [ 20 21 39 46 ]
28: [ 9 14 18 26 42 ]
29: [ 9 10 26 31 34 36 40 45 ]
30: [ 3 7 8 9 10 11 12 34 ]
31: [ 8 10 13 21 23 26 29 36 46 ]
32: [ 12 33 36 ]
33: [ 5 7 11 12 23 32 41 50 ]
34: [ 2 7 9 11 15 20 29 30 36 45 ]
35: [ 1 5 10 14 16 19 ]
36: [ 4 23 29 31 32 34 42 ]
37: [ 17 42 45 47 50 ]
38: [ 48 ]
39: [ 6 8 27 48 ]
40: [ 29 41 ]
41: [ 5 9 12 15 20 33 40 ]
42: [ 16 20 28 36 37 49 50 ]
43: [ 1 20 ]
44: [ 6 12 15 21 46 50 ]
45: [ 6 13 17 29 34 37 48 ]
46: [ 2 9 12 15 27 31 44 ]
47: [ 2 10 12 14 19 20 24 37 ]
48: [ 11 18 38 39 45 ]
49: [ 6 10 12 13 16 17 18 24 42 ]
50: [ 8 11 13 17 18 22 24 33 37 42 44 ]
