1: [ 2 11 29 ]
2: [ 1 ]
3: [ 17 35 ]
4: [ 6 10 16 26 28 34 41 45 ]
5: [ 27 33 39 ]
6: [ 4 8 15 16 26 28 30 ]
7: [ 12 14 37 39 ]
8: [ 6 10 12 19 21 32 38 44 45 ]
9: [ 23 29 36 41 43 ]
10: [ 4 8 19 24 30 32 40 43 45 ]
11: [ 1 24 31 34 ]
12: [ 7 8 41 ]
13: [ 18 25 27 31 35 36 40 ]
14: [ 7 19 20 32 40 47 49 ]
15: [ 6 19 23 31 37 43 49 50 ]
16: [ 4 6 23 32 34 38 43 50 ]
17: [ 3 21 34 37 ]
18: [ 13 32 36 41 ]
19: [ 8 10 14 15 21 29 30 43 ]
20: [ 14 ]
21: [ 8 17 19 36 37 ]
22: [ ]
23: [ 9 15 16 43 ]
24: [ 10 11 25 27 49 ]
25: [ 13 24 28 37 42 45 ]
26: [ 4 6 28 29 37 50 ]
27: [ 5 13 24 30 34 43 46 47 ]
28: [ 4 6 25 26 37 42 ]
29: [ 1 9 19 26 38 ]
30: [ 6 10 19 27 31 50 ]
31: [ 11 13 15 30 35 46 48 ]
32: [ 8 10 14 16 18 35 ]
33: [ 5 47 ]
34: [ 4 11 16 17 27 ]
35: [ 3 13 31 32 ]
36: [ 9 13 18 21 50 ]
37: [ 7 15 17 21 25 26 28 45 47 ]
38: [ 8 16 29 ]
39: [ 5 7 ]
40: [ 10 13 14 42 ]
41: [ 4 9 12 18 50 ]
42: [ 25 28 40 43 ]
43: [ 9 10 15 16 19 23 27 42 45 46 ]
44: [ 8 50 ]
45: [ 4 8 10 25 37 43 47 ]
46: [ 27 31 43 ]
47: [ 14 27 33 37 45 49 ]
48: [ 31 ]
49: [ 14 15 24 47 ]
50: [ 15 16 26 30 36 41 44 ]
