1: [ 6 12 36 37 43 ]
2: [ 9 10 16 34 46 ]
3: [ 15 21 26 27 30 32 47 48 ]
4: [ 18 23 27 30 35 44 ]
5: [ 16 19 27 33 36 42 46 ]
6: [ 1 11 14 23 30 40 49 ]
7: [ 8 38 43 ]
8: [ 7 11 12 19 23 28 34 38 40 42 43 ]
9: [ 2 ]
10: [ 2 12 14 29 38 40 42 43 44 ]
11: [ 6 8 15 18 26 45 47 48 49 ]
12: [ 1 8 10 16 24 33 44 ]
13: [ 22 31 33 36 40 ]
14: [ 6 10 16 ]
15: [ 3 11 19 22 29 38 46 ]
16: [ 2 5 12 14 21 24 26 46 ]
17: [ 30 39 ]
18: [ 4 11 27 40 46 47 ]
19: [ 5 8 15 22 35 37 44 ]
20: [ 26 ]
21: [ 3 16 22 28 37 ]
22: [ 13 15 19 21 30 45 ]
23: [ 4 6 8 27 28 30 39 ]
24: [ 12 16 25 32 34 38 39 ]
25: [ 24 33 42 ]
26: [ 3 11 16 20 38 50 ]
27: [ 3 4 5 18 23 33 39 ]
28: [ 8 21 23 31 42 ]
29: [ 10 15 31 35 39 ]
30: [ 3 4 6 17 22 23 36 39 41 44 ]
31: [ 13 28 29 40 44 49 50 ]
32: [ 3 24 34 38 ]
33: [ 5 12 13 25 27 36 48 50 ]
34: [ 2 8 24 32 38 49 ]
35: [ 4 19 29 ]
36: [ 1 5 13 30 33 47 ]
37: [ 1 19 21 ]
38: [ 7 8 10 15 24 26 32 34 45 47 ]
39: [ 17 23 24 27 29 30 46 ]
40: [ 6 8 10 13 18 31 46 ]
41: [ 30 49 ]
42: [ 5 8 10 25 28 44 ]
43: [ 1 7 8 10 ]
44: [ 4 10 12 19 30 31 42 ]
45: [ 11 22 38 47 ]
46: [ 2 5 15 16 18 39 40 47 ]
47: [ 3 11 18 36 38 45 46 49 50 ]
48: [ 3 11 33 49 ]
49: [ 6 11 31 34 41 47 48 ]
50: [ 26 31 33 47 ]
