1: [ 9 10 11 13 22 42 43 ]
2: [ 7 18 23 43 49 ]
3: [ 4 5 27 35 40 ]
4: [ 3 10 17 23 25 30 34 46 48 ]
5: [ 3 15 17 21 26 44 46 ]
6: [ 8 10 14 25 38 42 47 ]
7: [ 2 37 ]
8: [ 6 18 ]
9: [ 1 13 25 ]
10: [ 1 4 6 16 35 43 ]
11: [ 1 17 20 21 29 42 43 47 ]
12: [ 23 26 28 34 48 ]
13: [ 1 9 16 23 27 49 ]
14: [ 6 50 ]
15: [ 5 17 30 37 44 46 ]
16: [ 10 13 17 42 ]
17: [ 4 5 11 15 16 23 29 33 35 44 ]
18: [ 2 8 25 34 40 48 ]
19: [ 29 35 42 48 ]
20: [ 11 23 44 ]
21: [ 5 11 23 38 43 ]
22: [ 1 34 37 ]
23: [ 2 4 12 13 17 20 21 25 26 31 39 40 ]
24: [ 31 34 35 ]
25: [ 4 6 9 18 23 37 46 ]
26: [ 5 12 23 46 49 ]
27: [ 3 13 30 36 42 49 50 ]
28: [ 12 29 43 ]
29: [ 11 17 19 28 41 49 ]
30: [ 4 15 27 40 41 42 46 ]
31: [ 23 24 35 42 45 ]
32: [ 44 ]
33: [ 17 34 43 ]
34: [ 4 12 18 22 24 33 46 ]
35: [ 3 10 17 19 24 31 ]
36: [ 27 40 ]
37: [ 7 15 22 25 39 ]
38: [ 6 21 39 40 ]
39: [ 23 37 38 40 ]
40: [ 3 18 23 30 36 38 39 41 49 ]
41: [ 29 30 40 44 45 50 ]
42: [ 1 6 11 16 19 27 30 31 49 50 ]
43: [ 1 2 10 11 21 28 33 46 ]
44: [ 5 15 17 20 32 41 49 ]
45: [ 31 41 ]
46: [ 4 5 15 25 26 30 34 43 48 49 ]
47: [ 6 11 ]
48: [ 4 12 18 19 46 ]
49: [ 2 13 26 27 29 40 42 44 46 ]
50: [ 14 27 41 42 ]
