1: [ 6 13 26 32 35 42 45 48 50 ]
2: [ 10 12 17 18 22 24 28 39 40 45 ]
3: [ 16 ]
4: [ 11 13 25 29 32 36 40 ]
5: [ 6 9 19 33 39 43 47 ]
6: [ 1 5 16 38 ]
7: [ 21 28 49 ]
8: [ 24 50 ]
9: [ 5 11 19 47 49 ]
10: [ 2 45 ]
11: [ 4 9 12 15 16 24 26 27 32 37 44 ]
12: [ 2 11 ]
13: [ 1 4 15 29 34 38 39 46 ]
14: [ 32 36 42 44 ]
15: [ 11 13 20 33 41 43 ]
16: [ 3 6 11 20 26 39 ]
17: [ 2 30 40 ]
18: [ 2 23 37 ]
19: [ 5 9 21 42 48 50 ]
20: [ 15 16 21 35 40 ]
21: [ 7 19 20 33 44 ]
22: [ 2 40 ]
23: [ 18 28 40 44 50 ]
24: [ 2 8 11 31 41 44 48 49 ]
25: [ 4 30 43 46 48 ]
26: [ 1 11 16 35 49 ]
27: [ 11 45 ]
28: [ 2 7 23 29 39 48 ]
29: [ 4 13 28 34 36 ]
30: [ 17 25 38 44 48 ]
31: [ 24 35 44 ]
32: [ 1 4 11 14 46 ]
33: [ 5 15 21 ]
34: [ 13 29 38 39 ]
35: [ 1 20 26 31 37 41 42 43 48 49 ]
36: [ 4 14 29 40 ]
37: [ 11 18 35 49 50 ]
38: [ 6 13 30 34 41 46 ]
39: [ 2 5 13 16 28 34 46 50 ]
40: [ 2 4 17 20 22 23 36 43 ]
41: [ 15 24 35 38 42 43 ]
42: [ 1 14 19 35 41 ]
43: [ 5 15 25 35 40 41 46 ]
44: [ 11 14 21 23 24 30 31 ]
45: [ 1 2 10 27 47 ]
46: [ 13 25 32 38 39 43 49 ]
47: [ 5 9 45 ]
48: [ 1 19 24 25 28 30 35 ]
49: [ 7 9 24 26 35 37 46 50 ]
50: [ 1 8 19 23 37 39 49 ]
