1: [ 7 13 25 37 49 ]
2: [ 12 14 15 31 32 35 48 ]
3: [ 6 19 24 27 36 37 50 ]
4: [ 7 10 12 19 22 25 32 38 45 50 ]
5: [ 14 20 36 41 43 ]
6: [ 3 16 17 25 32 45 ]
7: [ 1 4 10 12 32 36 37 38 ]
8: [ 13 22 25 29 45 ]
9: [ 12 28 32 33 ]
10: [ 4 7 16 18 ]
11: [ 13 16 43 46 47 50 ]
12: [ 2 4 7 9 23 29 32 35 ]
13: [ 1 8 11 17 25 45 ]
14: [ 2 5 27 30 33 40 ]
15: [ 2 29 50 ]
16: [ 6 10 11 29 30 46 50 ]
17: [ 6 13 30 31 ]
18: [ 10 20 35 36 ]
19: [ 3 4 41 47 ]
20: [ 5 18 30 33 ]
21: [ 39 40 ]
22: [ 4 8 23 32 46 ]
23: [ 12 22 28 30 41 49 ]
24: [ 3 44 47 ]
25: [ 1 4 6 8 13 38 40 42 45 ]
26: [ 43 ]
27: [ 3 14 32 50 ]
28: [ 9 23 30 34 35 46 47 50 ]
29: [ 8 12 15 16 ]
30: [ 14 16 17 20 23 28 33 ]
31: [ 2 17 34 35 40 50 ]
32: [ 2 4 6 7 9 12 22 27 49 ]
33: [ 9 14 20 30 37 49 ]
34: [ 28 31 37 ]
35: [ 2 12 18 28 31 ]
36: [ 3 5 7 18 38 39 40 44 ]
37: [ 1 3 7 33 34 44 ]
38: [ 4 7 25 36 ]
39: [ 21 36 46 ]
40: [ 14 21 25 31 36 44 ]
41: [ 5 19 23 ]
42: [ 25 ]
43: [ 5 11 26 ]
44: [ 24 36 37 40 ]
45: [ 4 6 8 13 25 ]
46: [ 11 16 22 28 39 ]
47: [ 11 19 24 28 ]
48: [ 2 ]
49: [ 1 23 32 33 ]
50: [ 3 4 11 15 16 27 28 31 ]
