1: [ 3 4 6 16 17 22 33 ]
2: [ 12 21 31 41 ]
3: [ 1 7 13 26 41 ]
4: [ 1 10 13 22 23 35 46 48 ]
5: [ 11 22 29 41 44 47 ]
6: [ 1 11 18 23 27 42 ]
7: [ 3 11 36 ]
8: [ 30 ]
9: [ 10 22 23 28 31 35 43 ]
10: [ 4 9 19 23 29 33 41 44 49 ]
11: [ 5 6 7 22 25 36 38 50 ]
12: [ 2 18 20 25 35 38 43 ]
13: [ 3 4 17 23 31 35 47 50 ]
14: [ ]
15: [ 20 41 43 44 ]
16: [ 1 25 49 ]
17: [ 1 13 26 31 44 ]
18: [ 6 12 29 ]
19: [ 10 26 27 33 34 43 44 ]
20: [ 12 15 33 42 48 49 ]
21: [ 2 24 33 39 50 ]
22: [ 1 4 5 9 11 37 ]
23: [ 4 6 9 10 13 24 37 41 47 ]
24: [ 21 23 25 36 ]
25: [ 11 12 16 24 26 28 41 45 48 50 ]
26: [ 3 17 19 25 39 42 ]
27: [ 6 19 34 50 ]
28: [ 9 25 35 39 49 ]
29: [ 5 10 18 30 31 38 41 47 ]
30: [ 8 29 43 50 ]
31: [ 2 9 13 17 29 36 ]
32: [ 33 49 ]
33: [ 1 10 19 20 21 32 46 48 50 ]
34: [ 19 27 45 ]
35: [ 4 9 12 13 28 38 42 ]
36: [ 7 11 24 31 ]
37: [ 22 23 47 ]
38: [ 11 12 29 35 48 ]
39: [ 21 26 28 46 50 ]
40: [ ]
41: [ 2 3 5 10 15 23 25 29 ]
42: [ 6 20 26 35 44 49 ]
43: [ 9 12 15 19 30 44 ]
44: [ 5 10 15 17 19 42 43 ]
45: [ 25 34 ]
46: [ 4 33 39 ]
47: [ 5 13 23 29 37 ]
48: [ 4 20 25 33 38 ]
49: [ 10 16 20 28 32 42 ]
50: [ 11 13 21 25 27 30 33 39 ]
