1: [ 4 13 46 ]
2: [ 12 16 22 32 ]
3: [ 6 12 18 31 37 38 ]
4: [ 1 15 32 33 36 38 46 48 50 ]
5: [ 17 27 32 42 44 45 47 ]
6: [ 3 13 16 18 24 29 34 49 ]
7: [ 18 24 25 37 ]
8: [ 11 18 19 27 29 31 ]
9: [ 27 29 ]
10: [ 11 17 25 31 36 40 46 ]
11: [ 8 10 13 38 44 45 ]
12: [ 2 3 24 29 33 35 43 45 46 50 ]
13: [ 1 6 11 21 24 35 44 ]
14: [ 22 24 47 ]
15: [ 4 16 21 37 ]
16: [ 2 6 15 22 24 33 41 45 50 ]
17: [ 5 10 24 26 34 40 44 47 ]
18: [ 3 6 7 8 30 32 40 45 ]
19: [ 8 22 38 40 ]
20: [ 32 36 38 41 46 ]
21: [ 13 15 ]
22: [ 2 14 16 19 29 40 45 ]
23: [ 37 46 50 ]
24: [ 6 7 12 13 14 16 17 41 43 46 ]
25: [ 7 10 ]
26: [ 17 31 33 37 40 44 ]
27: [ 5 8 9 38 ]
28: [ 30 47 50 ]
29: [ 6 8 9 12 22 37 46 ]
30: [ 18 28 38 ]
31: [ 3 8 10 26 40 42 44 ]
32: [ 2 4 5 18 20 36 40 43 46 ]
33: [ 4 12 16 26 ]
34: [ 6 17 38 42 50 ]
35: [ 12 13 ]
36: [ 4 10 20 32 37 49 ]
37: [ 3 7 15 23 26 29 36 ]
38: [ 3 4 11 19 20 27 30 34 ]
39: [ ]
40: [ 10 17 18 19 22 26 31 32 ]
41: [ 16 20 24 50 ]
42: [ 5 31 34 ]
43: [ 12 24 32 44 ]
44: [ 5 11 13 17 26 31 43 48 ]
45: [ 5 11 12 16 18 22 ]
46: [ 1 4 10 12 20 23 24 29 32 49 ]
47: [ 5 14 17 28 ]
48: [ 4 44 ]
49: [ 6 36 46 ]
50: [ 4 12 16 23 28 34 41 ]
