1: [ 4 9 21 29 30 50 ]
2: [ 11 21 24 28 37 ]
3: [ 22 24 25 27 30 ]
4: [ 1 11 20 23 24 33 35 36 42 44 ]
5: [ 21 33 36 ]
6: [ 11 18 24 26 41 46 50 ]
7: [ 29 40 ]
8: [ 9 11 18 24 40 46 ]
9: [ 1 8 13 38 45 ]
10: [ 33 37 38 39 40 ]
11: [ 2 4 6 8 18 33 42 44 45 ]
12: [ 13 30 36 44 49 ]
13: [ 9 12 28 31 34 37 39 43 45 ]
14: [ 23 31 41 ]
15: [ 17 21 31 ]
16: [ 26 30 ]
17: [ 15 29 ]
18: [ 6 8 11 36 38 41 ]
19: [ 20 36 44 ]
20: [ 4 19 24 30 31 33 40 ]
21: [ 1 2 5 15 30 40 46 47 49 ]
22: [ 3 26 28 36 46 ]
23: [ 4 14 28 29 35 36 42 ]
24: [ 2 3 4 6 8 20 26 34 46 ]
25: [ 3 50 ]
26: [ 6 16 22 24 33 ]
27: [ 3 29 31 38 49 ]
28: [ 2 13 22 23 37 40 43 49 ]
29: [ 1 7 17 23 27 30 34 36 38 ]
30: [ 1 3 12 16 20 21 29 43 47 ]
31: [ 13 14 15 20 27 34 37 38 49 ]
32: [ 33 38 45 ]
33: [ 4 5 10 11 20 26 32 39 ]
34: [ 13 24 29 31 42 ]
35: [ 4 23 47 ]
36: [ 4 5 12 18 19 22 23 29 39 41 46 ]
37: [ 2 10 13 28 31 43 44 ]
38: [ 9 10 18 27 29 31 32 40 ]
39: [ 10 13 33 36 43 45 48 ]
40: [ 7 8 10 20 21 28 38 42 44 ]
41: [ 6 14 18 36 43 45 50 ]
42: [ 4 11 23 34 40 46 ]
43: [ 13 28 30 37 39 41 46 ]
44: [ 4 11 12 19 37 40 47 ]
45: [ 9 11 13 32 39 41 ]
46: [ 6 8 21 22 24 36 42 43 ]
47: [ 21 30 35 44 ]
48: [ 39 49 ]
49: [ 12 21 27 28 31 48 ]
50: [ 1 6 25 41 ]
