1: [ 6 7 18 19 37 38 41 ]
2: [ 6 35 40 46 ]
3: [ 5 14 15 16 19 38 ]
4: [ 15 19 23 34 47 ]
5: [ 3 9 22 32 41 48 ]
6: [ 1 2 8 11 12 29 32 33 43 45 ]
7: [ 1 9 12 16 19 20 23 32 37 ]
8: [ 6 12 35 37 40 45 48 ]
9: [ 5 7 15 21 22 35 44 ]
10: [ 28 32 42 ]
11: [ 6 12 22 ]
12: [ 6 7 8 11 16 17 34 45 ]
13: [ 42 ]
14: [ 3 21 22 40 45 48 49 ]
15: [ 3 4 9 20 ]
16: [ 3 7 12 26 31 50 ]
17: [ 12 20 23 24 34 39 41 ]
18: [ 1 22 23 24 41 49 ]
19: [ 1 3 4 7 22 23 29 ]
20: [ 7 15 17 25 30 41 47 ]
21: [ 9 14 29 37 ]
22: [ 5 9 11 14 18 19 31 ]
23: [ 4 7 17 18 19 28 43 ]
24: [ 17 18 27 ]
25: [ 20 39 ]
26: [ 16 35 49 ]
27: [ 24 45 ]
28: [ 10 23 42 ]
29: [ 6 19 21 43 ]
30: [ 20 31 37 38 39 ]
31: [ 16 22 30 33 34 37 46 ]
32: [ 5 6 7 10 34 35 37 38 ]
33: [ 6 31 36 38 41 ]
34: [ 4 12 17 31 32 ]
35: [ 2 8 9 26 32 43 ]
36: [ 33 ]
37: [ 1 7 8 21 30 31 32 38 45 ]
38: [ 1 3 30 32 33 37 39 ]
39: [ 17 25 30 38 ]
40: [ 2 8 14 48 ]
41: [ 1 5 17 18 20 33 43 50 ]
42: [ 10 13 28 48 ]
43: [ 6 23 29 35 41 45 ]
44: [ 9 ]
45: [ 6 8 12 14 27 37 43 48 ]
46: [ 2 31 ]
47: [ 4 20 ]
48: [ 5 8 14 40 42 45 ]
49: [ 14 18 26 ]
50: [ 16 41 ]
