1: [ 6 18 27 31 38 39 46 47 ]
2: [ 7 16 17 36 45 50 ]
3: [ 7 20 23 28 39 48 ]
4: [ 7 10 18 24 40 46 47 ]
5: [ 14 22 25 30 31 32 34 45 ]
6: [ 1 22 33 48 ]
7: [ 2 3 4 9 18 22 25 34 41 44 ]
8: [ 18 21 31 ]
9: [ 7 12 20 34 41 ]
10: [ 4 41 50 ]
11: [ 19 33 38 41 44 ]
12: [ 9 29 33 44 46 49 50 ]
13: [ 17 36 ]
14: [ 5 31 33 49 ]
15: [ ]
16: [ 2 35 38 42 46 ]
17: [ 2 13 22 24 29 ]
18: [ 1 4 7 8 30 36 42 44 45 ]
19: [ 11 ]
20: [ 3 9 21 39 44 48 ]
21: [ 8 20 31 33 48 ]
22: [ 5 6 7 17 ]
23: [ 3 28 35 46 ]
24: [ 4 17 38 ]
25: [ 5 7 38 40 50 ]
26: [ 46 ]
27: [ 1 29 32 43 50 ]
28: [ 3 23 39 ]
29: [ 12 17 27 42 ]
30: [ 5 18 34 39 44 ]
31: [ 1 5 8 14 21 35 49 50 ]
32: [ 5 27 38 39 43 46 ]
33: [ 6 11 12 14 21 34 42 46 ]
34: [ 5 7 9 30 33 50 ]
35: [ 16 23 31 49 ]
36: [ 2 13 18 37 41 46 ]
37: [ 36 ]
38: [ 1 11 16 24 25 32 46 ]
39: [ 1 3 20 28 30 32 45 50 ]
40: [ 4 25 ]
41: [ 7 9 10 11 36 42 48 ]
42: [ 16 18 29 33 41 45 ]
43: [ 27 32 46 ]
44: [ 7 11 12 18 20 30 ]
45: [ 2 5 18 39 42 49 ]
46: [ 1 4 12 16 23 26 32 33 36 38 43 ]
47: [ 1 4 ]
48: [ 3 6 20 21 41 49 ]
49: [ 12 14 31 35 45 48 ]
50: [ 2 10 12 25 27 31 34 39 ]
