1: [ 40 47 49 ]
2: [ 4 10 28 33 36 46 ]
3: [ 8 16 17 33 38 40 50 ]
4: [ 2 11 18 22 34 ]
5: [ 15 35 47 ]
6: [ 9 16 24 26 37 ]
7: [ 13 16 32 42 ]
8: [ 3 16 18 22 37 46 ]
9: [ 6 11 22 30 39 49 50 ]
10: [ 2 15 21 24 26 33 41 47 49 ]
11: [ 4 9 30 34 47 ]
12: [ 44 46 ]
13: [ 7 17 27 31 32 39 40 46 ]
14: [ 15 18 24 35 40 ]
15: [ 5 10 14 33 36 43 ]
16: [ 3 6 7 8 35 40 45 ]
17: [ 3 13 20 21 27 31 47 ]
18: [ 4 8 14 22 27 30 33 44 46 ]
19: [ 36 ]
20: [ 17 22 26 32 33 ]
21: [ 10 17 23 25 33 34 36 44 ]
22: [ 4 8 9 18 20 23 36 ]
23: [ 21 22 27 29 35 50 ]
24: [ 6 10 14 27 30 37 49 ]
25: [ 21 ]
26: [ 6 10 20 35 37 40 ]
27: [ 13 17 18 23 24 39 47 ]
28: [ 2 34 ]
29: [ 23 31 32 ]
30: [ 9 11 18 24 34 36 43 47 48 ]
31: [ 13 17 29 37 44 ]
32: [ 7 13 20 29 43 ]
33: [ 2 3 10 15 18 20 21 37 45 ]
34: [ 4 11 21 28 30 38 43 ]
35: [ 5 14 16 23 26 47 ]
36: [ 2 15 19 21 22 30 ]
37: [ 6 8 24 26 31 33 43 ]
38: [ 3 34 ]
39: [ 9 13 27 43 47 ]
40: [ 1 3 13 14 16 26 ]
41: [ 10 ]
42: [ 7 ]
43: [ 15 30 32 34 37 39 ]
44: [ 12 18 21 31 46 ]
45: [ 16 33 49 50 ]
46: [ 2 8 12 13 18 44 ]
47: [ 1 5 10 11 17 27 30 35 39 50 ]
48: [ 30 ]
49: [ 1 9 10 24 45 ]
50: [ 3 9 23 45 47 ]
