1: [ 2 14 17 18 21 40 ]
2: [ 1 9 22 28 34 38 47 ]
3: [ 4 15 17 ]
4: [ 3 7 8 14 20 23 30 49 ]
5: [ 7 41 47 50 ]
6: [ 21 22 26 28 44 48 ]
7: [ 4 5 17 18 23 39 47 ]
8: [ 4 39 45 48 ]
9: [ 2 13 18 23 26 28 31 38 44 49 ]
10: [ 41 49 ]
11: [ 13 14 ]
12: [ 18 26 33 36 42 50 ]
13: [ 9 11 26 29 39 43 ]
14: [ 1 4 11 19 25 32 33 34 49 50 ]
15: [ 3 22 33 ]
16: [ ]
17: [ 1 3 7 18 35 ]
18: [ 1 7 9 12 17 21 24 29 33 48 ]
19: [ 14 25 ]
20: [ 4 28 29 ]
21: [ 1 6 18 29 31 45 48 50 ]
22: [ 2 6 15 23 37 41 49 ]
23: [ 4 7 9 22 24 26 33 42 ]
24: [ 18 23 34 43 ]
25: [ 14 19 39 50 ]
26: [ 6 9 12 13 23 33 45 50 ]
27: [ 31 34 ]
28: [ 2 6 9 20 34 ]
29: [ 13 18 20 21 42 ]
30: [ 4 38 ]
31: [ 9 21 27 32 42 50 ]
32: [ 14 31 35 ]
33: [ 12 14 15 18 23 26 35 36 38 ]
34: [ 2 14 24 27 28 35 ]
35: [ 17 32 33 34 36 40 41 ]
36: [ 12 33 35 ]
37: [ 22 39 ]
38: [ 2 9 30 33 41 43 45 49 ]
39: [ 7 8 13 25 37 ]
40: [ 1 35 43 ]
41: [ 5 10 22 35 38 ]
42: [ 12 23 29 31 43 48 ]
43: [ 13 24 38 40 42 ]
44: [ 6 9 ]
45: [ 8 21 26 38 48 49 50 ]
46: [ 50 ]
47: [ 2 5 7 ]
48: [ 6 8 18 21 42 45 ]
49: [ 4 9 10 14 22 38 45 ]
50: [ 5 12 14 21 25 26 31 45 46 ]
