1: [ 6 15 43 ]
2: [ 6 35 48 ]
3: [ 16 25 28 37 38 44 46 ]
4: [ 10 11 32 39 43 50 ]
5: [ 9 38 ]
6: [ 1 2 10 31 45 ]
7: [ 20 23 28 37 39 ]
8: [ 27 32 34 ]
9: [ 5 14 37 ]
10: [ 4 6 15 29 40 42 47 ]
11: [ 4 13 ]
12: [ 14 17 19 28 33 50 ]
13: [ 11 49 ]
14: [ 9 12 18 22 28 38 48 50 ]
15: [ 1 10 18 24 25 39 ]
16: [ 3 32 44 45 ]
17: [ 12 20 23 24 31 38 ]
18: [ 14 15 40 41 44 ]
19: [ 12 46 ]
20: [ 7 17 21 ]
21: [ 20 36 41 47 50 ]
22: [ 14 38 47 ]
23: [ 7 17 29 49 ]
24: [ 15 17 27 38 41 42 43 45 ]
25: [ 3 15 46 ]
26: [ 28 50 ]
27: [ 8 24 28 ]
28: [ 3 7 12 14 26 27 40 ]
29: [ 10 23 31 36 43 48 49 ]
30: [ 34 ]
31: [ 6 17 29 38 ]
32: [ 4 8 16 34 35 37 48 ]
33: [ 12 ]
34: [ 8 30 32 38 ]
35: [ 2 32 37 ]
36: [ 21 29 47 ]
37: [ 3 7 9 32 35 39 43 44 47 ]
38: [ 3 5 14 17 22 24 31 34 42 47 ]
39: [ 4 7 15 37 45 ]
40: [ 10 18 28 ]
41: [ 18 21 24 48 ]
42: [ 10 24 38 45 ]
43: [ 1 4 24 29 37 45 49 ]
44: [ 3 16 18 37 46 ]
45: [ 6 16 24 39 42 43 46 50 ]
46: [ 3 19 25 44 45 47 ]
47: [ 10 21 22 36 37 38 46 50 ]
48: [ 2 14 29 32 41 ]
49: [ 13 23 29 43 ]
50: [ 4 12 14 21 26 45 47 ]
