1: [ 4 5 48 ]
2: [ 4 6 7 8 16 35 45 ]
3: [ 7 15 16 17 27 29 ]
4: [ 1 2 11 12 13 14 44 ]
5: [ 1 18 36 ]
6: [ 2 10 15 23 26 32 33 ]
7: [ 2 3 44 46 ]
8: [ 2 14 24 ]
9: [ 38 ]
10: [ 6 15 34 35 39 42 46 ]
11: [ 4 24 29 45 ]
12: [ 4 17 18 32 33 48 ]
13: [ 4 19 30 31 38 43 46 48 ]
14: [ 4 8 19 21 23 29 41 49 ]
15: [ 3 6 10 23 31 43 45 ]
16: [ 2 3 45 ]
17: [ 3 12 18 24 28 ]
18: [ 5 12 17 39 ]
19: [ 13 14 ]
20: [ 21 29 45 ]
21: [ 14 20 27 40 41 ]
22: [ 35 41 50 ]
23: [ 6 14 15 26 36 39 40 48 ]
24: [ 8 11 17 38 ]
25: [ 29 33 48 ]
26: [ 6 23 27 29 30 46 ]
27: [ 3 21 26 29 30 35 36 50 ]
28: [ 17 37 40 43 45 ]
29: [ 3 11 14 20 25 26 27 39 40 ]
30: [ 13 26 27 44 ]
31: [ 13 15 33 40 41 43 47 ]
32: [ 6 12 41 44 48 ]
33: [ 6 12 25 31 35 41 ]
34: [ 10 ]
35: [ 2 10 22 27 33 42 ]
36: [ 5 23 27 45 ]
37: [ 28 ]
38: [ 9 13 24 40 47 ]
39: [ 10 18 23 29 40 41 ]
40: [ 21 23 28 29 31 38 39 48 ]
41: [ 14 21 22 31 32 33 39 50 ]
42: [ 10 35 ]
43: [ 13 15 28 31 ]
44: [ 4 7 30 32 ]
45: [ 2 11 15 16 20 28 36 46 ]
46: [ 7 10 13 26 45 ]
47: [ 31 38 ]
48: [ 1 12 13 23 25 32 40 ]
49: [ 14 ]
50: [ 22 27 41 ]
