1: [ 22 24 28 30 32 41 ]
2: [ 9 11 26 28 40 ]
3: [ 12 14 15 32 36 41 47 48 ]
4: [ 6 18 35 50 ]
5: [ 7 20 22 27 30 31 41 ]
6: [ 4 7 24 38 ]
7: [ 5 6 9 19 29 40 ]
8: [ 9 12 24 31 36 ]
9: [ 2 7 8 12 14 17 45 47 ]
10: [ 12 24 30 35 36 ]
11: [ 2 31 32 37 39 40 48 ]
12: [ 3 8 9 10 13 19 20 31 46 50 ]
13: [ 12 25 28 50 ]
14: [ 3 9 32 33 34 41 44 50 ]
15: [ 3 17 23 24 34 36 ]
16: [ 26 37 42 44 ]
17: [ 9 15 27 28 32 34 45 ]
18: [ 4 20 33 35 43 45 48 ]
19: [ 7 12 25 30 35 36 ]
20: [ 5 12 18 36 43 50 ]
21: [ 39 ]
22: [ 1 5 30 36 44 50 ]
23: [ 15 37 47 ]
24: [ 1 6 8 10 15 25 30 33 35 37 41 48 49 ]
25: [ 13 19 24 29 34 37 38 47 ]
26: [ 2 16 27 44 45 48 ]
27: [ 5 17 26 45 46 ]
28: [ 1 2 13 17 36 48 50 ]
29: [ 7 25 45 ]
30: [ 1 5 10 19 22 24 35 37 40 48 ]
31: [ 5 8 11 12 37 38 41 48 ]
32: [ 1 3 11 14 17 33 46 47 ]
33: [ 14 18 24 32 46 47 ]
34: [ 14 15 17 25 43 44 49 ]
35: [ 4 10 18 19 24 30 46 ]
36: [ 3 8 10 15 19 20 22 28 42 ]
37: [ 11 16 23 24 25 30 31 ]
38: [ 6 25 31 40 41 ]
39: [ 11 21 ]
40: [ 2 7 11 30 38 47 ]
41: [ 1 3 5 14 24 31 38 ]
42: [ 16 36 ]
43: [ 18 20 34 47 ]
44: [ 14 16 22 26 34 49 ]
45: [ 9 17 18 26 27 29 ]
46: [ 12 27 32 33 35 ]
47: [ 3 9 23 25 32 33 40 43 ]
48: [ 3 11 18 24 26 28 30 31 ]
49: [ 24 34 44 ]
50: [ 4 12 13 14 20 22 28 ]
