1: [ 2 3 10 17 22 24 28 30 33 ]
2: [ 1 5 9 20 29 36 43 ]
3: [ 1 5 6 7 12 20 40 50 ]
4: [ 9 37 ]
5: [ 2 3 8 20 27 33 38 45 49 ]
6: [ 3 14 16 25 35 41 44 50 ]
7: [ 3 11 37 41 ]
8: [ 5 21 33 46 47 ]
9: [ 2 4 11 13 17 24 27 42 43 ]
10: [ 1 25 29 32 ]
11: [ 7 9 13 20 27 42 46 ]
12: [ 3 26 29 35 43 ]
13: [ 9 11 16 20 24 29 32 33 36 45 49 ]
14: [ 6 26 ]
15: [ 46 ]
16: [ 6 13 28 48 ]
17: [ 1 9 18 22 36 41 49 ]
18: [ 17 28 32 33 35 44 46 ]
19: [ ]
20: [ 2 3 5 11 13 30 32 ]
21: [ 8 38 43 46 50 ]
22: [ 1 17 23 43 ]
23: [ 22 31 33 34 41 47 ]
24: [ 1 9 13 38 42 44 ]
25: [ 6 10 28 37 49 ]
26: [ 12 14 41 43 ]
27: [ 5 9 11 32 33 36 41 45 ]
28: [ 1 16 18 25 38 45 48 ]
29: [ 2 10 12 13 31 40 ]
30: [ 1 20 31 44 ]
31: [ 23 29 30 33 ]
32: [ 10 13 18 20 27 42 ]
33: [ 1 5 8 13 18 23 27 31 40 43 ]
34: [ 23 37 49 ]
35: [ 6 12 18 36 42 49 ]
36: [ 2 13 17 27 35 38 40 50 ]
37: [ 4 7 25 34 44 50 ]
38: [ 5 21 24 28 36 41 47 ]
39: [ 48 ]
40: [ 3 29 33 36 ]
41: [ 6 7 17 23 26 27 38 44 ]
42: [ 9 11 24 32 35 43 49 ]
43: [ 2 9 12 21 22 26 33 42 45 50 ]
44: [ 6 18 24 30 37 41 45 48 ]
45: [ 5 13 27 28 43 44 ]
46: [ 8 11 15 18 21 ]
47: [ 8 23 38 48 ]
48: [ 16 28 39 44 47 ]
49: [ 5 13 17 25 34 35 42 ]
50: [ 3 6 21 36 37 43 ]
