1: [ 8 15 16 23 24 ]
2: [ 16 33 46 ]
3: [ 11 16 23 33 47 ]
4: [ 27 36 41 ]
5: [ 13 16 19 31 40 41 45 46 ]
6: [ 10 21 29 35 37 45 50 ]
7: [ 22 31 33 44 ]
8: [ 1 22 25 34 42 ]
9: [ 12 15 19 21 24 33 ]
10: [ 6 11 14 16 28 30 34 ]
11: [ 3 10 13 38 39 42 ]
12: [ 9 38 ]
13: [ 5 11 24 38 44 ]
14: [ 10 20 26 36 37 40 ]
15: [ 1 9 29 33 34 35 44 47 ]
16: [ 1 2 3 5 10 17 24 25 38 49 ]
17: [ 16 20 21 24 33 37 50 ]
18: [ 22 47 ]
19: [ 5 9 49 ]
20: [ 14 17 22 36 41 44 ]
21: [ 6 9 17 23 25 ]
22: [ 7 8 18 20 24 29 32 33 ]
23: [ 1 3 21 24 ]
24: [ 1 9 13 16 17 22 23 30 40 41 42 ]
25: [ 8 16 21 39 45 ]
26: [ 14 40 ]
27: [ 4 50 ]
28: [ 10 32 33 34 48 ]
29: [ 6 15 22 35 ]
30: [ 10 24 31 35 38 44 ]
31: [ 5 7 30 32 45 ]
32: [ 22 28 31 34 38 49 ]
33: [ 2 3 7 9 15 17 22 28 34 35 42 ]
34: [ 8 10 15 28 32 33 36 38 ]
35: [ 6 15 29 30 33 38 42 45 48 ]
36: [ 4 14 20 34 45 ]
37: [ 6 14 17 ]
38: [ 11 12 13 16 30 32 34 35 39 46 ]
39: [ 11 25 38 ]
40: [ 5 14 24 26 44 45 46 ]
41: [ 4 5 20 24 46 50 ]
42: [ 8 11 24 33 35 46 ]
43: [ ]
44: [ 7 13 15 20 30 40 50 ]
45: [ 5 6 25 31 35 36 40 47 ]
46: [ 2 5 38 40 41 42 ]
47: [ 3 15 18 45 49 ]
48: [ 28 35 ]
49: [ 16 19 32 47 ]
50: [ 6 17 27 41 44 ]
