1: [ 47 ]
2: [ 11 14 17 38 42 50 ]
3: [ 11 14 17 28 35 ]
4: [ 6 8 19 20 35 36 40 42 43 47 48 ]
5: [ 6 12 21 30 ]
6: [ 4 5 13 16 23 27 38 ]
7: [ 45 47 ]
8: [ 4 19 37 45 ]
9: [ 14 18 25 45 ]
10: [ 21 27 30 34 35 36 39 48 50 ]
11: [ 2 3 24 27 28 32 39 43 ]
12: [ 5 14 17 19 21 25 34 ]
13: [ 6 38 49 ]
14: [ 2 3 9 12 30 38 46 50 ]
15: [ 16 17 42 43 45 47 ]
16: [ 6 15 21 28 35 ]
17: [ 2 3 12 15 25 35 40 ]
18: [ 9 25 41 43 45 46 ]
19: [ 4 8 12 21 32 35 37 44 46 ]
20: [ 4 28 30 36 40 ]
21: [ 5 10 12 16 19 40 ]
22: [ ]
23: [ 6 25 26 46 ]
24: [ 11 28 38 45 ]
25: [ 9 12 17 18 23 28 33 43 45 46 ]
26: [ 23 39 42 ]
27: [ 6 10 11 42 45 ]
28: [ 3 11 16 20 24 25 43 ]
29: [ ]
30: [ 5 10 14 20 33 39 43 48 ]
31: [ 39 42 45 ]
32: [ 11 19 40 49 ]
33: [ 25 30 43 45 ]
34: [ 10 12 39 49 ]
35: [ 3 4 10 16 17 19 45 ]
36: [ 4 10 20 42 ]
37: [ 8 19 40 49 ]
38: [ 2 6 13 14 24 43 ]
39: [ 10 11 26 30 31 34 41 ]
40: [ 4 17 20 21 32 37 49 ]
41: [ 18 39 45 ]
42: [ 2 4 15 26 27 31 36 ]
43: [ 4 11 15 18 25 28 30 33 38 50 ]
44: [ 19 ]
45: [ 7 8 9 15 18 24 25 27 31 33 35 41 ]
46: [ 14 18 19 23 25 47 48 ]
47: [ 1 4 7 15 46 ]
48: [ 4 10 30 46 ]
49: [ 13 32 34 37 40 ]
50: [ 2 10 14 43 ]
