1: [ 2 4 14 19 26 31 32 39 ]
2: [ 1 4 18 21 24 37 ]
3: [ 5 31 35 40 42 ]
4: [ 1 2 10 13 33 34 37 40 49 ]
5: [ 3 8 18 29 ]
6: [ 10 18 26 ]
7: [ 20 27 38 39 40 43 ]
8: [ 5 10 12 18 40 ]
9: [ 10 18 22 23 37 48 49 ]
10: [ 4 6 8 9 15 16 18 21 33 ]
11: [ 31 41 45 46 ]
12: [ 8 20 29 ]
13: [ 4 35 37 40 ]
14: [ 1 18 26 45 ]
15: [ 10 23 24 35 41 ]
16: [ 10 26 35 ]
17: [ 23 25 38 39 40 47 ]
18: [ 2 5 6 8 9 10 14 25 42 ]
19: [ 1 21 33 37 39 45 46 ]
20: [ 7 12 27 36 45 ]
21: [ 2 10 19 23 24 26 ]
22: [ 9 26 ]
23: [ 9 15 17 21 38 41 ]
24: [ 2 15 21 29 31 34 43 46 ]
25: [ 17 18 30 36 40 ]
26: [ 1 6 14 16 21 22 39 48 ]
27: [ 7 20 ]
28: [ 35 42 49 ]
29: [ 5 12 24 31 33 46 ]
30: [ 25 45 ]
31: [ 1 3 11 24 29 33 36 49 ]
32: [ 1 33 38 40 49 ]
33: [ 4 10 19 29 31 32 ]
34: [ 4 24 39 42 ]
35: [ 3 13 15 16 28 36 39 ]
36: [ 20 25 31 35 ]
37: [ 2 4 9 13 19 43 ]
38: [ 7 17 23 32 40 41 ]
39: [ 1 7 17 19 26 34 35 41 44 50 ]
40: [ 3 4 7 8 13 17 25 32 38 41 ]
41: [ 11 15 23 38 39 40 43 45 50 ]
42: [ 3 18 28 34 45 ]
43: [ 7 24 37 41 50 ]
44: [ 39 48 50 ]
45: [ 11 14 19 20 30 41 42 46 48 ]
46: [ 11 19 24 29 45 50 ]
47: [ 17 ]
48: [ 9 26 44 45 ]
49: [ 4 9 28 31 32 ]
50: [ 39 41 43 44 46 ]
