1: [ 12 45 47 ]
2: [ 3 9 13 17 48 ]
3: [ 2 4 19 24 25 27 41 49 ]
4: [ 3 12 13 15 26 28 35 50 ]
5: [ 7 8 10 15 22 23 27 40 46 ]
6: [ 50 ]
7: [ 5 14 21 26 32 37 ]
8: [ 5 13 25 26 45 50 ]
9: [ 2 21 25 30 49 ]
10: [ 5 12 13 15 16 20 40 49 ]
11: [ 14 19 20 21 50 ]
12: [ 1 4 10 19 23 28 41 44 45 ]
13: [ 2 4 8 10 25 29 36 45 49 ]
14: [ 7 11 15 20 44 ]
15: [ 4 5 10 14 18 21 23 37 47 ]
16: [ 10 28 30 41 47 ]
17: [ 2 36 46 ]
18: [ 15 20 21 27 34 39 45 49 ]
19: [ 3 11 12 24 38 46 ]
20: [ 10 11 14 18 27 32 40 44 ]
21: [ 7 9 11 15 18 26 28 29 31 ]
22: [ 5 40 ]
23: [ 5 12 15 30 33 36 39 41 44 ]
24: [ 3 19 33 48 ]
25: [ 3 8 9 13 39 ]
26: [ 4 7 8 21 ]
27: [ 3 5 18 20 28 35 39 47 50 ]
28: [ 4 12 16 21 27 39 44 49 ]
29: [ 13 21 30 31 38 41 47 ]
30: [ 9 16 23 29 33 36 48 ]
31: [ 21 29 35 48 50 ]
32: [ 7 20 ]
33: [ 23 24 30 43 44 ]
34: [ 18 35 42 43 45 ]
35: [ 4 27 31 34 46 49 ]
36: [ 13 17 23 30 47 ]
37: [ 7 15 50 ]
38: [ 19 29 ]
39: [ 18 23 25 27 28 46 ]
40: [ 5 10 20 22 ]
41: [ 3 12 16 23 29 45 ]
42: [ 34 46 ]
43: [ 33 34 47 ]
44: [ 12 14 20 23 28 33 ]
45: [ 1 8 12 13 18 34 41 47 49 ]
46: [ 5 17 19 35 39 42 49 ]
47: [ 1 15 16 27 29 36 43 45 48 ]
48: [ 2 24 30 31 47 ]
49: [ 3 9 10 13 18 28 35 45 46 ]
50: [ 4 6 8 11 27 31 37 ]
