1: [ 9 10 32 40 47 48 ]
2: [ 6 9 24 31 ]
3: [ 39 ]
4: [ 8 16 25 26 43 48 ]
5: [ 10 21 24 41 50 ]
6: [ 2 16 18 ]
7: [ 8 24 29 31 32 36 50 ]
8: [ 4 7 18 19 21 31 36 39 ]
9: [ 1 2 16 18 28 34 42 43 47 ]
10: [ 1 5 14 24 25 40 41 43 ]
11: [ 25 39 ]
12: [ 29 31 41 46 48 ]
13: [ 14 18 24 29 34 ]
14: [ 10 13 20 31 38 ]
15: [ 20 50 ]
16: [ 4 6 9 20 21 22 34 48 ]
17: [ 19 37 ]
18: [ 6 8 9 13 20 27 42 ]
19: [ 8 17 23 26 38 42 ]
20: [ 14 15 16 18 29 31 ]
21: [ 5 8 16 25 31 34 38 40 41 43 ]
22: [ 16 40 41 47 ]
23: [ 19 24 29 33 38 40 41 49 ]
24: [ 2 5 7 10 13 23 31 35 37 49 ]
25: [ 4 10 11 21 31 37 50 ]
26: [ 4 19 36 37 ]
27: [ 18 37 41 48 ]
28: [ 9 47 49 ]
29: [ 7 12 13 20 23 30 34 38 ]
30: [ 29 ]
31: [ 2 7 8 12 14 20 21 24 25 33 ]
32: [ 1 7 34 41 ]
33: [ 23 31 49 50 ]
34: [ 9 13 16 21 29 32 45 50 ]
35: [ 24 37 38 40 ]
36: [ 7 8 26 46 48 ]
37: [ 17 24 25 26 27 35 ]
38: [ 14 19 21 23 29 35 42 44 ]
39: [ 3 8 11 49 ]
40: [ 1 10 21 22 23 35 41 ]
41: [ 5 10 12 21 22 23 27 32 40 ]
42: [ 9 18 19 38 50 ]
43: [ 4 9 10 21 44 ]
44: [ 38 43 50 ]
45: [ 34 ]
46: [ 12 36 ]
47: [ 1 9 22 28 49 ]
48: [ 1 4 12 16 27 36 49 ]
49: [ 23 24 28 33 39 47 48 ]
50: [ 5 7 15 25 33 34 42 44 ]
