1: [ 20 24 26 35 38 46 48 ]
2: [ 13 35 50 ]
3: [ 16 20 32 ]
4: [ 5 15 19 22 31 32 43 ]
5: [ 4 6 16 17 23 26 32 ]
6: [ 5 16 ]
7: [ 12 13 17 18 27 29 35 37 43 45 ]
8: [ 10 14 15 19 25 28 30 37 47 50 ]
9: [ 20 28 33 36 37 ]
10: [ 8 15 17 25 28 32 40 50 ]
11: [ 35 ]
12: [ 7 18 26 34 ]
13: [ 2 7 24 29 39 ]
14: [ 8 19 21 22 27 35 40 ]
15: [ 4 8 10 24 34 ]
16: [ 3 5 6 37 40 42 47 ]
17: [ 5 7 10 ]
18: [ 7 12 25 28 ]
19: [ 4 8 14 33 34 36 44 ]
20: [ 1 3 9 36 42 45 49 ]
21: [ 14 30 45 ]
22: [ 4 14 23 27 37 42 ]
23: [ 5 22 28 ]
24: [ 1 13 15 28 34 43 ]
25: [ 8 10 18 27 39 44 47 48 ]
26: [ 1 5 12 46 ]
27: [ 7 14 22 25 41 48 ]
28: [ 8 9 10 18 23 24 42 45 ]
29: [ 7 13 33 35 46 48 50 ]
30: [ 8 21 32 35 37 46 ]
31: [ 4 45 ]
32: [ 3 4 5 10 30 33 49 ]
33: [ 9 19 29 32 38 43 50 ]
34: [ 12 15 19 24 38 ]
35: [ 1 2 7 11 14 29 30 36 47 ]
36: [ 9 19 20 35 42 44 50 ]
37: [ 7 8 9 16 22 30 40 ]
38: [ 1 33 34 ]
39: [ 13 25 41 47 48 49 ]
40: [ 10 14 16 37 49 50 ]
41: [ 27 39 ]
42: [ 16 20 22 28 36 ]
43: [ 4 7 24 33 ]
44: [ 19 25 36 ]
45: [ 7 20 21 28 31 ]
46: [ 1 26 29 30 50 ]
47: [ 8 16 25 35 39 50 ]
48: [ 1 25 27 29 39 ]
49: [ 20 32 39 40 ]
50: [ 2 8 10 29 33 36 40 46 47 ]
