1: [ 8 26 29 33 43 47 48 ]
2: [ 27 30 36 41 ]
3: [ 17 23 30 37 44 45 ]
4: [ 8 22 33 35 41 50 ]
5: [ 39 44 ]
6: [ 9 14 15 19 22 31 50 ]
7: [ 8 13 30 39 41 49 ]
8: [ 1 4 7 23 27 33 47 ]
9: [ 6 10 27 29 46 47 ]
10: [ 9 35 42 ]
11: [ 16 31 ]
12: [ 16 23 26 34 44 ]
13: [ 7 27 38 45 48 ]
14: [ 6 15 20 40 47 ]
15: [ 6 14 44 ]
16: [ 11 12 24 31 32 37 42 ]
17: [ 3 18 34 38 41 ]
18: [ 17 19 30 39 41 46 ]
19: [ 6 18 20 22 26 29 32 37 43 47 48 ]
20: [ 14 19 27 33 36 46 49 ]
21: [ 24 38 49 ]
22: [ 4 6 19 37 ]
23: [ 3 8 12 25 ]
24: [ 16 21 39 ]
25: [ 23 32 34 37 38 40 43 49 ]
26: [ 1 12 19 ]
27: [ 2 8 9 13 20 28 34 37 ]
28: [ 27 48 ]
29: [ 1 9 19 31 32 39 41 43 ]
30: [ 2 3 7 18 31 43 ]
31: [ 6 11 16 29 30 36 49 ]
32: [ 16 19 25 29 33 35 ]
33: [ 1 4 8 20 32 34 36 38 40 49 ]
34: [ 12 17 25 27 33 45 ]
35: [ 4 10 32 41 44 ]
36: [ 2 20 31 33 43 ]
37: [ 3 16 19 22 25 27 41 43 48 ]
38: [ 13 17 21 25 33 40 42 45 49 ]
39: [ 5 7 18 24 29 40 43 45 ]
40: [ 14 25 33 38 39 41 ]
41: [ 2 4 7 17 18 29 35 37 40 47 48 ]
42: [ 10 16 38 48 49 ]
43: [ 1 19 25 29 30 36 37 39 46 ]
44: [ 3 5 12 15 35 46 ]
45: [ 3 13 34 38 39 49 ]
46: [ 9 18 20 43 44 ]
47: [ 1 8 9 14 19 41 ]
48: [ 1 13 19 28 37 41 42 ]
49: [ 7 20 21 25 31 33 38 42 45 ]
50: [ 4 6 ]
