1: [ ]
2: [ 6 12 14 26 30 36 ]
3: [ 15 ]
4: [ 5 6 27 32 35 50 ]
5: [ 4 24 28 32 39 47 48 50 ]
6: [ 2 4 14 18 21 28 32 34 42 44 ]
7: [ 17 18 28 34 ]
8: [ 20 30 37 40 ]
9: [ 10 11 19 21 33 44 ]
10: [ 9 18 28 45 ]
11: [ 9 19 34 ]
12: [ 2 25 46 ]
13: [ 18 19 32 36 44 ]
14: [ 2 6 23 28 30 33 39 46 ]
15: [ 3 35 47 49 ]
16: [ 34 37 ]
17: [ 7 46 ]
18: [ 6 7 10 13 31 38 41 ]
19: [ 9 11 13 20 22 32 33 36 ]
20: [ 8 19 27 ]
21: [ 6 9 33 34 36 41 ]
22: [ 19 39 42 ]
23: [ 14 25 ]
24: [ 5 30 ]
25: [ 12 23 27 33 35 41 ]
26: [ 2 39 ]
27: [ 4 20 25 41 44 46 50 ]
28: [ 5 6 7 10 14 43 ]
29: [ 33 ]
30: [ 2 8 14 24 ]
31: [ 18 43 ]
32: [ 4 5 6 13 19 38 ]
33: [ 9 14 19 21 25 29 43 ]
34: [ 6 7 11 16 21 45 49 ]
35: [ 4 15 25 36 ]
36: [ 2 13 19 21 35 ]
37: [ 8 16 41 49 ]
38: [ 18 32 48 ]
39: [ 5 14 22 26 41 ]
40: [ 8 44 45 47 48 49 ]
41: [ 18 21 25 27 37 39 43 ]
42: [ 6 22 47 48 49 ]
43: [ 28 31 33 41 ]
44: [ 6 9 13 27 40 48 ]
45: [ 10 34 40 ]
46: [ 12 14 17 27 49 ]
47: [ 5 15 40 42 ]
48: [ 5 38 40 42 44 ]
49: [ 15 34 37 40 42 46 ]
50: [ 4 5 27 ]
