1: [ 5 12 15 32 35 46 ]
2: [ 15 26 30 45 ]
3: [ 17 19 28 32 43 ]
4: [ 47 ]
5: [ 1 9 17 23 26 31 40 41 42 45 ]
6: [ 17 ]
7: [ 10 11 23 27 39 47 ]
8: [ 21 41 47 49 ]
9: [ 5 10 14 21 24 29 30 39 45 46 ]
10: [ 7 9 47 ]
11: [ 7 12 15 17 24 27 32 38 48 ]
12: [ 1 11 16 21 27 31 35 48 ]
13: [ 24 31 40 47 ]
14: [ 9 22 23 33 40 42 46 ]
15: [ 1 2 11 19 22 29 31 37 38 43 ]
16: [ 12 26 34 38 ]
17: [ 3 5 6 11 20 ]
18: [ 19 29 35 38 43 ]
19: [ 3 15 18 20 28 30 39 40 44 48 ]
20: [ 17 19 34 38 40 ]
21: [ 8 9 12 31 37 39 45 ]
22: [ 14 15 34 ]
23: [ 5 7 14 39 41 ]
24: [ 9 11 13 45 46 ]
25: [ 32 40 42 44 46 49 ]
26: [ 2 5 16 ]
27: [ 7 11 12 29 39 48 ]
28: [ 3 19 32 38 ]
29: [ 9 15 18 27 34 42 45 ]
30: [ 2 9 19 38 ]
31: [ 5 12 13 15 21 38 39 43 45 ]
32: [ 1 3 11 25 28 35 40 47 ]
33: [ 14 41 ]
34: [ 16 20 22 29 49 ]
35: [ 1 12 18 32 38 39 ]
36: [ 39 42 ]
37: [ 15 21 39 42 43 ]
38: [ 11 15 16 18 20 28 30 31 35 ]
39: [ 7 9 19 21 23 27 31 35 36 37 ]
40: [ 5 13 14 19 20 25 32 41 47 48 ]
41: [ 5 8 23 33 40 ]
42: [ 5 14 25 29 36 37 45 ]
43: [ 3 15 18 31 37 ]
44: [ 19 25 ]
45: [ 2 5 9 21 24 29 31 42 ]
46: [ 1 9 14 24 25 ]
47: [ 4 7 8 10 13 32 40 ]
48: [ 11 12 19 27 40 ]
49: [ 8 25 34 ]
50: [ ]
