1: [ 5 9 21 31 33 41 49 ]
2: [ 4 13 18 19 32 42 49 ]
3: [ 5 7 10 28 33 48 ]
4: [ 2 15 16 41 ]
5: [ 1 3 20 48 ]
6: [ 19 24 28 32 ]
7: [ 3 18 26 34 ]
8: [ 39 46 ]
9: [ 1 17 24 ]
10: [ 3 31 ]
11: [ 24 ]
12: [ 17 26 34 46 ]
13: [ 2 15 17 23 29 33 44 48 49 ]
14: [ 28 33 36 49 ]
15: [ 4 13 33 43 ]
16: [ 4 36 37 48 ]
17: [ 9 12 13 31 42 ]
18: [ 2 7 31 35 ]
19: [ 2 6 30 33 36 39 ]
20: [ 5 22 25 31 ]
21: [ 1 25 ]
22: [ 20 40 ]
23: [ 13 29 39 45 ]
24: [ 6 9 11 25 33 49 ]
25: [ 20 21 24 31 34 41 ]
26: [ 7 12 42 ]
27: [ 50 ]
28: [ 3 6 14 29 32 41 45 ]
29: [ 13 23 28 ]
30: [ 19 41 44 45 48 ]
31: [ 1 10 17 18 20 25 34 ]
32: [ 2 6 28 42 43 44 ]
33: [ 1 3 13 14 15 19 24 46 47 ]
34: [ 7 12 25 31 36 45 ]
35: [ 18 39 46 ]
36: [ 14 16 19 34 46 ]
37: [ 16 ]
38: [ ]
39: [ 8 19 23 35 40 41 42 49 ]
40: [ 22 39 41 45 ]
41: [ 1 4 25 28 30 39 40 42 45 ]
42: [ 2 17 26 32 39 41 46 ]
43: [ 15 32 ]
44: [ 13 30 32 48 ]
45: [ 23 28 30 34 40 41 49 ]
46: [ 8 12 33 35 36 42 47 ]
47: [ 33 46 49 ]
48: [ 3 5 13 16 30 44 ]
49: [ 1 2 13 14 24 39 45 47 ]
50: [ 27 ]
