1: [ 31 36 ]
2: [ 9 27 32 49 ]
3: [ 8 43 45 ]
4: [ 8 13 33 48 ]
5: [ 17 25 35 38 ]
6: [ 9 14 15 35 42 ]
7: [ 11 28 33 34 37 ]
8: [ 3 4 22 29 ]
9: [ 2 6 15 17 ]
10: [ 12 13 16 24 27 29 32 34 40 47 ]
11: [ 7 13 16 18 29 33 34 ]
12: [ 10 14 15 36 38 45 ]
13: [ 4 10 11 22 28 29 41 49 ]
14: [ 6 12 35 42 43 44 ]
15: [ 6 9 12 17 20 33 37 41 ]
16: [ 10 11 36 41 ]
17: [ 5 9 15 41 43 44 50 ]
18: [ 11 25 28 43 47 ]
19: [ 29 33 39 ]
20: [ 15 28 42 45 47 50 ]
21: [ 34 50 ]
22: [ 8 13 27 32 38 50 ]
23: [ 37 ]
24: [ 10 27 33 45 47 48 ]
25: [ 5 18 46 ]
26: [ ]
27: [ 2 10 22 24 33 41 ]
28: [ 7 13 18 20 46 49 ]
29: [ 8 10 11 13 19 42 48 ]
30: [ 33 43 ]
31: [ 1 35 44 ]
32: [ 2 10 22 34 37 ]
33: [ 4 7 11 15 19 24 27 30 45 ]
34: [ 7 10 11 21 32 49 ]
35: [ 5 6 14 31 38 44 48 ]
36: [ 1 12 16 43 48 ]
37: [ 7 15 23 32 41 ]
38: [ 5 12 22 35 41 46 50 ]
39: [ 19 50 ]
40: [ 10 44 ]
41: [ 13 15 16 17 27 37 38 43 ]
42: [ 6 14 20 29 46 ]
43: [ 3 14 17 18 30 36 41 45 ]
44: [ 14 17 31 35 40 ]
45: [ 3 12 20 24 33 43 46 ]
46: [ 25 28 38 42 45 47 48 ]
47: [ 10 18 20 24 46 ]
48: [ 4 24 29 35 36 46 ]
49: [ 2 13 28 34 ]
50: [ 17 20 21 22 38 39 ]
