1: [ 6 11 22 25 32 44 ]
2: [ 13 18 31 44 ]
3: [ 5 6 13 21 49 ]
4: [ 16 17 25 31 41 ]
5: [ 3 13 24 40 ]
6: [ 1 3 8 22 44 47 ]
7: [ 8 14 22 43 ]
8: [ 6 7 10 13 18 24 27 32 37 44 ]
9: [ 12 15 43 45 ]
10: [ 8 18 22 36 39 50 ]
11: [ 1 13 14 22 29 34 41 48 ]
12: [ 9 22 24 28 30 31 41 ]
13: [ 2 3 5 8 11 39 46 ]
14: [ 7 11 15 17 18 ]
15: [ 9 14 18 46 48 50 ]
16: [ 4 17 22 27 28 29 45 50 ]
17: [ 4 14 16 20 31 33 40 ]
18: [ 2 8 10 14 15 33 35 41 42 ]
19: [ 26 29 33 42 ]
20: [ 17 27 35 45 ]
21: [ 3 23 27 30 46 48 ]
22: [ 1 6 7 10 11 12 16 36 46 ]
23: [ 21 43 50 ]
24: [ 5 8 12 42 48 ]
25: [ 1 4 ]
26: [ 19 42 47 48 ]
27: [ 8 16 20 21 39 50 ]
28: [ 12 16 36 ]
29: [ 11 16 19 44 ]
30: [ 12 21 36 43 ]
31: [ 2 4 12 17 37 46 50 ]
32: [ 1 8 39 42 ]
33: [ 17 18 19 35 37 43 ]
34: [ 11 40 50 ]
35: [ 18 20 33 42 49 ]
36: [ 10 22 28 30 39 ]
37: [ 8 31 33 38 46 ]
38: [ 37 ]
39: [ 10 13 27 32 36 42 ]
40: [ 5 17 34 ]
41: [ 4 11 12 18 50 ]
42: [ 18 19 24 26 32 35 39 49 ]
43: [ 7 9 23 30 33 ]
44: [ 1 2 6 8 29 47 ]
45: [ 9 16 20 ]
46: [ 13 15 21 22 31 37 ]
47: [ 6 26 44 ]
48: [ 11 15 21 24 26 49 ]
49: [ 3 35 42 48 ]
50: [ 10 15 16 23 27 31 34 41 ]
