1: [ 13 16 22 24 49 ]
2: [ 3 18 35 ]
3: [ 2 9 14 45 ]
4: [ 11 14 25 36 ]
5: [ 33 37 ]
6: [ 10 30 43 ]
7: [ 9 11 21 31 36 ]
8: [ 21 35 36 39 ]
9: [ 3 7 10 29 33 49 ]
10: [ 6 9 14 28 32 49 ]
11: [ 4 7 12 32 41 48 ]
12: [ 11 17 20 29 37 42 50 ]
13: [ 1 39 47 49 ]
14: [ 3 4 10 17 22 50 ]
15: [ 18 ]
16: [ 1 18 22 ]
17: [ 12 14 26 43 ]
18: [ 2 15 16 24 25 26 31 38 45 46 ]
19: [ 21 25 27 28 36 39 42 46 ]
20: [ 12 29 37 48 ]
21: [ 7 8 19 28 31 33 41 48 50 ]
22: [ 1 14 16 41 42 ]
23: [ 43 46 50 ]
24: [ 1 18 37 39 ]
25: [ 4 18 19 32 38 42 45 49 ]
26: [ 17 18 28 35 38 44 48 50 ]
27: [ 19 42 ]
28: [ 10 19 21 26 33 41 ]
29: [ 9 12 20 33 ]
30: [ 6 31 39 46 ]
31: [ 7 18 21 30 32 34 38 43 47 ]
32: [ 10 11 25 31 33 34 39 43 ]
33: [ 5 9 21 28 29 32 41 ]
34: [ 31 32 37 ]
35: [ 2 8 26 41 ]
36: [ 4 7 8 19 42 45 49 ]
37: [ 5 12 20 24 34 41 50 ]
38: [ 18 25 26 31 ]
39: [ 8 13 19 24 30 32 47 49 ]
40: [ 43 48 ]
41: [ 11 21 22 28 33 35 37 42 ]
42: [ 12 19 22 25 27 36 41 47 ]
43: [ 6 17 23 31 32 40 ]
44: [ 26 ]
45: [ 3 18 25 36 ]
46: [ 18 19 23 30 ]
47: [ 13 31 39 42 ]
48: [ 11 20 21 26 40 ]
49: [ 1 9 10 13 25 36 39 ]
50: [ 12 14 21 23 26 37 ]
