1: [ 4 9 15 19 31 35 39 49 ]
2: [ 29 34 35 37 ]
3: [ 5 11 22 32 33 34 39 43 47 ]
4: [ 1 9 20 21 23 44 47 ]
5: [ 3 9 20 32 33 39 46 ]
6: [ 16 20 24 29 44 45 48 ]
7: [ 8 18 27 28 36 41 ]
8: [ 7 11 18 40 ]
9: [ 1 4 5 15 16 30 34 43 49 ]
10: [ 11 28 37 40 46 ]
11: [ 3 8 10 17 18 19 26 33 36 45 49 ]
12: [ 18 19 34 40 50 ]
13: [ 35 46 48 ]
14: [ 31 40 ]
15: [ 1 9 28 37 40 43 ]
16: [ 6 9 22 25 29 39 46 ]
17: [ 11 19 26 28 35 39 49 ]
18: [ 7 8 11 12 30 45 ]
19: [ 1 11 12 17 26 31 47 48 ]
20: [ 4 5 6 23 30 34 39 ]
21: [ 4 22 24 30 44 50 ]
22: [ 3 16 21 ]
23: [ 4 20 27 41 45 ]
24: [ 6 21 26 27 30 45 47 ]
25: [ 16 37 46 ]
26: [ 11 17 19 24 31 33 42 50 ]
27: [ 7 23 24 36 38 39 40 ]
28: [ 7 10 15 17 31 35 41 ]
29: [ 2 6 16 34 ]
30: [ 9 18 20 21 24 35 37 43 ]
31: [ 1 14 19 26 28 41 ]
32: [ 3 5 35 37 38 41 47 ]
33: [ 3 5 11 26 49 ]
34: [ 2 3 9 12 20 29 36 42 47 ]
35: [ 1 2 13 17 28 30 32 39 40 ]
36: [ 7 11 27 34 ]
37: [ 2 10 15 25 30 32 40 41 ]
38: [ 27 32 45 ]
39: [ 1 3 5 16 17 20 27 35 44 ]
40: [ 8 10 12 14 15 27 35 37 42 44 50 ]
41: [ 7 23 28 31 32 37 44 ]
42: [ 26 34 40 ]
43: [ 3 9 15 30 46 49 50 ]
44: [ 4 6 21 39 40 41 49 ]
45: [ 6 11 18 23 24 38 ]
46: [ 5 10 13 16 25 43 49 ]
47: [ 3 4 19 24 32 34 ]
48: [ 6 13 19 ]
49: [ 1 9 11 17 33 43 44 46 ]
50: [ 12 21 26 40 43 ]
