1: [ 7 16 19 21 43 ]
2: [ 5 15 23 47 ]
3: [ 14 35 ]
4: [ 15 ]
5: [ 2 20 24 30 31 ]
6: [ 17 23 29 32 35 43 47 48 50 ]
7: [ 1 25 31 33 ]
8: [ 35 ]
9: [ 10 13 15 26 33 34 ]
10: [ 9 11 18 23 32 34 39 ]
11: [ 10 40 ]
12: [ 26 32 ]
13: [ 9 15 28 31 33 37 40 43 50 ]
14: [ 3 18 27 28 33 40 ]
15: [ 2 4 9 13 17 21 23 29 39 46 ]
16: [ 1 39 48 ]
17: [ 6 15 21 31 38 ]
18: [ 10 14 ]
19: [ 1 28 30 44 ]
20: [ 5 21 25 28 34 35 38 48 ]
21: [ 1 15 17 20 24 33 35 41 46 ]
22: [ 34 37 ]
23: [ 2 6 10 15 49 ]
24: [ 5 21 39 43 46 ]
25: [ 7 20 29 37 38 44 46 50 ]
26: [ 9 12 28 32 35 36 40 43 50 ]
27: [ 14 46 ]
28: [ 13 14 19 20 26 ]
29: [ 6 15 25 30 35 45 ]
30: [ 5 19 29 49 ]
31: [ 5 7 13 17 43 44 49 ]
32: [ 6 10 12 26 37 42 45 50 ]
33: [ 7 9 13 14 21 47 ]
34: [ 9 10 20 22 45 ]
35: [ 3 6 8 20 21 26 29 ]
36: [ 26 ]
37: [ 13 22 25 32 49 ]
38: [ 17 20 25 40 46 ]
39: [ 10 15 16 24 40 46 ]
40: [ 11 13 14 26 38 39 ]
41: [ 21 46 50 ]
42: [ 32 48 ]
43: [ 1 6 13 24 26 31 44 45 ]
44: [ 19 25 31 43 ]
45: [ 29 32 34 43 48 49 ]
46: [ 15 21 24 25 27 38 39 41 ]
47: [ 2 6 33 49 ]
48: [ 6 16 20 42 45 ]
49: [ 23 30 31 37 45 47 ]
50: [ 6 13 25 26 32 41 ]
