1: [ 16 26 ]
2: [ 16 25 ]
3: [ 14 21 29 46 ]
4: [ 15 28 35 37 39 50 ]
5: [ 7 9 10 15 18 31 48 50 ]
6: [ 33 39 41 ]
7: [ 5 13 16 29 31 34 35 37 42 ]
8: [ 16 19 21 28 32 ]
9: [ 5 10 18 24 29 32 34 43 49 ]
10: [ 5 9 12 13 31 39 40 ]
11: [ 12 16 30 48 ]
12: [ 10 11 14 23 27 31 ]
13: [ 7 10 23 29 32 37 38 41 48 ]
14: [ 3 12 31 45 46 ]
15: [ 4 5 18 32 35 37 41 44 ]
16: [ 1 2 7 8 11 20 40 47 ]
17: [ 39 46 ]
18: [ 5 9 15 22 27 30 35 38 40 47 ]
19: [ 8 31 47 ]
20: [ 16 24 25 29 34 50 ]
21: [ 3 8 32 34 48 ]
22: [ 18 29 33 37 41 42 46 ]
23: [ 12 13 27 35 46 48 ]
24: [ 9 20 48 49 ]
25: [ 2 20 50 ]
26: [ 1 ]
27: [ 12 18 23 39 43 46 49 ]
28: [ 4 8 41 45 48 ]
29: [ 3 7 9 13 20 22 49 ]
30: [ 11 18 31 32 34 35 39 41 42 43 ]
31: [ 5 7 10 12 14 19 30 39 45 49 ]
32: [ 8 9 13 15 21 30 33 39 41 42 46 50 ]
33: [ 6 22 32 34 39 40 49 50 ]
34: [ 7 9 20 21 30 33 38 40 41 ]
35: [ 4 7 15 18 23 30 46 48 49 ]
36: [ 44 ]
37: [ 4 7 13 15 22 38 45 50 ]
38: [ 13 18 34 37 44 ]
39: [ 4 6 10 17 27 30 31 32 33 40 ]
40: [ 10 16 18 33 34 39 ]
41: [ 6 13 15 22 28 30 32 34 46 48 ]
42: [ 7 22 30 32 ]
43: [ 9 27 30 ]
44: [ 15 36 38 50 ]
45: [ 14 28 31 37 ]
46: [ 3 14 17 22 23 27 32 35 41 ]
47: [ 16 18 19 48 ]
48: [ 5 11 13 21 23 24 28 35 41 47 49 ]
49: [ 9 24 27 29 31 33 35 48 ]
50: [ 4 5 20 25 32 33 37 44 ]
