1: [ 16 18 27 31 41 49 ]
2: [ 3 16 19 20 30 38 41 43 47 ]
3: [ 2 4 6 7 11 18 28 39 44 46 47 ]
4: [ 3 14 22 23 26 31 46 48 ]
5: [ 14 17 20 27 36 38 49 50 ]
6: [ 3 9 13 18 19 21 ]
7: [ 3 23 34 41 42 ]
8: [ 9 18 20 22 28 49 ]
9: [ 6 8 20 27 30 31 39 45 ]
10: [ 23 29 34 36 37 48 ]
11: [ 3 13 15 20 33 40 ]
12: [ 13 14 25 26 27 28 31 33 35 ]
13: [ 6 11 12 33 37 42 45 46 50 ]
14: [ 4 5 12 18 22 31 34 41 44 ]
15: [ 11 16 33 38 ]
16: [ 1 2 15 17 29 ]
17: [ 5 16 18 20 25 31 33 42 45 ]
18: [ 1 3 6 8 14 17 25 31 40 ]
19: [ 2 6 22 27 35 41 ]
20: [ 2 5 8 9 11 17 24 36 45 ]
21: [ 6 26 28 34 ]
22: [ 4 8 14 19 33 36 46 50 ]
23: [ 4 7 10 33 46 ]
24: [ 20 48 49 ]
25: [ 12 17 18 33 41 42 43 45 ]
26: [ 4 12 21 29 33 35 37 42 43 45 ]
27: [ 1 5 9 12 19 39 ]
28: [ 3 8 12 21 29 46 ]
29: [ 10 16 26 28 31 39 48 ]
30: [ 2 9 34 44 50 ]
31: [ 1 4 9 12 14 17 18 29 36 44 ]
32: [ 42 ]
33: [ 11 12 13 15 17 22 23 25 26 34 36 45 47 48 ]
34: [ 7 10 14 21 30 33 36 39 48 ]
35: [ 12 19 26 36 ]
36: [ 5 10 20 22 31 33 34 35 37 38 44 ]
37: [ 10 13 26 36 47 ]
38: [ 2 5 15 36 42 ]
39: [ 3 9 27 29 34 41 46 47 ]
40: [ 11 18 44 ]
41: [ 1 2 7 14 19 25 39 43 ]
42: [ 7 13 17 25 26 32 38 ]
43: [ 2 25 26 41 45 48 ]
44: [ 3 14 30 31 36 40 48 ]
45: [ 9 13 17 20 25 26 33 43 ]
46: [ 3 4 13 22 23 28 39 ]
47: [ 2 3 33 37 39 50 ]
48: [ 4 10 24 29 33 34 43 44 ]
49: [ 1 5 8 24 ]
50: [ 5 13 22 30 47 ]
