1: [ 4 6 7 20 24 36 ]
2: [ 12 18 27 32 ]
3: [ 13 26 28 ]
4: [ 1 28 30 32 37 44 46 ]
5: [ 30 32 33 47 ]
6: [ 1 10 14 19 29 32 34 ]
7: [ 1 16 17 22 23 27 43 ]
8: [ 12 16 22 35 ]
9: [ 11 15 20 42 44 47 48 ]
10: [ 6 19 22 39 41 42 48 50 ]
11: [ 9 23 31 36 ]
12: [ 2 8 19 23 30 35 39 40 43 ]
13: [ 3 18 19 27 31 35 36 41 44 ]
14: [ 6 16 44 47 ]
15: [ 9 19 32 33 35 39 42 46 ]
16: [ 7 8 14 20 25 37 39 47 ]
17: [ 7 ]
18: [ 2 13 19 22 32 41 42 43 47 ]
19: [ 6 10 12 13 15 18 27 36 42 44 47 ]
20: [ 1 9 16 24 26 28 ]
21: [ 22 24 42 45 ]
22: [ 7 8 10 18 21 49 ]
23: [ 7 11 12 25 31 37 40 ]
24: [ 1 20 21 34 ]
25: [ 16 23 27 29 34 35 50 ]
26: [ 3 20 27 38 45 ]
27: [ 2 7 13 19 25 26 34 ]
28: [ 3 4 20 30 ]
29: [ 6 25 38 47 ]
30: [ 4 5 12 28 38 45 ]
31: [ 11 13 23 34 ]
32: [ 2 4 5 6 15 18 37 48 ]
33: [ 5 15 40 41 50 ]
34: [ 6 24 25 27 31 38 41 ]
35: [ 8 12 13 15 25 38 50 ]
36: [ 1 11 13 19 37 ]
37: [ 4 16 23 32 36 42 43 46 ]
38: [ 26 29 30 34 35 42 46 ]
39: [ 10 12 15 16 ]
40: [ 12 23 33 ]
41: [ 10 13 18 33 34 46 49 50 ]
42: [ 9 10 15 18 19 21 37 38 43 ]
43: [ 7 12 18 37 42 ]
44: [ 4 9 13 14 19 48 50 ]
45: [ 21 26 30 49 ]
46: [ 4 15 37 38 41 ]
47: [ 5 9 14 16 18 19 29 48 ]
48: [ 9 10 32 44 47 ]
49: [ 22 41 45 ]
50: [ 10 25 33 35 41 44 ]
