1: [ 22 26 28 31 36 39 48 ]
2: [ 10 17 26 31 34 35 39 ]
3: [ 13 20 27 28 31 49 ]
4: [ 12 15 27 29 30 32 37 ]
5: [ 7 12 35 36 39 43 ]
6: [ 12 13 25 30 36 38 50 ]
7: [ 5 28 35 39 50 ]
8: [ 24 31 45 ]
9: [ 18 21 23 27 28 ]
10: [ 2 11 28 35 36 39 44 48 ]
11: [ 10 17 33 38 41 48 ]
12: [ 4 5 6 13 22 ]
13: [ 3 6 12 14 25 29 ]
14: [ 13 16 18 19 21 27 32 34 38 45 48 49 ]
15: [ 4 22 28 40 41 47 ]
16: [ 14 46 49 50 ]
17: [ 2 11 21 35 50 ]
18: [ 9 14 30 36 ]
19: [ 14 20 32 44 48 ]
20: [ 3 19 30 44 ]
21: [ 9 14 17 22 27 29 35 37 38 ]
22: [ 1 12 15 21 33 38 39 ]
23: [ 9 25 36 40 47 ]
24: [ 8 41 49 ]
25: [ 6 13 23 35 37 41 ]
26: [ 1 2 44 45 ]
27: [ 3 4 9 14 21 29 30 31 34 36 46 50 ]
28: [ 1 3 7 9 10 15 34 36 38 39 ]
29: [ 4 13 21 27 30 35 38 40 46 48 ]
30: [ 4 6 18 20 27 29 38 39 41 45 ]
31: [ 1 2 3 8 27 32 39 40 45 46 47 ]
32: [ 4 14 19 31 48 ]
33: [ 11 22 42 49 ]
34: [ 2 14 27 28 45 ]
35: [ 2 5 7 10 17 21 25 29 48 ]
36: [ 1 5 6 10 18 23 27 28 ]
37: [ 4 21 25 38 42 45 ]
38: [ 6 11 14 21 22 28 29 30 37 40 46 49 ]
39: [ 1 2 5 7 10 22 28 30 31 47 50 ]
40: [ 15 23 29 31 38 49 50 ]
41: [ 11 15 24 25 30 47 ]
42: [ 33 37 48 49 50 ]
43: [ 5 ]
44: [ 10 19 20 26 45 49 ]
45: [ 8 14 26 30 31 34 37 44 ]
46: [ 16 27 29 31 38 ]
47: [ 15 23 31 39 41 ]
48: [ 1 10 11 14 19 29 32 35 42 49 ]
49: [ 3 14 16 24 33 38 40 42 44 48 ]
50: [ 6 7 16 17 27 39 40 42 ]
