1: [ ]
2: [ 9 13 23 37 45 49 ]
3: [ 20 23 28 40 42 44 ]
4: [ 5 13 25 33 39 ]
5: [ 4 6 15 17 38 40 46 49 ]
6: [ 5 ]
7: [ 12 26 27 37 ]
8: [ 15 46 ]
9: [ 2 10 16 19 31 ]
10: [ 9 23 28 33 39 40 49 ]
11: [ 16 18 24 42 50 ]
12: [ 7 20 34 40 50 ]
13: [ 2 4 18 19 32 43 45 46 ]
14: [ 17 19 31 46 ]
15: [ 5 8 24 38 40 ]
16: [ 9 11 29 37 38 41 ]
17: [ 5 14 18 25 28 36 42 ]
18: [ 11 13 17 28 47 ]
19: [ 9 13 14 31 32 33 47 49 ]
20: [ 3 12 28 49 ]
21: [ 47 ]
22: [ 26 31 37 38 42 ]
23: [ 2 3 10 29 32 43 ]
24: [ 11 15 ]
25: [ 4 17 30 44 ]
26: [ 7 22 35 38 46 ]
27: [ 7 35 36 43 44 ]
28: [ 3 10 17 18 20 ]
29: [ 16 23 34 43 46 49 ]
30: [ 25 35 48 49 ]
31: [ 9 14 19 22 32 41 ]
32: [ 13 19 23 31 42 48 50 ]
33: [ 4 10 19 36 39 40 43 47 ]
34: [ 12 29 35 ]
35: [ 26 27 30 34 ]
36: [ 17 27 33 42 46 47 ]
37: [ 2 7 16 22 38 43 49 ]
38: [ 5 15 16 22 26 37 ]
39: [ 4 10 33 ]
40: [ 3 5 10 12 15 33 50 ]
41: [ 16 31 ]
42: [ 3 11 17 22 32 36 ]
43: [ 13 23 27 29 33 37 ]
44: [ 3 25 27 45 ]
45: [ 2 13 44 ]
46: [ 5 8 13 14 26 29 36 50 ]
47: [ 18 19 21 33 36 ]
48: [ 30 32 ]
49: [ 2 5 10 19 20 29 30 37 ]
50: [ 11 12 32 40 46 ]
