1: [ 9 16 19 20 21 29 ]
2: [ 5 29 49 ]
3: [ 22 44 ]
4: [ 19 23 25 41 46 ]
5: [ 2 6 13 15 23 43 44 ]
6: [ 5 9 10 16 29 31 37 38 47 ]
7: [ ]
8: [ 43 44 ]
9: [ 1 6 14 19 20 28 29 35 50 ]
10: [ 6 15 18 20 ]
11: [ 28 30 ]
12: [ ]
13: [ 5 21 22 34 37 44 ]
14: [ 9 24 33 38 39 42 45 ]
15: [ 5 10 ]
16: [ 1 6 27 33 38 39 ]
17: [ 29 32 36 ]
18: [ 10 ]
19: [ 1 4 9 22 37 43 ]
20: [ 1 9 10 ]
21: [ 1 13 28 43 48 ]
22: [ 3 13 19 23 26 37 45 48 50 ]
23: [ 4 5 22 39 43 49 ]
24: [ 14 33 34 37 ]
25: [ 4 41 ]
26: [ 22 38 42 43 44 ]
27: [ 16 ]
28: [ 9 11 21 33 35 ]
29: [ 1 2 6 9 17 50 ]
30: [ 11 39 41 ]
31: [ 6 33 45 ]
32: [ 17 ]
33: [ 14 16 24 28 31 38 42 47 ]
34: [ 13 24 41 ]
35: [ 9 28 39 ]
36: [ 17 ]
37: [ 6 13 19 22 24 44 ]
38: [ 6 14 16 26 33 39 41 43 45 50 ]
39: [ 14 16 23 30 35 38 41 42 ]
40: [ ]
41: [ 4 25 30 34 38 39 45 ]
42: [ 14 26 33 39 50 ]
43: [ 5 8 19 21 23 26 38 46 48 ]
44: [ 3 5 8 13 26 37 ]
45: [ 14 22 31 38 41 46 ]
46: [ 4 43 45 ]
47: [ 6 33 ]
48: [ 21 22 43 50 ]
49: [ 2 23 ]
50: [ 9 22 29 38 42 48 ]
