1: [ 7 13 15 24 34 36 48 ]
2: [ 32 33 42 44 ]
3: [ 16 18 20 21 36 ]
4: [ 8 24 28 31 32 36 38 49 ]
5: [ ]
6: [ 20 27 ]
7: [ 1 10 11 15 26 ]
8: [ 4 10 19 29 30 39 ]
9: [ 49 ]
10: [ 7 8 11 25 31 ]
11: [ 7 10 21 24 33 40 ]
12: [ 25 42 47 ]
13: [ 1 26 35 36 38 40 44 ]
14: [ 19 37 44 ]
15: [ 1 7 16 19 32 35 46 ]
16: [ 3 15 21 22 28 36 41 42 ]
17: [ 21 36 40 44 50 ]
18: [ 3 27 30 41 42 46 47 ]
19: [ 8 14 15 21 31 36 37 38 39 44 50 ]
20: [ 3 6 23 29 30 42 ]
21: [ 3 11 16 17 19 40 47 ]
22: [ 16 29 35 40 41 49 ]
23: [ 20 24 30 ]
24: [ 1 4 11 23 27 41 48 49 ]
25: [ 10 12 36 37 46 ]
26: [ 7 13 27 28 36 40 47 ]
27: [ 6 18 24 26 28 38 42 44 ]
28: [ 4 16 26 27 32 46 ]
29: [ 8 20 22 39 42 47 ]
30: [ 8 18 20 23 42 48 ]
31: [ 4 10 19 38 ]
32: [ 2 4 15 28 33 39 47 48 49 ]
33: [ 2 11 32 40 48 ]
34: [ 1 35 ]
35: [ 13 15 22 34 50 ]
36: [ 1 3 4 13 16 17 19 25 26 46 47 ]
37: [ 14 19 25 38 42 ]
38: [ 4 13 19 27 31 37 48 ]
39: [ 8 19 29 32 ]
40: [ 11 13 17 21 22 26 33 41 42 ]
41: [ 16 18 22 24 40 50 ]
42: [ 2 12 16 18 20 27 29 30 37 40 ]
43: [ ]
44: [ 2 13 14 17 19 27 49 ]
45: [ 50 ]
46: [ 15 18 25 28 36 48 ]
47: [ 12 18 21 26 29 32 36 49 ]
48: [ 1 24 30 32 33 38 46 49 ]
49: [ 4 9 22 24 32 44 47 48 ]
50: [ 17 19 35 41 45 ]
