1: [ ]
2: [ ]
3: [ 18 23 24 42 46 ]
4: [ 6 10 14 15 22 39 42 ]
5: [ 17 21 22 25 27 38 47 48 ]
6: [ 4 11 13 19 20 28 29 33 40 42 ]
7: [ 11 14 21 34 37 ]
8: [ 11 22 29 43 47 ]
9: [ 11 27 32 37 43 46 ]
10: [ 4 12 22 29 46 ]
11: [ 6 7 8 9 12 20 21 25 38 41 ]
12: [ 10 11 30 ]
13: [ 6 20 25 33 ]
14: [ 4 7 23 48 49 ]
15: [ 4 22 25 42 ]
16: [ 43 45 47 50 ]
17: [ 5 42 ]
18: [ 3 46 ]
19: [ 6 20 25 28 46 ]
20: [ 6 11 13 19 22 45 ]
21: [ 5 7 11 22 23 28 47 ]
22: [ 4 5 8 10 15 20 21 28 42 ]
23: [ 3 14 21 24 29 ]
24: [ 3 23 25 27 34 48 ]
25: [ 5 11 13 15 19 24 27 ]
26: [ 27 48 ]
27: [ 5 9 24 25 26 32 33 34 ]
28: [ 6 19 21 22 29 33 34 ]
29: [ 6 8 10 23 28 49 ]
30: [ 12 38 ]
31: [ 33 40 49 ]
32: [ 9 27 36 43 50 ]
33: [ 6 13 27 28 31 49 ]
34: [ 7 24 27 28 36 42 43 49 ]
35: [ ]
36: [ 32 34 43 44 47 ]
37: [ 7 9 40 48 ]
38: [ 5 11 30 41 43 45 49 ]
39: [ 4 ]
40: [ 6 31 37 43 ]
41: [ 11 38 ]
42: [ 3 4 6 15 17 22 34 ]
43: [ 8 9 16 32 34 36 38 40 45 ]
44: [ 36 ]
45: [ 16 20 38 43 46 ]
46: [ 3 9 10 18 19 45 ]
47: [ 5 8 16 21 36 50 ]
48: [ 5 14 24 26 37 ]
49: [ 14 29 31 33 34 38 ]
50: [ 16 32 47 ]
