1: [ 17 28 29 42 49 ]
2: [ 4 11 17 20 32 40 49 ]
3: [ 4 23 36 38 40 43 ]
4: [ 2 3 6 15 21 33 ]
5: [ 10 12 27 43 48 ]
6: [ 4 7 21 29 46 ]
7: [ 6 17 20 44 48 49 50 ]
8: [ 9 36 38 ]
9: [ 8 10 12 19 34 41 48 ]
10: [ 5 9 17 18 25 26 ]
11: [ 2 18 20 22 24 28 30 ]
12: [ 5 9 16 19 22 ]
13: [ 47 ]
14: [ 15 21 32 34 38 43 46 50 ]
15: [ 4 14 22 ]
16: [ 12 22 ]
17: [ 1 2 7 10 21 26 30 34 38 ]
18: [ 10 11 22 25 27 46 49 ]
19: [ 9 12 22 25 33 38 41 43 ]
20: [ 2 7 11 24 ]
21: [ 4 6 14 17 22 23 32 35 39 ]
22: [ 11 12 15 16 18 19 21 25 28 31 43 47 ]
23: [ 3 21 49 50 ]
24: [ 11 20 35 ]
25: [ 10 18 19 22 28 48 ]
26: [ 10 17 43 50 ]
27: [ 5 18 38 39 41 ]
28: [ 1 11 22 25 29 43 ]
29: [ 1 6 28 47 ]
30: [ 11 17 36 45 ]
31: [ 22 47 48 ]
32: [ 2 14 21 39 ]
33: [ 4 19 49 ]
34: [ 9 14 17 42 ]
35: [ 21 24 45 ]
36: [ 3 8 30 41 ]
37: [ ]
38: [ 3 8 14 17 19 27 45 ]
39: [ 21 27 32 49 ]
40: [ 2 3 41 49 ]
41: [ 9 19 27 36 40 47 50 ]
42: [ 1 34 49 ]
43: [ 3 5 14 19 22 26 28 48 ]
44: [ 7 49 ]
45: [ 30 35 38 ]
46: [ 6 14 18 49 ]
47: [ 13 22 29 31 41 ]
48: [ 5 7 9 25 31 43 ]
49: [ 1 2 7 18 23 33 39 40 42 44 46 ]
50: [ 7 14 23 26 41 ]
