1: [ 4 28 29 36 50 ]
2: [ 18 24 32 41 47 ]
3: [ 18 20 21 25 28 33 42 ]
4: [ 1 8 9 19 33 41 ]
5: [ 15 17 21 24 36 50 ]
6: [ 9 45 47 ]
7: [ 24 31 43 47 49 ]
8: [ 4 14 34 45 49 50 ]
9: [ 4 6 16 21 30 35 37 46 47 50 ]
10: [ 14 17 26 34 40 42 45 ]
11: [ 28 49 ]
12: [ 26 30 35 40 41 45 ]
13: [ 15 16 28 36 39 ]
14: [ 8 10 18 25 27 34 39 41 47 ]
15: [ 5 13 17 21 23 25 26 40 42 44 45 46 ]
16: [ 9 13 18 29 31 40 46 ]
17: [ 5 10 15 23 28 34 37 42 ]
18: [ 2 3 14 16 21 ]
19: [ 4 20 24 31 43 ]
20: [ 3 19 29 31 39 44 49 ]
21: [ 3 5 9 15 18 26 31 33 35 47 ]
22: [ 32 34 ]
23: [ 15 17 24 29 35 42 ]
24: [ 2 5 7 19 23 27 31 36 40 ]
25: [ 3 14 15 33 37 49 ]
26: [ 10 12 15 21 27 29 38 45 ]
27: [ 14 24 26 32 34 47 ]
28: [ 1 3 11 13 17 32 45 48 ]
29: [ 1 16 20 23 26 ]
30: [ 9 12 42 45 ]
31: [ 7 16 19 20 21 24 33 38 47 ]
32: [ 2 22 27 28 44 48 ]
33: [ 3 4 21 25 31 39 40 ]
34: [ 8 10 14 17 22 27 39 ]
35: [ 9 12 21 23 41 ]
36: [ 1 5 13 24 ]
37: [ 9 17 25 45 ]
38: [ 26 31 48 50 ]
39: [ 13 14 20 33 34 ]
40: [ 10 12 15 16 24 33 46 ]
41: [ 2 4 12 14 35 47 ]
42: [ 3 10 15 17 23 30 43 45 ]
43: [ 7 19 42 ]
44: [ 15 20 32 45 ]
45: [ 6 8 10 12 15 26 28 30 37 42 44 47 48 ]
46: [ 9 15 16 40 ]
47: [ 2 6 7 9 14 21 27 31 41 45 ]
48: [ 28 32 38 45 ]
49: [ 7 8 11 20 25 ]
50: [ 1 5 8 9 38 ]
