1: [ 5 19 23 45 ]
2: [ 4 5 6 22 32 35 ]
3: [ 19 31 33 ]
4: [ 2 6 17 21 25 30 34 ]
5: [ 1 2 18 27 33 39 49 ]
6: [ 2 4 7 11 15 17 31 48 ]
7: [ 6 15 16 19 23 33 39 50 ]
8: [ 15 29 42 50 ]
9: [ 10 14 27 50 ]
10: [ 9 11 26 40 44 45 46 47 ]
11: [ 6 10 15 17 20 39 41 50 ]
12: [ 17 23 39 46 ]
13: [ ]
14: [ 9 16 33 39 48 ]
15: [ 6 7 8 11 34 ]
16: [ 7 14 38 46 49 ]
17: [ 4 6 11 12 26 31 35 43 47 ]
18: [ 5 25 ]
19: [ 1 3 7 34 35 40 42 46 ]
20: [ 11 26 36 42 43 ]
21: [ 4 23 50 ]
22: [ 2 26 33 37 44 45 ]
23: [ 1 7 12 21 44 ]
24: [ 44 ]
25: [ 4 18 ]
26: [ 10 17 20 22 40 41 48 ]
27: [ 5 9 33 ]
28: [ 31 33 41 44 45 50 ]
29: [ 8 30 40 44 ]
30: [ 4 29 41 50 ]
31: [ 3 6 17 28 40 48 ]
32: [ 2 ]
33: [ 3 5 7 14 22 27 28 42 44 ]
34: [ 4 15 19 ]
35: [ 2 17 19 ]
36: [ 20 49 ]
37: [ 22 ]
38: [ 16 42 44 46 ]
39: [ 5 7 11 12 14 ]
40: [ 10 19 26 29 31 ]
41: [ 11 26 28 30 48 ]
42: [ 8 19 20 33 38 45 ]
43: [ 17 20 45 49 ]
44: [ 10 22 23 24 28 29 33 38 ]
45: [ 1 10 22 28 42 43 ]
46: [ 10 12 16 19 38 ]
47: [ 10 17 ]
48: [ 6 14 26 31 41 49 ]
49: [ 5 16 36 43 48 50 ]
50: [ 7 8 9 11 21 28 30 49 ]
