1: [ 6 9 10 35 41 44 50 ]
2: [ 16 23 24 28 31 33 48 ]
3: [ 8 17 34 44 ]
4: [ 5 8 21 36 38 48 ]
5: [ 4 33 34 36 37 46 ]
6: [ 1 41 42 ]
7: [ 15 17 30 31 33 44 50 ]
8: [ 3 4 16 30 ]
9: [ 1 30 32 35 38 42 43 44 46 50 ]
10: [ 1 14 17 18 47 48 ]
11: [ 33 ]
12: [ 16 22 25 32 40 44 49 ]
13: [ 14 19 25 31 35 ]
14: [ 10 13 16 31 35 36 37 ]
15: [ 7 17 20 27 33 49 ]
16: [ 2 8 12 14 24 37 45 48 ]
17: [ 3 7 10 15 21 24 37 41 48 ]
18: [ 10 50 ]
19: [ 13 20 25 ]
20: [ 15 19 27 29 34 42 ]
21: [ 4 17 30 34 ]
22: [ 12 25 42 47 ]
23: [ 2 43 ]
24: [ 2 16 17 27 ]
25: [ 12 13 19 22 40 41 46 49 ]
26: [ 29 47 ]
27: [ 15 20 24 34 42 45 ]
28: [ 2 34 ]
29: [ 20 26 44 ]
30: [ 7 8 9 21 31 35 36 ]
31: [ 2 7 13 14 30 41 46 47 49 ]
32: [ 9 12 ]
33: [ 2 5 7 11 15 ]
34: [ 3 5 20 21 27 28 ]
35: [ 1 9 13 14 30 ]
36: [ 4 5 14 30 42 ]
37: [ 5 14 16 17 41 44 ]
38: [ 4 9 47 ]
39: [ ]
40: [ 12 25 ]
41: [ 1 6 17 25 31 37 44 ]
42: [ 6 9 20 22 27 36 ]
43: [ 9 23 50 ]
44: [ 1 3 7 9 12 29 37 41 ]
45: [ 16 27 ]
46: [ 5 9 25 31 49 ]
47: [ 10 22 26 31 38 ]
48: [ 2 4 10 16 17 ]
49: [ 12 15 25 31 46 50 ]
50: [ 1 7 9 18 43 49 ]
