1: [ 6 18 31 38 40 ]
2: [ 4 15 23 28 ]
3: [ 16 25 29 35 38 43 46 50 ]
4: [ 2 28 ]
5: [ 12 24 34 ]
6: [ 1 19 42 48 ]
7: [ 17 31 34 ]
8: [ 32 ]
9: [ 10 12 23 37 48 50 ]
10: [ 9 16 23 26 28 38 41 ]
11: [ 22 42 44 50 ]
12: [ 5 9 20 26 32 38 44 50 ]
13: [ 20 44 ]
14: [ 49 ]
15: [ 2 ]
16: [ 3 10 19 30 35 37 43 45 ]
17: [ 7 ]
18: [ 1 34 36 46 ]
19: [ 6 16 23 32 ]
20: [ 12 13 30 35 37 42 47 ]
21: [ 24 45 46 ]
22: [ 11 26 43 47 ]
23: [ 2 9 10 19 24 26 29 30 38 ]
24: [ 5 21 23 37 ]
25: [ 3 46 ]
26: [ 10 12 22 23 29 30 36 39 ]
27: [ 38 50 ]
28: [ 2 4 10 31 44 47 ]
29: [ 3 23 26 36 42 45 46 47 50 ]
30: [ 16 20 23 26 46 50 ]
31: [ 1 7 28 32 36 46 50 ]
32: [ 8 12 19 31 34 36 46 47 ]
33: [ 40 41 ]
34: [ 5 7 18 32 41 ]
35: [ 3 16 20 37 ]
36: [ 18 26 29 31 32 38 39 42 ]
37: [ 9 16 20 24 35 41 46 48 ]
38: [ 1 3 10 12 23 27 36 ]
39: [ 26 36 43 44 46 ]
40: [ 1 33 42 45 ]
41: [ 10 33 34 37 46 50 ]
42: [ 6 11 20 29 36 40 50 ]
43: [ 3 16 22 39 47 ]
44: [ 11 12 13 28 39 ]
45: [ 16 21 29 40 47 ]
46: [ 3 18 21 25 29 30 31 32 37 39 41 ]
47: [ 20 22 28 29 32 43 45 ]
48: [ 6 9 37 ]
49: [ 14 ]
50: [ 3 9 11 12 27 29 30 31 41 42 ]
