1: [ 12 18 31 35 45 ]
2: [ 13 28 39 50 ]
3: [ 5 6 10 30 36 41 45 ]
4: [ 14 18 21 40 42 48 ]
5: [ 3 7 9 27 30 37 ]
6: [ 3 13 19 26 27 35 42 ]
7: [ 5 28 36 42 44 46 ]
8: [ 9 18 43 48 ]
9: [ 5 8 17 27 30 36 ]
10: [ 3 14 21 33 ]
11: [ 13 30 31 34 36 44 48 ]
12: [ 1 21 32 35 ]
13: [ 2 6 11 15 24 44 46 ]
14: [ 4 10 24 ]
15: [ 13 20 26 27 28 32 34 41 ]
16: [ 18 22 24 35 ]
17: [ 9 21 39 ]
18: [ 1 4 8 16 19 22 23 29 45 47 ]
19: [ 6 18 22 28 31 36 37 41 47 50 ]
20: [ 15 ]
21: [ 4 10 12 17 33 36 45 ]
22: [ 16 18 19 27 38 48 ]
23: [ 18 33 38 45 47 ]
24: [ 13 14 16 34 50 ]
25: [ 27 ]
26: [ 6 15 35 45 50 ]
27: [ 5 6 9 15 22 25 31 40 50 ]
28: [ 2 7 15 19 34 39 ]
29: [ 18 43 46 ]
30: [ 3 5 9 11 50 ]
31: [ 1 11 19 27 35 44 ]
32: [ 12 15 33 44 ]
33: [ 10 21 23 32 41 49 ]
34: [ 11 15 24 28 35 40 45 ]
35: [ 1 6 12 16 26 31 34 40 44 ]
36: [ 3 7 9 11 19 21 40 ]
37: [ 5 19 45 48 ]
38: [ 22 23 41 ]
39: [ 2 17 28 ]
40: [ 4 27 34 35 36 42 ]
41: [ 3 15 19 33 38 ]
42: [ 4 6 7 40 47 ]
43: [ 8 29 44 45 ]
44: [ 7 11 13 31 32 35 43 45 47 ]
45: [ 1 3 18 21 23 26 34 37 43 44 48 ]
46: [ 7 13 29 ]
47: [ 18 19 23 42 44 ]
48: [ 4 8 11 22 37 45 ]
49: [ 33 ]
50: [ 2 19 24 26 27 30 ]
