1: [ 3 9 13 16 23 24 42 45 48 ]
2: [ 3 5 13 18 23 38 43 ]
3: [ 1 2 19 28 33 43 ]
4: [ 21 27 29 32 ]
5: [ 2 7 13 29 36 ]
6: [ 9 11 24 33 39 46 ]
7: [ 5 11 13 19 23 29 33 40 42 ]
8: [ 18 20 ]
9: [ 1 6 12 27 32 33 44 50 ]
10: [ 18 27 32 37 42 45 47 ]
11: [ 6 7 19 34 49 ]
12: [ 9 42 ]
13: [ 1 2 5 7 23 44 ]
14: [ 20 21 22 33 34 38 45 ]
15: [ 30 33 ]
16: [ 1 45 ]
17: [ 25 46 ]
18: [ 2 8 10 43 ]
19: [ 3 7 11 23 29 37 40 42 44 45 49 ]
20: [ 8 14 23 34 38 46 ]
21: [ 4 14 32 44 45 ]
22: [ 14 29 41 44 45 ]
23: [ 1 2 7 13 19 20 24 30 34 38 46 ]
24: [ 1 6 23 35 ]
25: [ 17 32 40 ]
26: [ 32 ]
27: [ 4 9 10 43 44 45 ]
28: [ 3 32 41 43 ]
29: [ 4 5 7 19 22 31 36 38 46 49 ]
30: [ 15 23 41 46 50 ]
31: [ 29 43 47 48 ]
32: [ 4 9 10 21 25 26 28 ]
33: [ 3 6 7 9 14 15 35 37 39 46 ]
34: [ 11 14 20 23 39 40 ]
35: [ 24 33 37 ]
36: [ 5 29 38 47 ]
37: [ 10 19 33 35 ]
38: [ 2 14 20 23 29 36 ]
39: [ 6 33 34 46 ]
40: [ 7 19 25 34 44 46 48 ]
41: [ 22 28 30 ]
42: [ 1 7 10 12 19 44 ]
43: [ 2 3 18 27 28 31 49 50 ]
44: [ 9 13 19 21 22 27 40 42 ]
45: [ 1 10 14 16 19 21 22 27 46 ]
46: [ 6 17 20 23 29 30 33 39 40 45 ]
47: [ 10 31 36 ]
48: [ 1 31 40 50 ]
49: [ 11 19 29 43 ]
50: [ 9 30 43 48 ]
