1: [ 10 24 34 36 37 43 ]
2: [ ]
3: [ 16 26 29 35 39 41 42 49 ]
4: [ 12 35 43 ]
5: [ 6 8 43 ]
6: [ 5 9 12 24 30 31 40 ]
7: [ 21 28 35 45 ]
8: [ 5 16 32 33 34 43 ]
9: [ 6 11 33 36 42 49 ]
10: [ 1 15 24 25 39 ]
11: [ 9 28 38 44 50 ]
12: [ 4 6 38 48 49 ]
13: [ 18 24 28 32 34 37 39 ]
14: [ 35 38 40 50 ]
15: [ 10 40 ]
16: [ 3 8 21 35 45 ]
17: [ 25 33 45 ]
18: [ 13 22 36 47 ]
19: [ 23 30 34 37 41 44 ]
20: [ 22 31 34 ]
21: [ 7 16 49 ]
22: [ 18 20 32 34 35 47 ]
23: [ 19 40 46 ]
24: [ 1 6 10 13 26 35 44 ]
25: [ 10 17 26 29 33 34 46 ]
26: [ 3 24 25 29 46 ]
27: [ 28 39 46 ]
28: [ 7 11 13 27 39 ]
29: [ 3 25 26 35 44 ]
30: [ 6 19 39 40 43 ]
31: [ 6 20 33 ]
32: [ 8 13 22 35 38 45 ]
33: [ 8 9 17 25 31 39 ]
34: [ 1 8 13 19 20 22 25 37 40 42 48 ]
35: [ 3 4 7 14 16 22 24 29 32 38 ]
36: [ 1 9 18 37 38 46 47 ]
37: [ 1 13 19 34 36 45 ]
38: [ 11 12 14 32 35 36 41 ]
39: [ 3 10 13 27 28 30 33 46 ]
40: [ 6 14 15 23 30 34 49 ]
41: [ 3 19 38 45 46 ]
42: [ 3 9 34 45 ]
43: [ 1 4 5 8 30 ]
44: [ 11 19 24 29 50 ]
45: [ 7 16 17 32 37 41 42 46 47 ]
46: [ 23 25 26 27 36 39 41 45 48 ]
47: [ 18 22 36 45 50 ]
48: [ 12 34 46 ]
49: [ 3 9 12 21 40 ]
50: [ 11 14 44 47 ]
