1: [ 5 20 22 40 ]
2: [ 19 28 32 38 40 ]
3: [ 15 24 31 32 43 44 ]
4: [ 8 11 18 49 50 ]
5: [ 1 6 9 12 15 21 30 37 42 48 ]
6: [ 5 7 15 17 18 24 28 37 38 39 43 49 ]
7: [ 6 12 24 32 37 45 ]
8: [ 4 18 23 34 ]
9: [ 5 45 ]
10: [ 11 14 20 37 ]
11: [ 4 10 15 16 20 43 ]
12: [ 5 7 18 19 40 47 48 ]
13: [ 15 24 25 32 40 47 ]
14: [ 10 20 30 31 36 48 ]
15: [ 3 5 6 11 13 16 20 31 43 48 ]
16: [ 11 15 29 37 ]
17: [ 6 19 24 31 32 34 41 ]
18: [ 4 6 8 12 23 24 29 48 ]
19: [ 2 12 17 22 38 39 43 49 ]
20: [ 1 10 11 14 15 21 29 30 34 44 ]
21: [ 5 20 37 ]
22: [ 1 19 23 27 46 48 ]
23: [ 8 18 22 28 34 44 50 ]
24: [ 3 6 7 13 17 18 27 30 42 ]
25: [ 13 30 36 ]
26: [ 28 31 38 44 45 ]
27: [ 22 24 33 ]
28: [ 2 6 23 26 30 31 33 46 ]
29: [ 16 18 20 32 36 37 ]
30: [ 5 14 20 24 25 28 31 39 45 ]
31: [ 3 14 15 17 26 28 30 39 46 ]
32: [ 2 3 7 13 17 29 ]
33: [ 27 28 ]
34: [ 8 17 20 23 36 48 ]
35: [ 44 ]
36: [ 14 25 29 34 42 ]
37: [ 5 6 7 10 16 21 29 ]
38: [ 2 6 19 26 43 47 ]
39: [ 6 19 30 31 ]
40: [ 1 2 12 13 43 ]
41: [ 17 48 ]
42: [ 5 24 36 ]
43: [ 3 6 11 15 19 38 40 46 47 49 ]
44: [ 3 20 23 26 35 47 ]
45: [ 7 9 26 30 48 ]
46: [ 22 28 31 43 ]
47: [ 12 13 38 43 44 ]
48: [ 5 12 14 15 18 22 34 41 45 ]
49: [ 4 6 19 43 ]
50: [ 4 23 ]
