1: [ 13 19 21 23 24 27 29 31 41 ]
2: [ 8 11 12 20 33 35 41 46 48 49 ]
3: [ 4 12 13 17 19 20 28 48 ]
4: [ 3 5 15 24 35 36 43 45 ]
5: [ 4 23 30 37 ]
6: [ 17 22 40 49 ]
7: [ 18 20 25 35 39 45 ]
8: [ 2 16 23 31 34 39 41 50 ]
9: [ 11 13 15 18 20 22 44 47 49 ]
10: [ 38 39 50 ]
11: [ 2 9 12 ]
12: [ 2 3 11 24 25 26 30 ]
13: [ 1 3 9 19 22 33 ]
14: [ 21 29 31 32 38 50 ]
15: [ 4 9 37 ]
16: [ 8 26 28 32 38 40 ]
17: [ 3 6 21 33 ]
18: [ 7 9 31 47 ]
19: [ 1 3 13 27 30 37 39 ]
20: [ 2 3 7 9 35 42 ]
21: [ 1 14 17 22 27 44 47 ]
22: [ 6 9 13 21 23 38 45 46 ]
23: [ 1 5 8 22 25 32 42 49 ]
24: [ 1 4 12 25 36 37 ]
25: [ 7 12 23 24 26 36 37 39 46 ]
26: [ 12 16 25 33 39 42 47 ]
27: [ 1 19 21 37 39 ]
28: [ 3 16 45 ]
29: [ 1 14 36 38 ]
30: [ 5 12 19 41 43 48 49 50 ]
31: [ 1 8 14 18 35 40 41 ]
32: [ 14 16 23 42 43 47 ]
33: [ 2 13 17 26 34 35 36 ]
34: [ 8 33 35 ]
35: [ 2 4 7 20 31 33 34 48 ]
36: [ 4 24 25 29 33 37 ]
37: [ 5 15 19 24 25 27 36 39 40 43 ]
38: [ 10 14 16 22 29 47 ]
39: [ 7 8 10 19 25 26 27 37 ]
40: [ 6 16 31 37 ]
41: [ 1 2 8 30 31 46 ]
42: [ 20 23 26 32 ]
43: [ 4 30 32 37 44 46 ]
44: [ 9 21 43 ]
45: [ 4 7 22 28 ]
46: [ 2 22 25 41 43 ]
47: [ 9 18 21 26 32 38 ]
48: [ 2 3 30 35 ]
49: [ 2 6 9 23 30 ]
50: [ 8 10 14 30 ]
