1: [ 5 9 11 15 36 ]
2: [ 15 19 42 ]
3: [ 6 11 15 20 26 50 ]
4: [ 13 17 21 35 ]
5: [ 1 6 18 20 21 25 32 36 39 42 47 ]
6: [ 3 5 30 35 40 ]
7: [ 13 27 29 31 36 41 49 ]
8: [ 24 ]
9: [ 1 10 22 46 50 ]
10: [ 9 27 32 41 47 48 50 ]
11: [ 1 3 19 21 22 37 38 42 45 ]
12: [ 16 17 21 22 36 44 ]
13: [ 4 7 17 30 34 39 41 45 ]
14: [ 16 19 26 36 40 45 48 50 ]
15: [ 1 2 3 22 28 31 42 50 ]
16: [ 12 14 34 35 36 39 41 46 ]
17: [ 4 12 13 20 ]
18: [ 5 21 44 48 ]
19: [ 2 11 14 ]
20: [ 3 5 17 29 45 50 ]
21: [ 4 5 11 12 18 28 30 31 40 ]
22: [ 9 11 12 15 45 48 49 ]
23: [ 25 35 44 46 47 ]
24: [ 8 33 37 38 ]
25: [ 5 23 36 47 ]
26: [ 3 14 27 32 41 ]
27: [ 7 10 26 28 ]
28: [ 15 21 27 32 39 43 ]
29: [ 7 20 34 43 44 48 49 ]
30: [ 6 13 21 33 38 45 48 50 ]
31: [ 7 15 21 41 ]
32: [ 5 10 26 28 33 37 42 44 49 ]
33: [ 24 30 32 38 ]
34: [ 13 16 29 ]
35: [ 4 6 16 23 36 38 39 46 47 ]
36: [ 1 5 7 12 14 16 25 35 37 40 48 50 ]
37: [ 11 24 32 36 49 ]
38: [ 11 24 30 33 35 48 ]
39: [ 5 13 16 28 35 41 42 49 ]
40: [ 6 14 21 36 49 ]
41: [ 7 10 13 16 26 31 39 45 47 49 ]
42: [ 2 5 11 15 32 39 ]
43: [ 28 29 ]
44: [ 12 18 23 29 32 ]
45: [ 11 13 14 20 22 30 41 ]
46: [ 9 16 23 35 50 ]
47: [ 5 10 23 25 35 41 48 ]
48: [ 10 14 18 22 29 30 36 38 47 ]
49: [ 7 22 29 32 37 39 40 41 ]
50: [ 3 9 10 14 15 20 30 36 46 ]
