1: [ 7 17 32 ]
2: [ 30 43 ]
3: [ 4 13 21 27 42 48 49 50 ]
4: [ 3 7 9 25 35 39 40 ]
5: [ 21 35 38 ]
6: [ 14 27 40 43 44 ]
7: [ 1 4 29 ]
8: [ 10 12 13 36 38 46 47 ]
9: [ 4 20 29 31 36 43 47 50 ]
10: [ 8 25 30 ]
11: [ 22 24 29 45 50 ]
12: [ 8 18 25 30 34 48 ]
13: [ 3 8 23 28 33 ]
14: [ 6 15 18 19 20 32 35 38 ]
15: [ 14 28 29 31 38 47 ]
16: [ 18 41 ]
17: [ 1 23 29 41 ]
18: [ 12 14 16 20 24 38 48 ]
19: [ 14 37 ]
20: [ 9 14 18 21 23 30 39 40 48 ]
21: [ 3 5 20 ]
22: [ 11 24 28 42 ]
23: [ 13 17 20 31 40 ]
24: [ 11 18 22 25 ]
25: [ 4 10 12 24 30 40 ]
26: [ 35 37 40 45 ]
27: [ 3 6 30 32 36 40 ]
28: [ 13 15 22 34 35 41 43 ]
29: [ 7 9 11 15 17 48 ]
30: [ 2 10 12 20 25 27 35 37 40 50 ]
31: [ 9 15 23 34 38 41 45 48 49 50 ]
32: [ 1 14 27 40 41 ]
33: [ 13 35 38 ]
34: [ 12 28 31 44 ]
35: [ 4 5 14 26 28 30 33 37 46 48 ]
36: [ 8 9 27 42 ]
37: [ 19 26 30 35 45 46 ]
38: [ 5 8 14 15 18 31 33 42 50 ]
39: [ 4 20 49 ]
40: [ 4 6 20 23 25 26 27 30 32 49 ]
41: [ 16 17 28 31 32 44 46 48 ]
42: [ 3 22 36 38 ]
43: [ 2 6 9 28 47 ]
44: [ 6 34 41 ]
45: [ 11 26 31 37 46 47 ]
46: [ 8 35 37 41 45 ]
47: [ 8 9 15 43 45 ]
48: [ 3 12 18 20 29 31 35 41 ]
49: [ 3 31 39 40 50 ]
50: [ 3 9 11 30 31 38 49 ]
