1: [ 7 10 26 28 29 32 39 ]
2: [ 5 13 20 21 28 42 48 ]
3: [ 10 13 16 33 38 ]
4: [ 5 13 17 19 20 40 46 ]
5: [ 2 4 33 37 48 ]
6: [ ]
7: [ 1 15 39 ]
8: [ 19 ]
9: [ 11 33 49 ]
10: [ 1 3 27 38 41 42 ]
11: [ 9 27 32 35 40 43 47 48 ]
12: [ 16 22 27 38 42 ]
13: [ 2 3 4 34 39 50 ]
14: [ 16 18 23 26 34 41 44 ]
15: [ 7 33 46 ]
16: [ 3 12 14 18 23 45 ]
17: [ 4 23 24 29 37 38 45 ]
18: [ 14 16 22 36 38 43 44 45 ]
19: [ 4 8 23 32 44 ]
20: [ 2 4 28 49 ]
21: [ 2 33 37 39 ]
22: [ 12 18 23 33 35 39 44 47 ]
23: [ 14 16 17 19 22 42 43 49 ]
24: [ 17 42 ]
25: [ ]
26: [ 1 14 27 48 50 ]
27: [ 10 11 12 26 28 36 39 42 ]
28: [ 1 2 20 27 33 35 ]
29: [ 1 17 ]
30: [ 34 39 47 ]
31: [ 33 34 38 40 49 ]
32: [ 1 11 19 49 ]
33: [ 3 5 9 15 21 22 28 31 ]
34: [ 13 14 30 31 35 42 ]
35: [ 11 22 28 34 41 ]
36: [ 18 27 44 ]
37: [ 5 17 21 ]
38: [ 3 10 12 17 18 31 ]
39: [ 1 7 13 21 22 27 30 50 ]
40: [ 4 11 31 47 49 ]
41: [ 10 14 35 46 ]
42: [ 2 10 12 23 24 27 34 49 ]
43: [ 11 18 23 47 ]
44: [ 14 18 19 22 36 47 49 ]
45: [ 16 17 18 ]
46: [ 4 15 41 ]
47: [ 11 22 30 40 43 44 ]
48: [ 2 5 11 26 ]
49: [ 9 20 23 31 32 40 42 44 ]
50: [ 13 26 39 ]
