1: [ 2 5 9 11 19 25 27 36 38 46 47 ]
2: [ 1 3 6 8 13 19 20 48 ]
3: [ 2 7 14 28 30 49 ]
4: [ 7 12 17 22 24 29 35 41 48 ]
5: [ 1 25 44 ]
6: [ 2 17 46 ]
7: [ 3 4 9 12 20 36 43 45 49 ]
8: [ 2 9 20 36 39 42 ]
9: [ 1 7 8 21 22 30 36 44 47 50 ]
10: [ 21 30 32 35 47 48 49 ]
11: [ 1 ]
12: [ 4 7 37 48 ]
13: [ 2 14 34 44 ]
14: [ 3 13 22 24 28 29 36 43 44 ]
15: [ 47 ]
16: [ 19 30 32 46 ]
17: [ 4 6 31 37 38 46 ]
18: [ 23 39 41 ]
19: [ 1 2 16 34 36 44 ]
20: [ 2 7 8 34 41 ]
21: [ 9 10 24 30 50 ]
22: [ 4 9 14 30 50 ]
23: [ 18 29 34 41 43 ]
24: [ 4 14 21 41 42 43 ]
25: [ 1 5 32 35 37 41 44 ]
26: [ 38 ]
27: [ 1 30 40 41 43 45 48 50 ]
28: [ 3 14 35 50 ]
29: [ 4 14 23 32 40 43 45 ]
30: [ 3 9 10 16 21 22 27 ]
31: [ 17 44 ]
32: [ 10 16 25 29 36 ]
33: [ 38 ]
34: [ 13 19 20 23 38 50 ]
35: [ 4 10 25 28 ]
36: [ 1 7 8 9 14 19 32 47 ]
37: [ 12 17 25 39 42 45 47 ]
38: [ 1 17 26 33 34 ]
39: [ 8 18 37 ]
40: [ 27 29 41 48 ]
41: [ 4 18 20 23 24 25 27 40 43 ]
42: [ 8 24 37 46 50 ]
43: [ 7 14 23 24 27 29 41 48 49 ]
44: [ 5 9 13 14 19 25 31 45 ]
45: [ 7 27 29 37 44 ]
46: [ 1 6 16 17 42 ]
47: [ 1 9 10 15 36 37 48 ]
48: [ 2 4 10 12 27 40 43 47 ]
49: [ 3 7 10 43 50 ]
50: [ 9 21 22 27 28 34 42 49 ]
