1: [ 2 5 6 8 13 21 23 32 39 43 50 ]
2: [ 1 4 26 32 33 35 40 ]
3: [ 21 22 27 30 49 ]
4: [ 2 18 33 35 38 41 ]
5: [ 1 10 16 17 27 28 ]
6: [ 1 8 ]
7: [ 25 ]
8: [ 1 6 10 17 36 38 43 44 ]
9: [ 19 33 43 ]
10: [ 5 8 27 37 41 47 ]
11: [ 30 ]
12: [ 22 26 ]
13: [ 1 24 28 43 50 ]
14: [ 25 29 36 45 ]
15: [ 30 32 46 47 ]
16: [ 5 ]
17: [ 5 8 18 20 22 41 ]
18: [ 4 17 21 29 32 36 41 46 ]
19: [ 9 24 38 41 ]
20: [ 17 21 38 50 ]
21: [ 1 3 18 20 30 33 43 ]
22: [ 3 12 17 24 35 40 45 ]
23: [ 1 ]
24: [ 13 19 22 43 44 45 ]
25: [ 7 14 27 29 33 39 ]
26: [ 2 12 29 32 36 46 49 50 ]
27: [ 3 5 10 25 36 ]
28: [ 5 13 36 46 ]
29: [ 14 18 25 26 32 38 47 ]
30: [ 3 11 15 21 45 ]
31: [ 49 ]
32: [ 1 2 15 18 26 29 ]
33: [ 2 4 9 21 25 39 ]
34: [ ]
35: [ 2 4 22 43 45 48 50 ]
36: [ 8 14 18 26 27 28 41 ]
37: [ 10 ]
38: [ 4 8 19 20 29 39 ]
39: [ 1 25 33 38 ]
40: [ 2 22 ]
41: [ 4 10 17 18 19 36 ]
42: [ 43 ]
43: [ 1 8 9 13 21 24 35 42 50 ]
44: [ 8 24 49 ]
45: [ 14 22 24 30 35 ]
46: [ 15 18 26 28 50 ]
47: [ 10 15 29 48 ]
48: [ 35 47 ]
49: [ 3 26 31 44 ]
50: [ 1 13 20 26 35 43 46 ]
