1: [ 3 14 16 21 28 46 ]
2: [ 11 15 18 21 33 39 49 ]
3: [ 1 8 16 25 30 33 48 49 ]
4: [ 6 36 38 39 46 ]
5: [ 6 11 20 24 28 40 43 49 ]
6: [ 4 5 14 16 27 33 35 ]
7: [ 15 19 46 ]
8: [ 3 27 32 42 ]
9: [ 21 24 35 45 ]
10: [ 14 24 26 36 44 ]
11: [ 2 5 15 16 22 40 ]
12: [ 16 18 25 30 48 ]
13: [ 23 28 33 ]
14: [ 1 6 10 16 19 38 46 ]
15: [ 2 7 11 18 22 ]
16: [ 1 3 6 11 12 14 25 29 32 35 37 38 48 ]
17: [ 19 21 30 ]
18: [ 2 12 15 22 23 25 34 37 38 ]
19: [ 7 14 17 35 41 43 ]
20: [ 5 40 ]
21: [ 1 2 9 17 37 43 44 50 ]
22: [ 11 15 18 36 ]
23: [ 13 18 30 32 33 34 46 ]
24: [ 5 9 10 29 30 49 ]
25: [ 3 12 16 18 33 36 37 39 50 ]
26: [ 10 29 37 38 43 49 ]
27: [ 6 8 29 ]
28: [ 1 5 13 37 39 41 45 48 ]
29: [ 16 24 26 27 34 37 40 45 ]
30: [ 3 12 17 23 24 40 47 50 ]
31: [ 45 ]
32: [ 8 16 23 35 43 47 50 ]
33: [ 2 3 6 13 23 25 43 46 48 ]
34: [ 18 23 29 39 ]
35: [ 6 9 16 19 32 49 ]
36: [ 4 10 22 25 ]
37: [ 16 18 21 25 26 28 29 39 43 ]
38: [ 4 14 16 18 26 ]
39: [ 2 4 25 28 34 37 ]
40: [ 5 11 20 29 30 42 47 ]
41: [ 19 28 ]
42: [ 8 40 ]
43: [ 5 19 21 26 32 33 37 46 ]
44: [ 10 21 ]
45: [ 9 28 29 31 ]
46: [ 1 4 7 14 23 33 43 ]
47: [ 30 32 40 ]
48: [ 3 12 16 28 33 ]
49: [ 2 3 5 24 26 35 ]
50: [ 21 25 30 32 ]
