1: [ 6 10 12 16 43 45 48 ]
2: [ 6 19 22 29 35 39 48 ]
3: [ 12 21 23 25 37 49 ]
4: [ 6 18 32 ]
5: [ 7 16 22 23 29 44 ]
6: [ 1 2 4 10 13 29 33 ]
7: [ 5 19 23 30 38 45 47 48 ]
8: [ 11 27 30 34 ]
9: [ 16 ]
10: [ 1 6 31 46 ]
11: [ 8 13 27 48 50 ]
12: [ 1 3 15 19 27 29 36 42 ]
13: [ 6 11 18 25 35 ]
14: [ 16 29 36 38 40 44 45 47 48 ]
15: [ 12 19 25 37 38 48 ]
16: [ 1 5 9 14 19 20 48 ]
17: [ 27 29 ]
18: [ 4 13 21 24 31 47 ]
19: [ 2 7 12 15 16 22 36 37 ]
20: [ 16 24 27 32 34 35 37 ]
21: [ 3 18 33 35 44 46 49 50 ]
22: [ 2 5 19 24 27 35 38 43 48 ]
23: [ 3 5 7 25 27 29 42 50 ]
24: [ 18 20 22 32 40 41 46 ]
25: [ 3 13 15 23 30 32 ]
26: [ 32 41 48 ]
27: [ 8 11 12 17 20 22 23 31 45 49 ]
28: [ 30 48 ]
29: [ 2 5 6 12 14 17 23 34 37 38 ]
30: [ 7 8 25 28 31 47 ]
31: [ 10 18 27 30 35 ]
32: [ 4 20 24 25 26 ]
33: [ 6 21 36 39 43 47 ]
34: [ 8 20 29 35 38 39 48 50 ]
35: [ 2 13 20 21 22 31 34 41 50 ]
36: [ 12 14 19 33 44 48 ]
37: [ 3 15 19 20 29 41 42 ]
38: [ 7 14 15 22 29 34 44 47 ]
39: [ 2 33 34 49 ]
40: [ 14 24 50 ]
41: [ 24 26 35 37 ]
42: [ 12 23 37 46 49 ]
43: [ 1 22 33 45 ]
44: [ 5 14 21 36 38 46 ]
45: [ 1 7 14 27 43 ]
46: [ 10 21 24 42 44 ]
47: [ 7 14 18 30 33 38 ]
48: [ 1 2 7 11 14 15 16 22 26 28 34 36 50 ]
49: [ 3 21 27 39 42 ]
50: [ 11 21 23 34 35 40 48 ]
