1: [ 15 22 24 25 31 32 41 46 48 ]
2: [ 7 39 47 ]
3: [ 7 17 18 20 21 23 28 46 47 ]
4: [ 15 21 26 41 43 46 50 ]
5: [ 11 31 33 49 ]
6: [ 9 37 ]
7: [ 2 3 13 44 ]
8: [ 13 18 30 32 36 ]
9: [ 6 12 23 26 50 ]
10: [ 17 30 31 45 ]
11: [ 5 13 20 35 46 ]
12: [ 9 20 25 26 ]
13: [ 7 8 11 24 25 29 32 38 ]
14: [ 20 24 32 34 38 40 47 49 ]
15: [ 1 4 17 19 26 27 34 37 40 43 50 ]
16: [ 30 38 39 41 48 ]
17: [ 3 10 15 29 32 36 ]
18: [ 3 8 20 26 ]
19: [ 15 33 36 44 47 ]
20: [ 3 11 12 14 18 43 44 ]
21: [ 3 4 23 26 33 38 45 ]
22: [ 1 27 28 30 34 35 37 48 ]
23: [ 3 9 21 30 46 ]
24: [ 1 13 14 46 ]
25: [ 1 12 13 31 36 41 ]
26: [ 4 9 12 15 18 21 32 39 ]
27: [ 15 22 31 34 47 ]
28: [ 3 22 33 35 38 42 ]
29: [ 13 17 35 47 ]
30: [ 8 10 16 22 23 41 43 46 ]
31: [ 1 5 10 25 27 41 ]
32: [ 1 8 13 14 17 26 43 ]
33: [ 5 19 21 28 50 ]
34: [ 14 15 22 27 39 ]
35: [ 11 22 28 29 41 42 ]
36: [ 8 17 19 25 39 42 44 ]
37: [ 6 15 22 38 43 ]
38: [ 13 14 16 21 28 37 42 ]
39: [ 2 16 26 34 36 45 49 ]
40: [ 14 15 ]
41: [ 1 4 16 25 30 31 35 47 ]
42: [ 28 35 36 38 50 ]
43: [ 4 15 20 30 32 37 48 ]
44: [ 7 19 20 36 48 ]
45: [ 10 21 39 ]
46: [ 1 3 4 11 23 24 30 ]
47: [ 2 3 14 19 27 29 41 ]
48: [ 1 16 22 43 44 50 ]
49: [ 5 14 39 ]
50: [ 4 9 15 33 42 48 ]
