1: [ 21 41 50 ]
2: [ 7 8 17 18 28 30 37 47 48 ]
3: [ 13 18 39 41 ]
4: [ 8 13 15 35 44 45 46 49 ]
5: [ 10 28 43 45 49 ]
6: [ 22 28 33 35 ]
7: [ 2 ]
8: [ 2 4 9 11 16 17 21 24 30 41 42 48 ]
9: [ 8 36 42 ]
10: [ 5 21 27 39 40 44 49 ]
11: [ 8 27 37 45 ]
12: [ 16 20 21 26 ]
13: [ 3 4 15 16 36 47 ]
14: [ ]
15: [ 4 13 18 27 30 47 50 ]
16: [ 8 12 13 17 20 21 22 50 ]
17: [ 2 8 16 30 36 47 ]
18: [ 2 3 15 20 31 35 36 49 ]
19: [ 23 26 41 ]
20: [ 12 16 18 35 39 48 ]
21: [ 1 8 10 12 16 31 33 50 ]
22: [ 6 16 23 36 48 50 ]
23: [ 19 22 25 29 37 ]
24: [ 8 41 42 ]
25: [ 23 37 38 47 ]
26: [ 12 19 35 38 41 ]
27: [ 10 11 15 37 44 ]
28: [ 2 5 6 35 39 43 47 50 ]
29: [ 23 30 36 40 41 ]
30: [ 2 8 15 17 29 35 42 48 ]
31: [ 18 21 33 36 39 45 ]
32: [ 33 40 42 46 ]
33: [ 6 21 31 32 44 50 ]
34: [ ]
35: [ 4 6 18 20 26 28 30 37 39 41 48 ]
36: [ 9 13 17 18 22 29 31 49 ]
37: [ 2 11 23 25 27 35 42 46 47 ]
38: [ 25 26 42 ]
39: [ 3 10 20 28 31 35 40 46 ]
40: [ 10 29 32 39 44 ]
41: [ 1 3 8 19 24 26 29 35 42 49 ]
42: [ 8 9 24 30 32 37 38 41 49 ]
43: [ 5 28 ]
44: [ 4 10 27 33 40 ]
45: [ 4 5 11 31 ]
46: [ 4 32 37 39 47 ]
47: [ 2 13 15 17 25 28 37 46 ]
48: [ 2 8 20 22 30 35 ]
49: [ 4 5 10 18 36 41 42 ]
50: [ 1 15 16 21 22 28 33 ]
