1: [ 15 19 23 24 47 ]
2: [ 17 20 21 29 30 43 ]
3: [ 9 13 17 30 43 ]
4: [ 22 28 30 33 34 40 ]
5: [ 39 ]
6: [ 7 39 ]
7: [ 6 32 ]
8: [ 10 19 20 22 23 38 46 49 ]
9: [ 3 11 12 20 42 45 ]
10: [ 8 11 34 ]
11: [ 9 10 15 18 23 34 50 ]
12: [ 9 16 21 24 34 35 ]
13: [ 3 21 26 27 28 ]
14: [ 22 29 30 31 41 46 49 ]
15: [ 1 11 34 ]
16: [ 12 34 ]
17: [ 2 3 29 34 37 43 ]
18: [ 11 22 24 26 33 43 ]
19: [ 1 8 49 ]
20: [ 2 8 9 36 41 44 ]
21: [ 2 12 13 26 34 42 ]
22: [ 4 8 14 18 35 49 ]
23: [ 1 8 11 24 30 35 43 ]
24: [ 1 12 18 23 37 43 ]
25: [ 26 ]
26: [ 13 18 21 25 35 38 42 ]
27: [ 13 30 42 ]
28: [ 4 13 33 40 ]
29: [ 2 14 17 38 44 49 ]
30: [ 2 3 4 14 23 27 37 39 42 44 ]
31: [ 14 43 44 47 ]
32: [ 7 ]
33: [ 4 18 28 41 ]
34: [ 4 10 11 12 15 16 17 21 ]
35: [ 12 22 23 26 45 50 ]
36: [ 20 44 45 48 ]
37: [ 17 24 30 44 49 50 ]
38: [ 8 26 29 ]
39: [ 5 6 30 40 50 ]
40: [ 4 28 39 49 ]
41: [ 14 20 33 49 ]
42: [ 9 21 26 27 30 ]
43: [ 2 3 17 18 23 24 31 ]
44: [ 20 29 30 31 36 37 48 ]
45: [ 9 35 36 ]
46: [ 8 14 50 ]
47: [ 1 31 ]
48: [ 36 44 49 50 ]
49: [ 8 14 19 22 29 37 40 41 48 ]
50: [ 11 35 37 39 46 48 ]
