1: [ 24 27 30 32 40 ]
2: [ 22 27 35 36 38 43 48 ]
3: [ 6 9 21 49 ]
4: [ 7 23 35 36 44 45 49 ]
5: [ 6 11 17 32 33 44 ]
6: [ 3 5 9 11 23 39 ]
7: [ 4 14 16 22 26 29 32 ]
8: [ 31 33 50 ]
9: [ 3 6 11 14 21 36 37 45 ]
10: [ 17 25 31 34 ]
11: [ 5 6 9 17 23 31 35 49 ]
12: [ 15 24 47 48 ]
13: [ 15 20 26 37 38 42 49 ]
14: [ 7 9 15 18 25 27 28 29 40 ]
15: [ 12 13 14 24 32 36 ]
16: [ 7 18 28 50 ]
17: [ 5 10 11 21 27 28 29 42 48 ]
18: [ 14 16 34 37 38 44 48 49 ]
19: [ 21 30 33 42 ]
20: [ 13 24 40 42 ]
21: [ 3 9 17 19 22 33 40 48 ]
22: [ 2 7 21 23 32 ]
23: [ 4 6 11 22 36 42 44 45 47 ]
24: [ 1 12 15 20 28 ]
25: [ 10 14 36 37 38 49 ]
26: [ 7 13 30 46 ]
27: [ 1 2 14 17 31 32 41 47 ]
28: [ 14 16 17 24 50 ]
29: [ 7 14 17 34 48 ]
30: [ 1 19 26 33 36 37 41 50 ]
31: [ 8 10 11 27 32 35 41 42 ]
32: [ 1 5 7 15 22 27 31 37 42 ]
33: [ 5 8 19 21 30 38 45 ]
34: [ 10 18 29 ]
35: [ 2 4 11 31 ]
36: [ 2 4 9 15 23 25 30 50 ]
37: [ 9 13 18 25 30 32 ]
38: [ 2 13 18 25 33 49 ]
39: [ 6 40 50 ]
40: [ 1 14 20 21 39 44 45 ]
41: [ 27 30 31 ]
42: [ 13 17 19 20 23 31 32 47 49 ]
43: [ 2 ]
44: [ 4 5 18 23 40 46 ]
45: [ 4 9 23 33 40 48 ]
46: [ 26 44 49 ]
47: [ 12 23 27 42 48 ]
48: [ 2 12 17 18 21 29 45 47 ]
49: [ 3 4 11 13 18 25 38 42 46 ]
50: [ 8 16 28 30 36 39 ]
