1: [ 16 21 23 56 76 98 ]
2: [ 3 21 24 35 36 42 46 64 76 82 96 99 ]
3: [ 2 5 25 58 74 78 89 ]
4: [ 8 11 35 37 45 51 79 98 ]
5: [ 3 9 45 70 74 99 ]
6: [ 9 16 20 39 68 72 83 ]
7: [ 12 23 25 41 68 70 73 96 98 ]
8: [ 4 35 38 40 87 96 ]
9: [ 5 6 17 40 56 69 73 89 ]
10: [ 16 44 69 83 85 ]
11: [ 4 27 36 39 57 65 88 99 ]
12: [ 7 19 20 65 67 68 77 80 92 ]
13: [ 14 19 27 43 59 68 73 75 77 92 93 94 ]
14: [ 13 20 23 29 40 43 61 65 67 86 93 95 96 98 ]
15: [ 24 25 28 42 45 51 52 76 79 82 87 93 98 99 100 ]
16: [ 1 6 10 35 38 41 52 75 76 89 91 94 ]
17: [ 9 25 48 59 67 83 91 ]
18: [ 26 27 38 46 ]
19: [ 12 13 34 40 41 46 52 71 ]
20: [ 6 12 14 32 46 56 62 64 66 68 71 93 ]
21: [ 1 2 29 38 43 53 79 98 100 ]
22: [ 28 45 57 63 75 79 83 87 92 93 ]
23: [ 1 7 14 31 33 43 63 68 79 95 ]
24: [ 2 15 43 46 70 72 74 ]
25: [ 3 7 15 17 38 56 57 82 89 ]
26: [ 18 32 35 45 48 55 56 67 71 ]
27: [ 11 13 18 30 49 61 83 ]
28: [ 15 22 ]
29: [ 14 21 30 33 44 46 48 52 61 62 95 96 ]
30: [ 27 29 47 55 ]
31: [ 23 56 90 ]
32: [ 20 26 40 85 87 99 ]
33: [ 23 29 42 46 49 51 75 77 80 ]
34: [ 19 47 53 65 67 70 81 85 ]
35: [ 2 4 8 16 26 39 44 46 69 75 79 83 87 ]
36: [ 2 11 43 44 54 65 77 84 85 92 99 ]
37: [ 4 62 70 87 ]
38: [ 8 16 18 21 25 40 45 50 52 84 ]
39: [ 6 11 35 48 64 70 77 78 96 ]
40: [ 8 9 14 19 32 38 41 63 70 79 92 ]
41: [ 7 16 19 40 45 65 80 90 ]
42: [ 2 15 33 53 57 61 62 70 80 82 84 89 90 ]
43: [ 13 14 21 23 24 36 48 52 54 65 84 88 90 96 ]
44: [ 10 29 35 36 50 65 85 87 91 92 100 ]
45: [ 4 5 15 22 26 38 41 46 51 52 63 64 100 ]
46: [ 2 18 19 20 24 29 33 35 45 49 55 99 ]
47: [ 30 34 77 78 83 95 ]
48: [ 17 26 29 39 43 54 76 88 95 ]
49: [ 27 33 46 56 74 80 95 100 ]
50: [ 38 44 56 62 65 79 ]
51: [ 4 15 33 45 63 64 67 84 89 ]
52: [ 15 16 19 29 38 43 45 60 66 75 86 88 94 ]
53: [ 21 34 42 74 78 80 89 93 100 ]
54: [ 36 43 48 62 100 ]
55: [ 26 30 46 67 76 91 ]
56: [ 1 9 20 25 26 31 49 50 58 65 94 ]
57: [ 11 22 25 42 76 78 95 ]
58: [ 3 56 75 90 96 ]
59: [ 13 17 79 81 83 98 ]
60: [ 52 69 85 86 98 ]
61: [ 14 27 29 42 63 89 95 ]
62: [ 20 29 37 42 50 54 64 66 69 88 89 90 ]
63: [ 22 23 40 45 51 61 77 83 96 ]
64: [ 2 20 39 45 51 62 65 71 79 95 ]
65: [ 11 12 14 34 36 41 43 44 50 56 64 66 88 92 99 ]
66: [ 20 52 62 65 68 ]
67: [ 12 14 17 26 34 51 55 68 84 87 ]
68: [ 6 7 12 13 20 23 66 67 87 ]
69: [ 9 10 35 60 62 87 90 ]
70: [ 5 7 24 34 37 39 40 42 98 ]
71: [ 19 20 26 64 ]
72: [ 6 24 80 ]
73: [ 7 9 13 85 ]
74: [ 3 5 24 49 53 90 98 ]
75: [ 13 16 22 33 35 52 58 91 93 ]
76: [ 1 2 15 16 48 55 57 98 ]
77: [ 12 13 33 36 39 47 63 79 80 88 89 99 ]
78: [ 3 39 47 53 57 ]
79: [ 4 15 21 22 23 35 40 50 59 64 77 85 ]
80: [ 12 33 41 42 49 53 72 77 85 ]
81: [ 34 59 93 ]
82: [ 2 15 25 42 96 ]
83: [ 6 10 17 22 27 35 47 59 63 86 91 ]
84: [ 36 38 42 43 51 67 92 ]
85: [ 10 32 34 36 44 60 73 79 80 95 100 ]
86: [ 14 52 60 83 96 ]
87: [ 8 15 22 32 35 37 44 67 68 69 92 ]
88: [ 11 43 48 52 62 65 77 90 ]
89: [ 3 9 16 25 42 51 53 61 62 77 ]
90: [ 31 41 42 43 58 62 69 74 88 ]
91: [ 16 17 44 55 75 83 ]
92: [ 12 13 22 36 40 44 65 84 87 ]
93: [ 13 14 15 20 22 53 75 81 94 98 ]
94: [ 13 16 52 56 93 ]
95: [ 14 23 29 47 48 49 57 61 64 85 ]
96: [ 2 7 8 14 29 39 43 58 63 82 86 100 ]
97: [ ]
98: [ 1 4 7 14 15 21 59 60 70 74 76 93 ]
99: [ 2 5 11 15 32 36 46 65 77 ]
100: [ 15 21 44 45 49 53 54 85 96 ]
