1: [ 55 71 76 83 89 91 ]
2: [ 23 30 32 41 48 62 71 75 95 ]
3: [ 7 10 15 21 60 70 78 ]
4: [ 6 13 21 37 43 86 90 92 94 ]
5: [ 21 36 42 45 49 52 71 76 80 89 ]
6: [ 4 23 24 43 45 56 60 62 70 85 90 ]
7: [ 3 16 17 20 24 35 61 67 75 80 83 88 ]
8: [ 68 ]
9: [ 38 42 46 74 92 100 ]
10: [ 3 11 18 31 56 63 ]
11: [ 10 12 17 18 22 24 34 37 43 53 68 71 99 ]
12: [ 11 32 55 75 84 ]
13: [ 4 34 36 37 45 47 49 79 95 96 ]
14: [ 24 26 43 58 62 81 87 88 ]
15: [ 3 21 22 64 84 100 ]
16: [ 7 39 47 51 77 80 ]
17: [ 7 11 23 39 84 ]
18: [ 10 11 19 22 66 77 78 97 ]
19: [ 18 79 98 ]
20: [ 7 31 45 86 87 88 93 100 ]
21: [ 3 4 5 15 22 28 30 31 41 61 70 75 78 92 96 ]
22: [ 11 15 18 21 27 42 44 48 68 79 85 87 ]
23: [ 2 6 17 31 57 62 69 75 82 89 94 96 ]
24: [ 6 7 11 14 25 28 41 52 53 54 67 86 92 93 ]
25: [ 24 30 34 54 60 68 83 93 ]
26: [ 14 35 43 51 56 61 67 68 73 76 83 89 94 ]
27: [ 22 42 45 77 78 ]
28: [ 21 24 29 88 93 97 ]
29: [ 28 39 51 59 60 61 65 66 74 87 94 98 ]
30: [ 2 21 25 36 78 98 ]
31: [ 10 20 21 23 39 46 55 58 ]
32: [ 2 12 77 91 ]
33: [ 43 46 ]
34: [ 11 13 25 45 71 75 76 81 99 ]
35: [ 7 26 43 53 66 72 87 ]
36: [ 5 13 30 39 79 88 ]
37: [ 4 11 13 68 78 85 ]
38: [ 9 60 73 86 97 ]
39: [ 16 17 29 31 36 44 47 49 64 66 75 85 ]
40: [ 46 52 57 74 ]
41: [ 2 21 24 42 46 58 60 79 91 ]
42: [ 5 9 22 27 41 75 80 92 ]
43: [ 4 6 11 14 26 33 35 46 71 99 100 ]
44: [ 22 39 ]
45: [ 5 6 13 20 27 34 53 83 85 94 96 ]
46: [ 9 31 33 40 41 43 53 84 ]
47: [ 13 16 39 63 70 78 84 92 ]
48: [ 2 22 53 65 99 ]
49: [ 5 13 39 55 59 67 ]
50: [ 53 56 72 75 77 85 87 88 90 92 93 99 ]
51: [ 16 26 29 72 75 86 92 ]
52: [ 5 24 40 73 89 99 ]
53: [ 11 24 35 45 46 48 50 73 88 ]
54: [ 24 25 63 70 100 ]
55: [ 1 12 31 49 79 89 98 ]
56: [ 6 10 26 50 58 70 80 95 99 ]
57: [ 23 40 77 87 100 ]
58: [ 14 31 41 56 86 91 ]
59: [ 29 49 74 93 96 98 ]
60: [ 3 6 25 29 38 41 84 ]
61: [ 7 21 26 29 64 97 ]
62: [ 2 6 14 23 71 96 ]
63: [ 10 47 54 73 ]
64: [ 15 39 61 66 74 ]
65: [ 29 48 ]
66: [ 18 29 35 39 64 86 92 99 ]
67: [ 7 24 26 49 94 ]
68: [ 8 11 22 25 26 37 70 85 91 ]
69: [ 23 77 81 84 87 93 96 ]
70: [ 3 6 21 47 54 56 68 76 85 89 100 ]
71: [ 1 2 5 11 34 43 62 76 80 95 ]
72: [ 35 50 51 ]
73: [ 26 38 52 53 63 79 83 93 ]
74: [ 9 29 40 59 64 88 96 100 ]
75: [ 2 7 12 21 23 34 39 42 50 51 81 84 87 89 ]
76: [ 1 5 26 34 70 71 77 100 ]
77: [ 16 18 27 32 50 57 69 76 ]
78: [ 3 18 21 27 30 37 47 98 ]
79: [ 13 19 22 36 41 55 73 88 97 ]
80: [ 5 7 16 42 56 71 84 85 99 ]
81: [ 14 34 69 75 83 84 88 99 ]
82: [ 23 96 ]
83: [ 1 7 25 26 45 73 81 89 ]
84: [ 12 15 17 46 47 60 69 75 80 81 94 96 ]
85: [ 6 22 37 39 45 50 68 70 80 ]
86: [ 4 20 24 38 51 58 66 ]
87: [ 14 20 22 29 35 50 57 69 75 91 94 ]
88: [ 7 14 20 28 36 50 53 74 79 81 92 ]
89: [ 1 5 23 26 52 55 70 75 83 ]
90: [ 4 6 50 ]
91: [ 1 32 41 58 68 87 99 ]
92: [ 4 9 21 24 42 47 50 51 66 88 100 ]
93: [ 20 24 25 28 50 59 69 73 ]
94: [ 4 23 26 29 45 67 84 87 ]
95: [ 2 13 56 71 ]
96: [ 13 21 23 45 59 62 69 74 82 84 ]
97: [ 18 28 38 61 79 99 ]
98: [ 19 29 30 55 59 78 ]
99: [ 11 34 43 48 50 52 56 66 80 81 91 97 ]
100: [ 9 15 20 43 54 57 70 74 76 92 ]
