1: [ 13 33 43 47 52 53 59 69 77 81 89 92 99 ]
2: [ 7 29 30 32 79 99 ]
3: [ 8 9 24 35 37 40 47 49 55 68 75 84 ]
4: [ 10 21 22 28 51 62 89 ]
5: [ 8 14 27 42 49 59 63 70 82 83 ]
6: [ 12 14 22 26 40 45 49 57 60 64 75 84 88 ]
7: [ 2 16 29 36 43 58 64 68 90 ]
8: [ 3 5 9 44 49 54 69 93 ]
9: [ 3 8 16 31 36 40 43 73 87 ]
10: [ 4 13 19 26 47 50 62 64 74 75 78 83 88 ]
11: [ 51 73 75 79 81 96 ]
12: [ 6 15 19 20 32 35 37 44 54 65 85 ]
13: [ 1 10 16 31 41 45 46 47 48 50 59 77 78 82 84 85 ]
14: [ 5 6 26 27 31 36 83 ]
15: [ 12 34 93 ]
16: [ 7 9 13 49 85 87 ]
17: [ 28 56 60 76 78 96 ]
18: [ 41 65 96 ]
19: [ 10 12 38 49 63 65 ]
20: [ 12 22 27 30 36 44 66 87 89 ]
21: [ 4 23 35 38 41 52 57 81 87 ]
22: [ 4 6 20 28 31 33 34 53 56 59 76 77 83 100 ]
23: [ 21 39 52 56 58 72 94 ]
24: [ 3 27 40 52 55 60 70 94 95 99 ]
25: [ 49 55 69 75 90 ]
26: [ 6 10 14 27 29 32 40 61 86 96 100 ]
27: [ 5 14 20 24 26 35 65 73 78 82 89 94 ]
28: [ 4 17 22 43 56 61 84 91 99 ]
29: [ 2 7 26 30 33 44 56 71 74 76 78 79 80 84 ]
30: [ 2 20 29 33 37 58 69 72 83 98 99 ]
31: [ 9 13 14 22 52 62 75 79 92 ]
32: [ 2 12 26 53 58 99 ]
33: [ 1 22 29 30 66 80 97 ]
34: [ 15 22 36 45 57 89 ]
35: [ 3 12 21 27 45 71 78 ]
36: [ 7 9 14 20 34 78 80 85 ]
37: [ 3 12 30 50 58 61 89 ]
38: [ 19 21 51 55 57 62 64 94 ]
39: [ 23 49 54 69 ]
40: [ 3 6 9 24 26 54 55 63 78 94 ]
41: [ 13 18 21 48 50 ]
42: [ 5 45 51 53 66 74 85 93 96 99 ]
43: [ 1 7 9 28 45 58 62 65 82 91 95 98 99 ]
44: [ 8 12 20 29 46 55 61 66 69 79 86 88 ]
45: [ 6 13 34 35 42 43 49 84 86 98 ]
46: [ 13 44 50 ]
47: [ 1 3 10 13 49 83 89 97 ]
48: [ 13 41 65 70 78 85 ]
49: [ 3 5 6 8 16 19 25 39 45 47 58 67 91 99 ]
50: [ 10 13 37 41 46 54 ]
51: [ 4 11 38 42 59 62 75 98 ]
52: [ 1 21 23 24 31 65 69 73 87 98 100 ]
53: [ 1 22 32 42 57 62 69 71 72 77 85 ]
54: [ 8 12 39 40 50 65 68 84 ]
55: [ 3 24 25 38 40 44 56 79 81 85 ]
56: [ 17 22 23 28 29 55 63 67 89 99 ]
57: [ 6 21 34 38 53 67 80 82 93 96 99 ]
58: [ 7 23 30 32 37 43 49 67 70 72 77 86 89 92 ]
59: [ 1 5 13 22 51 68 72 80 83 100 ]
60: [ 6 17 24 66 81 89 98 ]
61: [ 26 28 37 44 63 70 ]
62: [ 4 10 31 38 43 51 53 79 87 97 ]
63: [ 5 19 40 56 61 93 ]
64: [ 6 7 10 38 86 95 ]
65: [ 12 18 19 27 43 48 52 54 66 82 95 ]
66: [ 20 33 42 44 60 65 67 93 ]
67: [ 49 56 57 58 66 69 85 ]
68: [ 3 7 54 59 84 97 98 ]
69: [ 1 8 25 30 39 44 52 53 67 72 77 91 ]
70: [ 5 24 48 58 61 71 95 ]
71: [ 29 35 53 70 80 82 83 85 ]
72: [ 23 30 53 58 59 69 ]
73: [ 9 11 27 52 ]
74: [ 10 29 42 ]
75: [ 3 6 10 11 25 31 51 85 ]
76: [ 17 22 29 85 96 ]
77: [ 1 13 22 53 58 69 78 89 ]
78: [ 10 13 17 27 29 35 36 40 48 77 79 83 97 ]
79: [ 2 11 29 31 44 55 62 78 83 84 86 ]
80: [ 29 33 36 57 59 71 84 88 ]
81: [ 1 11 21 55 60 88 92 ]
82: [ 5 13 27 43 57 65 71 ]
83: [ 5 10 14 22 30 47 59 71 78 79 84 86 89 97 ]
84: [ 3 6 13 28 29 45 54 68 79 80 83 86 87 93 95 ]
85: [ 12 13 16 36 42 48 53 55 67 71 75 76 91 ]
86: [ 26 44 45 58 64 79 83 84 93 96 ]
87: [ 9 16 20 21 52 62 84 100 ]
88: [ 6 10 44 80 81 93 99 ]
89: [ 1 4 20 27 34 37 47 56 58 60 77 83 ]
90: [ 7 25 ]
91: [ 28 43 49 69 85 95 ]
92: [ 1 31 58 81 95 97 ]
93: [ 8 15 42 57 63 66 84 86 88 99 ]
94: [ 23 24 27 38 40 ]
95: [ 24 43 64 65 70 84 91 92 99 100 ]
96: [ 11 17 18 26 42 57 76 86 ]
97: [ 33 47 62 68 78 83 92 ]
98: [ 30 43 45 51 52 60 68 ]
99: [ 1 2 24 28 30 32 42 43 49 56 57 88 93 95 ]
100: [ 22 26 52 59 87 95 ]
