1: [ 2 7 12 20 39 50 60 70 80 85 ]
2: [ 1 8 10 20 27 40 43 44 47 54 55 90 ]
3: [ 5 11 23 32 49 55 57 85 89 96 ]
4: [ 12 39 48 56 58 69 74 78 98 ]
5: [ 3 6 9 13 14 54 69 75 89 96 ]
6: [ 5 11 20 36 37 48 59 60 72 86 ]
7: [ 1 32 33 53 70 81 83 95 ]
8: [ 2 14 56 69 93 ]
9: [ 5 17 20 27 38 45 48 50 53 54 79 85 88 96 ]
10: [ 2 17 43 60 64 72 82 97 ]
11: [ 3 6 28 44 47 59 63 66 73 ]
12: [ 1 4 23 35 44 49 52 53 75 76 86 ]
13: [ 5 21 36 54 55 76 80 84 88 ]
14: [ 5 8 18 22 26 32 33 40 56 65 66 75 91 96 ]
15: [ 16 31 34 42 ]
16: [ 15 24 27 33 48 61 64 78 83 88 89 97 ]
17: [ 9 10 20 61 68 85 96 ]
18: [ 14 38 49 71 ]
19: [ 28 31 41 47 52 59 76 95 96 ]
20: [ 1 2 6 9 17 33 48 53 56 60 68 75 77 95 ]
21: [ 13 30 35 48 60 76 ]
22: [ 14 25 27 39 41 42 53 62 63 82 ]
23: [ 3 12 49 64 84 92 97 ]
24: [ 16 25 31 78 96 97 99 ]
25: [ 22 24 26 32 48 51 52 55 58 66 68 78 ]
26: [ 14 25 34 35 40 43 63 66 78 96 ]
27: [ 2 9 16 22 33 56 59 62 71 75 85 93 95 ]
28: [ 11 19 44 48 53 63 67 78 79 83 84 93 100 ]
29: [ 47 48 62 89 99 ]
30: [ 21 40 44 64 78 ]
31: [ 15 19 24 34 71 80 81 ]
32: [ 3 7 14 25 41 57 96 99 ]
33: [ 7 14 16 20 27 36 54 55 63 68 ]
34: [ 15 26 31 48 52 69 82 88 ]
35: [ 12 21 26 53 75 89 93 96 ]
36: [ 6 13 33 60 86 98 ]
37: [ 6 55 60 84 ]
38: [ 9 18 41 45 73 75 77 79 91 ]
39: [ 1 4 22 42 76 78 ]
40: [ 2 14 26 30 43 45 48 49 60 68 77 84 86 100 ]
41: [ 19 22 32 38 56 59 62 68 82 90 97 ]
42: [ 15 22 39 54 83 88 92 ]
43: [ 2 10 26 40 54 58 59 63 70 80 92 ]
44: [ 2 11 12 28 30 53 97 ]
45: [ 9 38 40 54 56 60 64 76 82 100 ]
46: [ 58 64 66 69 80 ]
47: [ 2 11 19 29 52 60 71 77 93 95 ]
48: [ 4 6 9 16 20 21 25 28 29 34 40 65 92 95 100 ]
49: [ 3 12 18 23 40 57 ]
50: [ 1 9 69 79 80 ]
51: [ 25 53 60 ]
52: [ 12 19 25 34 47 77 81 98 100 ]
53: [ 7 9 12 20 22 28 35 44 51 58 60 63 83 ]
54: [ 2 5 9 13 33 42 43 45 80 86 90 91 96 98 ]
55: [ 2 3 13 25 33 37 67 71 80 82 87 89 100 ]
56: [ 4 8 14 20 27 41 45 67 69 80 85 97 ]
57: [ 3 32 49 61 87 97 99 ]
58: [ 4 25 43 46 53 71 79 84 86 ]
59: [ 6 11 19 27 41 43 60 72 84 ]
60: [ 1 6 10 20 21 36 37 40 45 47 51 53 59 75 77 78 89 ]
61: [ 16 17 57 68 90 96 98 100 ]
62: [ 22 27 29 41 66 67 92 93 ]
63: [ 11 22 26 28 33 43 53 71 86 100 ]
64: [ 10 16 23 30 45 46 71 85 100 ]
65: [ 14 48 67 70 76 90 ]
66: [ 11 14 25 26 46 62 68 83 86 90 97 98 ]
67: [ 28 55 56 62 65 77 88 93 95 100 ]
68: [ 17 20 25 33 40 41 61 66 76 87 90 98 ]
69: [ 4 5 8 34 46 50 56 80 86 87 90 93 97 99 ]
70: [ 1 7 43 65 85 96 ]
71: [ 18 27 31 47 55 58 63 64 89 97 100 ]
72: [ 6 10 59 79 85 96 ]
73: [ 11 38 77 85 96 100 ]
74: [ 4 78 92 99 ]
75: [ 5 12 14 20 27 35 38 60 76 81 85 93 ]
76: [ 12 13 19 21 39 45 65 68 75 96 97 ]
77: [ 20 38 40 47 52 60 67 73 94 ]
78: [ 4 16 24 25 26 28 30 39 60 74 88 ]
79: [ 9 28 38 50 58 72 98 ]
80: [ 1 13 31 43 46 50 54 55 56 69 86 95 ]
81: [ 7 31 52 75 ]
82: [ 10 22 34 41 45 55 83 84 96 ]
83: [ 7 16 28 42 53 66 82 97 100 ]
84: [ 13 23 28 37 40 58 59 82 86 89 98 ]
85: [ 1 3 9 17 27 56 64 70 72 73 75 ]
86: [ 6 12 36 40 54 58 63 66 69 80 84 95 99 ]
87: [ 55 57 68 69 92 ]
88: [ 9 13 16 34 42 67 78 ]
89: [ 3 5 16 29 35 55 60 71 84 96 ]
90: [ 2 41 54 61 65 66 68 69 99 ]
91: [ 14 38 54 ]
92: [ 23 42 43 48 62 74 87 ]
93: [ 8 27 28 35 47 62 67 69 75 97 ]
94: [ 77 ]
95: [ 7 19 20 27 47 48 67 80 86 ]
96: [ 3 5 9 14 17 19 24 26 32 35 54 61 70 72 73 76 82 89 97 ]
97: [ 10 16 23 24 41 44 56 57 66 69 71 76 83 93 96 ]
98: [ 4 36 52 54 61 66 68 79 84 ]
99: [ 24 29 32 57 69 74 86 90 ]
100: [ 28 40 45 48 52 55 61 63 64 67 71 73 83 ]
