1: [ 2 21 56 57 61 63 75 ]
2: [ 1 18 34 57 68 80 81 88 89 95 99 100 ]
3: [ 10 41 47 52 53 65 72 78 86 ]
4: [ 31 36 55 84 91 92 ]
5: [ 12 24 51 62 87 91 ]
6: [ 34 37 42 72 ]
7: [ 13 19 29 31 35 45 52 59 86 93 95 96 100 ]
8: [ 18 21 23 36 38 40 51 61 66 72 84 88 ]
9: [ 20 24 33 49 77 87 92 99 ]
10: [ 3 31 34 39 47 78 83 93 ]
11: [ 13 86 93 ]
12: [ 5 17 21 27 37 38 67 68 71 85 97 ]
13: [ 7 11 23 26 30 33 34 42 51 58 61 92 ]
14: [ 40 43 61 64 65 76 ]
15: [ 38 62 65 66 71 ]
16: [ 18 22 37 47 53 54 99 ]
17: [ 12 28 42 55 68 69 80 81 84 85 90 ]
18: [ 2 8 16 31 80 100 ]
19: [ 7 23 32 54 63 65 76 79 95 ]
20: [ 9 25 44 51 68 91 ]
21: [ 1 8 12 32 37 64 66 68 77 87 90 ]
22: [ 16 35 44 47 52 62 63 93 ]
23: [ 8 13 19 31 36 41 45 52 54 58 66 67 75 77 93 97 ]
24: [ 5 9 32 33 42 57 61 73 84 86 ]
25: [ 20 33 45 57 59 87 88 ]
26: [ 13 27 32 41 45 65 89 ]
27: [ 12 26 28 47 52 66 69 80 95 ]
28: [ 17 27 43 46 53 62 73 75 ]
29: [ 7 35 38 40 41 46 51 62 74 81 83 87 ]
30: [ 13 49 56 59 61 66 87 ]
31: [ 4 7 10 18 23 38 50 52 55 61 72 91 96 97 ]
32: [ 19 21 24 26 36 63 64 68 72 73 ]
33: [ 9 13 24 25 36 84 86 87 94 ]
34: [ 2 6 10 13 60 66 77 87 96 ]
35: [ 7 22 29 42 45 72 75 85 87 97 ]
36: [ 4 8 23 32 33 40 49 79 91 ]
37: [ 6 12 16 21 39 71 72 80 81 98 ]
38: [ 8 12 15 29 31 40 58 62 83 96 97 98 100 ]
39: [ 10 37 41 57 81 83 88 ]
40: [ 8 14 29 36 38 47 58 67 69 84 89 95 ]
41: [ 3 23 26 29 39 52 58 78 90 99 ]
42: [ 6 13 17 24 35 51 56 60 81 88 100 ]
43: [ 14 28 49 52 53 62 76 85 91 98 99 100 ]
44: [ 20 22 50 57 83 97 ]
45: [ 7 23 25 26 35 48 56 59 69 80 86 91 ]
46: [ 28 29 76 84 ]
47: [ 3 10 16 22 27 40 54 96 ]
48: [ 45 55 57 69 73 77 87 89 93 ]
49: [ 9 30 36 43 56 81 83 84 97 98 ]
50: [ 31 44 88 ]
51: [ 5 8 13 20 29 42 55 62 65 72 77 91 97 99 ]
52: [ 3 7 22 23 27 31 41 43 54 57 61 62 86 92 94 ]
53: [ 3 16 28 43 69 70 99 100 ]
54: [ 16 19 23 47 52 56 61 87 92 96 99 ]
55: [ 4 17 31 48 51 96 ]
56: [ 1 30 42 45 49 54 58 76 88 100 ]
57: [ 1 2 24 25 39 44 48 52 58 72 86 90 95 ]
58: [ 13 23 38 40 41 56 57 64 68 90 97 ]
59: [ 7 25 30 45 62 69 78 79 84 88 94 ]
60: [ 34 42 64 91 96 ]
61: [ 1 8 13 14 24 30 31 52 54 97 ]
62: [ 5 15 22 28 29 38 43 51 52 59 71 77 84 88 91 93 ]
63: [ 1 19 22 32 69 87 93 99 100 ]
64: [ 14 21 32 58 60 69 86 94 96 99 ]
65: [ 3 14 15 19 26 51 75 84 93 96 ]
66: [ 8 15 21 23 27 30 34 67 ]
67: [ 12 23 40 66 69 71 81 83 93 94 ]
68: [ 2 12 17 20 21 32 58 72 77 79 87 99 ]
69: [ 17 27 40 45 48 53 59 63 64 67 71 81 ]
70: [ 53 75 81 ]
71: [ 12 15 37 62 67 69 73 ]
72: [ 3 6 8 31 32 35 37 51 57 68 73 85 91 94 95 99 ]
73: [ 24 28 32 48 71 72 82 95 96 98 ]
74: [ 29 95 ]
75: [ 1 23 28 35 65 70 88 95 ]
76: [ 14 19 43 46 56 78 91 92 ]
77: [ 9 21 23 34 48 51 62 68 ]
78: [ 3 10 41 59 76 ]
79: [ 19 36 59 68 80 85 89 91 99 ]
80: [ 2 17 18 27 37 45 79 99 ]
81: [ 2 17 29 37 39 42 49 67 69 70 96 ]
82: [ 73 ]
83: [ 10 29 38 39 44 49 67 85 86 92 ]
84: [ 4 8 17 24 33 40 46 49 59 62 65 ]
85: [ 12 17 35 43 72 79 83 96 ]
86: [ 3 7 11 24 33 45 52 57 64 83 90 ]
87: [ 5 9 21 25 29 30 33 34 35 48 54 63 68 92 ]
88: [ 2 8 25 39 42 50 56 59 62 75 ]
89: [ 2 26 40 48 79 92 98 ]
90: [ 17 21 41 57 58 86 92 96 ]
91: [ 4 5 20 31 36 43 45 51 60 62 72 76 79 94 95 ]
92: [ 4 9 13 52 54 76 83 87 89 90 99 100 ]
93: [ 7 10 11 22 23 48 62 63 65 67 ]
94: [ 33 52 59 64 67 72 91 ]
95: [ 2 7 19 27 40 57 72 73 74 75 91 96 ]
96: [ 7 31 34 38 47 54 55 60 64 65 73 81 85 90 95 ]
97: [ 12 23 31 35 38 44 49 51 58 61 99 ]
98: [ 37 38 43 49 73 89 99 ]
99: [ 2 9 16 41 43 51 53 54 63 64 68 72 79 80 92 97 98 ]
100: [ 2 7 18 38 42 43 53 56 63 92 ]
