1: [ 3 16 18 22 27 38 45 50 58 87 94 95 ]
2: [ 31 34 41 52 91 100 ]
3: [ 1 4 12 13 25 29 49 50 53 69 76 79 92 ]
4: [ 3 22 26 68 82 88 91 94 ]
5: [ 47 64 75 77 90 96 ]
6: [ 15 29 37 50 55 59 60 62 77 81 89 97 ]
7: [ 27 38 60 72 84 85 91 99 ]
8: [ 12 15 43 51 70 72 83 93 ]
9: [ 10 20 22 24 29 44 56 57 73 ]
10: [ 9 23 74 91 92 97 ]
11: [ 18 38 63 69 74 96 97 ]
12: [ 3 8 30 31 50 52 92 100 ]
13: [ 3 18 22 25 47 59 67 79 82 91 92 95 99 100 ]
14: [ 15 52 79 ]
15: [ 6 8 14 22 28 29 30 38 39 61 69 70 83 90 93 ]
16: [ 1 19 23 26 33 42 43 55 56 61 64 68 84 88 94 ]
17: [ 22 50 70 76 89 ]
18: [ 1 11 13 28 42 61 69 72 88 92 100 ]
19: [ 16 53 61 64 66 80 ]
20: [ 9 46 57 60 62 87 96 ]
21: [ 56 57 84 ]
22: [ 1 4 9 13 15 17 23 28 29 50 56 91 ]
23: [ 10 16 22 41 45 50 58 70 76 90 92 97 ]
24: [ 9 30 31 33 43 46 54 56 58 73 85 87 96 100 ]
25: [ 3 13 50 57 ]
26: [ 4 16 80 81 91 ]
27: [ 1 7 29 33 44 51 76 88 93 ]
28: [ 15 18 22 29 ]
29: [ 3 6 9 15 22 27 28 41 49 54 91 92 96 97 ]
30: [ 12 15 24 48 60 66 71 86 88 ]
31: [ 2 12 24 32 40 51 52 58 64 72 74 83 ]
32: [ 31 46 60 67 77 84 ]
33: [ 16 24 27 46 60 68 85 ]
34: [ 2 38 40 68 76 78 81 94 ]
35: [ 43 45 60 66 ]
36: [ ]
37: [ 6 38 46 52 60 62 67 74 81 83 85 ]
38: [ 1 7 11 15 34 37 50 66 72 83 89 95 ]
39: [ 15 43 51 56 83 92 ]
40: [ 31 34 44 52 57 63 69 81 ]
41: [ 2 23 29 44 55 92 ]
42: [ 16 18 43 44 47 52 79 ]
43: [ 8 16 24 35 39 42 72 99 ]
44: [ 9 27 40 41 42 56 65 100 ]
45: [ 1 23 35 67 75 ]
46: [ 20 24 32 33 37 67 91 98 ]
47: [ 5 13 42 84 ]
48: [ 30 50 55 56 72 76 78 79 93 98 ]
49: [ 3 29 80 99 ]
50: [ 1 3 6 12 17 22 23 25 38 48 63 64 66 74 84 93 ]
51: [ 8 27 31 39 89 ]
52: [ 2 12 14 31 37 40 42 61 66 67 71 79 82 83 98 100 ]
53: [ 3 19 73 75 76 83 ]
54: [ 24 29 55 68 78 96 ]
55: [ 6 16 41 48 54 61 63 68 ]
56: [ 9 16 21 22 24 39 44 48 58 59 69 72 74 75 77 78 81 83 85 91 98 ]
57: [ 9 20 21 25 40 80 82 85 86 ]
58: [ 1 23 24 31 56 94 99 ]
59: [ 6 13 56 82 88 90 94 95 ]
60: [ 6 7 20 30 32 33 35 37 64 76 88 ]
61: [ 15 16 18 19 52 55 ]
62: [ 6 20 37 64 68 79 80 81 91 99 ]
63: [ 11 40 50 55 ]
64: [ 5 16 19 31 50 60 62 97 ]
65: [ 44 77 82 ]
66: [ 19 30 35 38 50 52 69 88 ]
67: [ 13 32 37 45 46 52 71 78 ]
68: [ 4 16 33 34 54 55 62 89 92 95 ]
69: [ 3 11 15 18 40 56 66 74 80 82 83 92 ]
70: [ 8 15 17 23 81 ]
71: [ 30 52 67 72 85 ]
72: [ 7 8 18 31 38 43 48 56 71 83 95 ]
73: [ 9 24 53 92 ]
74: [ 10 11 31 37 50 56 69 ]
75: [ 5 45 53 56 85 90 ]
76: [ 3 17 23 27 34 48 53 60 85 87 92 ]
77: [ 5 6 32 56 65 ]
78: [ 34 48 54 56 67 79 100 ]
79: [ 3 13 14 42 48 52 62 78 93 ]
80: [ 19 26 49 57 62 69 ]
81: [ 6 26 34 37 40 56 62 70 93 ]
82: [ 4 13 52 57 59 65 69 91 94 95 96 98 99 ]
83: [ 8 15 31 37 38 39 52 53 56 69 72 99 ]
84: [ 7 16 21 32 47 50 98 ]
85: [ 7 24 33 37 56 57 71 75 76 ]
86: [ 30 57 93 ]
87: [ 1 20 24 76 ]
88: [ 4 16 18 27 30 59 60 66 99 ]
89: [ 6 17 38 51 68 ]
90: [ 5 15 23 59 75 97 ]
91: [ 2 4 7 10 13 22 26 29 46 56 62 82 ]
92: [ 3 10 12 13 18 23 29 39 41 68 69 73 76 ]
93: [ 8 15 27 48 50 79 81 86 94 97 99 ]
94: [ 1 4 16 34 58 59 82 93 ]
95: [ 1 13 38 59 68 72 82 ]
96: [ 5 11 20 24 29 54 82 ]
97: [ 6 10 11 23 29 64 90 93 98 100 ]
98: [ 46 48 52 56 82 84 97 ]
99: [ 7 13 43 49 58 62 82 83 88 93 100 ]
100: [ 2 12 13 18 24 44 52 78 97 99 ]
