1: [ 5 15 36 49 55 67 81 85 ]
2: [ 41 ]
3: [ 25 42 43 44 48 84 ]
4: [ 13 20 23 60 62 67 70 77 88 91 ]
5: [ 1 8 20 24 33 71 81 86 92 ]
6: [ 7 11 20 39 62 75 81 87 90 ]
7: [ 6 10 13 15 40 48 56 63 70 76 77 88 94 ]
8: [ 5 12 16 19 23 35 41 56 57 60 62 69 73 74 80 85 96 100 ]
9: [ 14 15 27 49 52 55 58 89 94 ]
10: [ 7 23 32 33 49 65 94 ]
11: [ 6 17 32 41 60 63 80 81 87 ]
12: [ 8 16 28 33 47 48 54 71 92 ]
13: [ 4 7 14 16 22 31 41 42 53 61 81 85 ]
14: [ 9 13 19 26 27 28 34 42 59 86 87 ]
15: [ 1 7 9 24 27 29 40 78 85 96 ]
16: [ 8 12 13 60 75 83 84 92 100 ]
17: [ 11 28 65 100 ]
18: [ 30 36 46 49 50 56 58 70 94 100 ]
19: [ 8 14 24 35 86 ]
20: [ 4 5 6 33 36 37 45 57 66 76 ]
21: [ 27 49 59 77 100 ]
22: [ 13 29 32 42 63 64 65 66 76 82 ]
23: [ 4 8 10 27 34 40 67 76 ]
24: [ 5 15 19 28 31 34 46 81 85 91 ]
25: [ 3 38 57 70 76 77 81 98 ]
26: [ 14 28 62 71 78 96 100 ]
27: [ 9 14 15 21 23 28 45 51 58 62 71 85 90 ]
28: [ 12 14 17 24 26 27 30 32 55 61 82 85 91 92 ]
29: [ 15 22 30 45 51 58 59 69 81 97 ]
30: [ 18 28 29 36 45 48 57 61 84 86 92 100 ]
31: [ 13 24 34 45 58 60 68 82 88 ]
32: [ 10 11 22 28 45 70 81 ]
33: [ 5 10 12 20 34 35 41 44 55 60 66 79 86 87 94 ]
34: [ 14 23 24 31 33 45 50 58 75 87 ]
35: [ 8 19 33 38 44 45 46 55 64 83 87 100 ]
36: [ 1 18 20 30 40 46 50 55 63 82 84 85 100 ]
37: [ 20 84 85 91 ]
38: [ 25 35 41 51 55 59 71 76 88 ]
39: [ 6 51 53 89 ]
40: [ 7 15 23 36 44 47 50 67 85 87 88 99 ]
41: [ 2 8 11 13 33 38 49 88 94 ]
42: [ 3 13 14 22 45 81 89 98 ]
43: [ 3 91 98 ]
44: [ 3 33 35 40 49 53 64 69 72 80 88 ]
45: [ 20 27 29 30 31 32 34 35 42 51 59 63 66 78 89 ]
46: [ 18 24 35 36 52 63 79 84 98 ]
47: [ 12 40 49 64 75 ]
48: [ 3 7 12 30 51 54 70 80 91 94 99 100 ]
49: [ 1 9 10 18 21 41 44 47 69 86 89 ]
50: [ 18 34 36 40 68 ]
51: [ 27 29 38 39 45 48 64 77 89 91 ]
52: [ 9 46 56 59 77 81 ]
53: [ 13 39 44 55 67 77 84 ]
54: [ 12 48 67 75 82 87 ]
55: [ 1 9 28 33 35 36 38 53 72 ]
56: [ 7 8 18 52 59 73 81 82 ]
57: [ 8 20 25 30 61 68 82 92 ]
58: [ 9 18 27 29 31 34 70 86 ]
59: [ 14 21 29 38 45 52 56 69 76 86 ]
60: [ 4 8 11 16 31 33 76 77 90 ]
61: [ 13 28 30 57 64 84 ]
62: [ 4 6 8 26 27 77 89 ]
63: [ 7 11 22 36 45 46 84 86 91 ]
64: [ 22 35 44 47 51 61 71 79 ]
65: [ 10 17 22 73 86 88 97 ]
66: [ 20 22 33 45 ]
67: [ 1 4 23 40 53 54 71 78 92 96 ]
68: [ 31 50 57 94 ]
69: [ 8 29 44 49 59 76 95 96 ]
70: [ 4 7 18 25 32 48 58 76 90 ]
71: [ 5 12 26 27 38 64 67 79 80 92 94 ]
72: [ 44 55 93 99 ]
73: [ 8 56 65 84 92 ]
74: [ 8 ]
75: [ 6 16 34 47 54 81 91 93 ]
76: [ 7 20 22 23 25 38 59 60 69 70 79 98 ]
77: [ 4 7 21 25 51 52 53 60 62 81 84 89 ]
78: [ 15 26 45 67 82 92 ]
79: [ 33 46 64 71 76 88 ]
80: [ 8 11 44 48 71 91 ]
81: [ 1 5 6 11 13 24 25 29 32 42 52 56 75 77 87 ]
82: [ 22 28 31 36 54 56 57 78 87 93 ]
83: [ 16 35 88 94 ]
84: [ 3 16 30 36 37 46 53 61 63 73 77 ]
85: [ 1 8 13 15 24 27 28 36 37 40 94 ]
86: [ 5 14 19 30 33 49 58 59 63 65 91 95 99 ]
87: [ 6 11 14 33 34 35 40 54 81 82 99 ]
88: [ 4 7 31 38 40 41 44 65 79 83 92 ]
89: [ 9 39 42 45 49 51 62 77 ]
90: [ 6 27 60 70 ]
91: [ 4 24 28 37 43 48 51 63 75 80 86 95 97 100 ]
92: [ 5 12 16 28 30 57 67 71 73 78 88 96 ]
93: [ 72 75 82 ]
94: [ 7 9 10 18 33 41 48 68 71 83 85 ]
95: [ 69 86 91 ]
96: [ 8 15 26 67 69 92 ]
97: [ 29 65 91 ]
98: [ 25 42 43 46 76 ]
99: [ 40 48 72 86 87 ]
100: [ 8 16 17 18 21 26 30 35 36 48 91 ]
