1: [ 19 25 30 37 42 52 65 77 81 88 ]
2: [ 9 10 70 73 94 ]
3: [ 7 11 14 27 36 53 74 86 ]
4: [ 13 20 21 46 67 72 ]
5: [ 19 39 42 72 73 83 93 98 ]
6: [ 18 28 31 34 40 42 50 67 78 81 84 89 ]
7: [ 3 11 18 27 33 35 42 47 57 60 77 91 ]
8: [ 15 16 36 57 59 73 83 ]
9: [ 2 25 28 45 46 53 74 82 91 97 100 ]
10: [ 2 31 42 46 66 72 87 91 98 ]
11: [ 3 7 19 27 28 62 73 ]
12: [ 13 25 41 45 74 82 84 88 96 97 ]
13: [ 4 12 16 28 41 56 64 ]
14: [ 3 ]
15: [ 8 24 30 41 98 ]
16: [ 8 13 27 38 40 46 57 74 86 ]
17: [ 22 25 44 55 56 67 71 83 90 96 98 100 ]
18: [ 6 7 36 39 46 47 50 77 78 86 89 92 ]
19: [ 1 5 11 27 34 37 43 55 59 77 96 ]
20: [ 4 26 31 46 52 55 76 88 ]
21: [ 4 38 46 47 61 76 81 83 87 ]
22: [ 17 23 34 50 52 54 60 67 68 71 74 94 98 ]
23: [ 22 60 ]
24: [ 15 46 58 92 ]
25: [ 1 9 12 17 31 33 46 52 61 66 78 93 99 ]
26: [ 20 31 77 94 95 99 ]
27: [ 3 7 11 16 19 42 45 55 61 96 ]
28: [ 6 9 11 13 43 50 82 86 ]
29: [ 34 42 72 ]
30: [ 1 15 40 47 54 70 87 98 ]
31: [ 6 10 20 25 26 33 55 57 82 90 95 ]
32: [ 41 62 66 73 100 ]
33: [ 7 25 31 45 74 76 100 ]
34: [ 6 19 22 29 53 78 98 ]
35: [ 7 36 39 47 53 54 72 84 100 ]
36: [ 3 8 18 35 40 46 51 79 97 ]
37: [ 1 19 42 45 79 85 100 ]
38: [ 16 21 56 65 79 85 ]
39: [ 5 18 35 42 57 61 ]
40: [ 6 16 30 36 43 46 75 79 81 85 87 93 94 97 ]
41: [ 12 13 15 32 68 74 96 100 ]
42: [ 1 5 6 7 10 27 29 37 39 45 47 84 86 96 97 ]
43: [ 19 28 40 44 65 84 97 98 ]
44: [ 17 43 48 51 66 76 77 ]
45: [ 9 12 27 33 37 42 53 58 87 95 96 100 ]
46: [ 4 9 10 16 18 20 21 24 25 36 40 48 50 53 67 74 ]
47: [ 7 18 21 30 35 42 63 66 78 85 94 ]
48: [ 44 46 53 58 85 92 100 ]
49: [ 58 70 79 81 ]
50: [ 6 18 22 28 46 60 70 78 ]
51: [ 36 44 52 62 84 ]
52: [ 1 20 22 25 51 56 70 72 84 89 96 ]
53: [ 3 9 34 35 45 46 48 63 66 69 79 81 87 94 ]
54: [ 22 30 35 69 70 74 81 ]
55: [ 17 19 20 27 31 64 87 89 93 94 95 97 98 ]
56: [ 13 17 38 52 57 70 79 85 92 94 ]
57: [ 7 8 16 31 39 56 58 70 77 82 ]
58: [ 24 45 48 49 57 67 71 79 80 93 ]
59: [ 8 19 ]
60: [ 7 22 23 50 61 71 88 92 99 ]
61: [ 21 25 27 39 60 64 77 78 81 83 87 93 96 ]
62: [ 11 32 51 68 75 98 ]
63: [ 47 53 91 ]
64: [ 13 55 61 77 82 93 94 99 ]
65: [ 1 38 43 ]
66: [ 10 25 32 44 47 53 71 78 79 86 92 95 96 ]
67: [ 4 6 17 22 46 58 99 ]
68: [ 22 41 62 82 87 91 93 ]
69: [ 53 54 ]
70: [ 2 30 49 50 52 54 56 57 86 ]
71: [ 17 22 58 60 66 97 98 ]
72: [ 4 5 10 29 35 52 81 ]
73: [ 2 5 8 11 32 78 82 96 ]
74: [ 3 9 12 16 22 33 41 46 54 81 88 ]
75: [ 40 62 ]
76: [ 20 21 33 44 ]
77: [ 1 7 18 19 26 44 57 61 64 81 ]
78: [ 6 18 25 34 47 50 61 66 73 88 89 90 94 96 97 98 ]
79: [ 36 37 38 40 49 53 56 58 66 98 99 ]
80: [ 58 86 97 ]
81: [ 1 6 21 40 49 53 54 61 72 74 77 87 94 ]
82: [ 9 12 28 31 57 64 68 73 91 95 ]
83: [ 5 8 17 21 61 86 91 92 ]
84: [ 6 12 35 42 43 51 52 85 91 ]
85: [ 37 38 40 47 48 56 84 87 96 98 ]
86: [ 3 16 18 28 42 66 70 80 83 92 ]
87: [ 10 21 30 40 45 53 55 61 68 81 85 ]
88: [ 1 12 20 60 74 78 ]
89: [ 6 18 52 55 78 92 ]
90: [ 17 31 78 ]
91: [ 7 9 10 63 68 82 83 84 94 ]
92: [ 18 24 48 56 60 66 83 86 89 ]
93: [ 5 25 40 55 58 61 64 68 ]
94: [ 2 22 26 40 47 53 55 56 64 78 81 91 ]
95: [ 26 31 45 55 66 82 ]
96: [ 12 17 19 27 41 42 45 52 61 66 73 78 85 ]
97: [ 9 12 36 40 42 43 55 71 78 80 ]
98: [ 5 10 15 17 22 30 34 43 55 62 71 78 79 85 100 ]
99: [ 25 26 60 64 67 79 ]
100: [ 9 17 32 33 35 37 41 45 48 98 ]
