1: [ 8 12 26 27 44 83 86 98 99 ]
2: [ 10 22 52 56 72 78 91 96 ]
3: [ 17 24 36 43 61 79 ]
4: [ 71 79 80 81 ]
5: [ 19 34 60 73 99 ]
6: [ 13 55 67 81 86 92 99 100 ]
7: [ 52 ]
8: [ 1 19 25 58 61 91 ]
9: [ 41 43 44 50 53 64 99 ]
10: [ 2 15 16 22 28 33 47 60 64 71 95 98 ]
11: [ 36 79 98 ]
12: [ 1 27 38 39 41 44 45 48 55 65 73 80 82 ]
13: [ 6 25 36 ]
14: [ 27 32 47 62 88 ]
15: [ 10 46 65 70 83 ]
16: [ 10 38 44 69 73 84 88 ]
17: [ 3 22 28 38 51 70 73 76 92 ]
18: [ 36 74 85 86 96 ]
19: [ 5 8 21 24 31 36 45 55 63 79 84 91 95 96 ]
20: [ 31 35 36 41 50 57 83 85 86 92 ]
21: [ 19 39 61 69 71 73 ]
22: [ 2 10 17 25 37 43 52 63 79 80 81 95 ]
23: [ 24 42 48 62 76 95 96 97 ]
24: [ 3 19 23 26 31 37 38 41 63 66 78 87 90 ]
25: [ 8 13 22 45 48 52 55 69 88 99 ]
26: [ 1 24 36 46 58 67 89 94 ]
27: [ 1 12 14 39 47 51 58 60 61 70 71 87 89 90 ]
28: [ 10 17 30 36 41 56 63 65 71 84 90 91 93 100 ]
29: [ 46 52 55 69 75 ]
30: [ 28 44 69 77 84 91 98 ]
31: [ 19 20 24 42 54 60 61 62 71 76 81 83 ]
32: [ 14 46 62 100 ]
33: [ 10 37 42 73 83 89 ]
34: [ 5 56 60 61 69 72 76 96 ]
35: [ 20 37 38 43 44 46 71 84 94 ]
36: [ 3 11 13 18 19 20 26 28 57 73 78 85 89 98 ]
37: [ 22 24 33 35 41 66 69 97 ]
38: [ 12 16 17 24 35 56 70 71 80 ]
39: [ 12 21 27 46 60 91 ]
40: [ 67 77 90 ]
41: [ 9 12 20 24 28 37 62 78 83 87 ]
42: [ 23 31 33 95 98 ]
43: [ 3 9 22 35 48 49 51 58 62 66 69 75 79 81 89 92 ]
44: [ 1 9 12 16 30 35 49 53 61 78 80 81 89 ]
45: [ 12 19 25 50 51 59 100 ]
46: [ 15 26 29 32 35 39 66 69 70 74 83 87 ]
47: [ 10 14 27 77 95 96 ]
48: [ 12 23 25 43 60 61 64 66 70 80 82 ]
49: [ 43 44 58 ]
50: [ 9 20 45 51 59 65 73 82 97 ]
51: [ 17 27 43 45 50 71 92 ]
52: [ 2 7 22 25 29 58 61 63 64 70 86 97 ]
53: [ 9 44 65 78 83 ]
54: [ 31 60 71 77 92 ]
55: [ 6 12 19 25 29 59 67 72 ]
56: [ 2 28 34 38 67 85 91 ]
57: [ 20 36 80 83 87 98 ]
58: [ 8 26 27 43 49 52 79 92 100 ]
59: [ 45 50 55 71 74 ]
60: [ 5 10 27 31 34 39 48 54 62 63 73 78 84 85 96 ]
61: [ 3 8 21 27 31 34 44 48 52 67 70 73 77 80 99 ]
62: [ 14 23 31 32 41 43 60 66 67 72 84 85 ]
63: [ 19 22 24 28 52 60 66 69 77 78 84 87 ]
64: [ 9 10 48 52 66 70 83 97 100 ]
65: [ 12 15 28 50 53 70 79 87 ]
66: [ 24 37 43 46 48 62 63 64 90 92 96 ]
67: [ 6 26 40 55 56 61 62 70 93 ]
68: [ ]
69: [ 16 21 25 29 30 34 37 43 46 63 99 ]
70: [ 15 17 27 38 46 48 52 61 64 65 67 73 89 ]
71: [ 4 10 21 27 28 31 35 38 51 54 59 ]
72: [ 2 34 55 62 82 100 ]
73: [ 5 12 16 17 21 33 36 50 60 61 70 81 90 ]
74: [ 18 46 59 ]
75: [ 29 43 86 ]
76: [ 17 23 31 34 98 ]
77: [ 30 40 47 54 61 63 87 100 ]
78: [ 2 24 36 41 44 53 60 63 89 92 93 ]
79: [ 3 4 11 19 22 43 58 65 83 ]
80: [ 4 12 22 38 44 48 57 61 83 84 89 90 95 ]
81: [ 4 6 22 31 43 44 73 97 ]
82: [ 12 48 50 72 88 ]
83: [ 1 15 20 31 33 41 46 53 57 64 79 80 94 99 ]
84: [ 16 19 28 30 35 60 62 63 80 90 95 ]
85: [ 18 20 36 56 60 62 90 91 94 ]
86: [ 1 6 18 20 52 75 ]
87: [ 24 27 41 46 57 63 65 77 ]
88: [ 14 16 25 82 95 ]
89: [ 26 27 33 36 43 44 70 78 80 ]
90: [ 24 27 28 40 66 73 80 84 85 98 ]
91: [ 2 8 19 28 30 39 56 85 ]
92: [ 6 17 20 43 51 54 58 66 78 96 ]
93: [ 28 67 78 95 ]
94: [ 26 35 83 85 ]
95: [ 10 19 22 23 42 47 80 84 88 93 98 ]
96: [ 2 18 19 23 34 47 60 66 92 ]
97: [ 23 37 50 52 64 81 ]
98: [ 1 10 11 30 36 42 57 76 90 95 ]
99: [ 1 5 6 9 25 61 69 83 ]
100: [ 6 28 32 45 58 64 72 77 ]
