1: [ 20 24 27 56 58 60 73 76 85 86 91 98 ]
2: [ 4 12 18 31 32 35 47 80 89 92 96 ]
3: [ 20 22 34 35 51 55 70 82 85 ]
4: [ 2 10 11 13 16 19 55 59 65 83 85 88 96 ]
5: [ 19 26 47 61 69 93 ]
6: [ 15 18 72 78 ]
7: [ 19 41 44 65 ]
8: [ 24 67 76 93 99 ]
9: [ 14 20 26 36 42 48 49 54 69 81 85 88 90 92 95 ]
10: [ 4 15 18 22 33 68 78 82 86 89 ]
11: [ 4 16 27 28 30 48 74 79 97 ]
12: [ 2 19 48 51 54 67 78 ]
13: [ 4 14 59 61 66 73 79 85 90 ]
14: [ 9 13 62 72 93 97 ]
15: [ 6 10 22 28 31 56 68 70 73 83 92 ]
16: [ 4 11 23 45 51 54 ]
17: [ 37 41 51 61 62 81 82 ]
18: [ 2 6 10 23 33 35 36 37 44 48 51 58 ]
19: [ 4 5 7 12 27 51 54 58 63 86 87 89 96 97 98 ]
20: [ 1 3 9 24 36 44 48 70 72 97 ]
21: [ 25 28 32 52 54 65 75 76 81 89 96 ]
22: [ 3 10 15 27 30 46 49 57 87 97 ]
23: [ 16 18 29 31 35 52 54 74 81 89 90 93 94 ]
24: [ 1 8 20 33 41 48 57 97 ]
25: [ 21 72 76 90 ]
26: [ 5 9 38 51 53 74 77 ]
27: [ 1 11 19 22 29 49 71 78 79 88 97 ]
28: [ 11 15 21 36 38 67 68 71 76 81 82 83 ]
29: [ 23 27 36 37 44 62 87 96 ]
30: [ 11 22 33 37 43 47 48 61 70 80 87 ]
31: [ 2 15 23 32 37 75 ]
32: [ 2 21 31 33 39 47 55 59 72 79 93 98 100 ]
33: [ 10 18 24 30 32 47 50 54 76 96 ]
34: [ 3 36 60 75 87 92 ]
35: [ 2 3 18 23 41 48 54 65 70 74 80 92 93 95 96 ]
36: [ 9 18 20 28 29 34 42 56 63 68 69 72 79 85 90 93 ]
37: [ 17 18 29 30 31 43 45 59 60 62 82 86 91 93 94 ]
38: [ 26 28 39 46 62 63 68 72 73 83 96 97 ]
39: [ 32 38 42 71 75 81 98 ]
40: [ 44 45 46 47 68 72 79 90 92 93 ]
41: [ 7 17 24 35 74 94 96 ]
42: [ 9 36 39 48 57 60 86 ]
43: [ 30 37 65 72 73 78 83 88 ]
44: [ 7 18 20 29 40 56 77 100 ]
45: [ 16 37 40 60 75 91 92 93 ]
46: [ 22 38 40 81 90 92 ]
47: [ 2 5 30 32 33 40 56 59 67 82 86 98 ]
48: [ 9 11 12 18 20 24 30 35 42 58 88 93 94 ]
49: [ 9 22 27 60 64 78 86 ]
50: [ 33 51 58 88 95 ]
51: [ 3 12 16 17 18 19 26 50 61 76 82 87 94 ]
52: [ 21 23 60 72 88 ]
53: [ 26 82 84 ]
54: [ 9 12 16 19 21 23 33 35 59 65 90 ]
55: [ 3 4 32 89 ]
56: [ 1 15 36 44 47 64 68 70 78 93 94 96 99 ]
57: [ 22 24 42 68 75 80 82 84 88 ]
58: [ 1 18 19 48 50 61 65 74 75 78 92 99 ]
59: [ 4 13 32 37 47 54 90 100 ]
60: [ 1 34 37 42 45 49 52 ]
61: [ 5 13 17 30 51 58 65 79 82 92 93 ]
62: [ 14 17 29 37 38 92 ]
63: [ 19 36 38 67 78 83 87 92 97 ]
64: [ 49 56 70 72 80 85 95 98 ]
65: [ 4 7 21 35 43 54 58 61 83 86 97 ]
66: [ 13 71 83 97 ]
67: [ 8 12 28 47 63 71 76 77 80 96 ]
68: [ 10 15 28 36 38 40 56 57 89 97 ]
69: [ 5 9 36 80 82 83 ]
70: [ 3 15 20 30 35 56 64 79 84 85 86 ]
71: [ 27 28 39 66 67 75 98 ]
72: [ 6 14 20 25 32 36 38 40 43 52 64 73 76 79 ]
73: [ 1 13 15 38 43 72 75 76 90 ]
74: [ 11 23 26 35 41 58 87 93 ]
75: [ 21 31 34 39 45 57 58 71 73 85 87 97 ]
76: [ 1 8 21 25 28 33 51 67 72 73 81 86 ]
77: [ 26 44 67 89 ]
78: [ 6 10 12 27 43 49 56 58 63 93 96 99 ]
79: [ 11 13 27 32 36 40 61 70 72 98 99 ]
80: [ 2 30 35 57 64 67 69 ]
81: [ 9 17 21 23 28 39 46 76 ]
82: [ 3 10 17 28 37 47 51 53 57 61 69 ]
83: [ 4 15 28 38 43 63 65 66 69 85 94 96 100 ]
84: [ 53 57 70 98 ]
85: [ 1 3 4 9 13 36 64 70 75 83 ]
86: [ 1 10 19 37 42 47 49 65 70 76 ]
87: [ 19 22 29 30 34 51 63 74 75 94 ]
88: [ 4 9 27 43 48 50 52 57 89 ]
89: [ 2 10 19 21 23 55 68 77 88 100 ]
90: [ 9 13 23 25 36 40 46 54 59 73 ]
91: [ 1 37 45 ]
92: [ 2 9 15 34 35 40 45 46 58 61 62 63 100 ]
93: [ 5 8 14 23 32 35 36 37 40 45 48 56 61 74 78 ]
94: [ 23 37 41 48 51 56 83 87 ]
95: [ 9 35 50 64 97 ]
96: [ 2 4 19 21 29 33 35 38 41 56 67 78 83 ]
97: [ 11 14 19 20 22 24 27 38 63 65 66 68 75 95 98 ]
98: [ 1 19 32 39 47 64 71 79 84 97 ]
99: [ 8 56 58 78 79 100 ]
100: [ 32 44 59 83 89 92 99 ]
