1: [ 13 22 32 44 52 56 67 71 83 89 91 93 97 98 ]
2: [ 18 38 ]
3: [ 17 27 78 80 ]
4: [ 6 19 24 40 41 44 45 46 56 64 71 77 86 89 91 97 ]
5: [ 6 76 85 88 100 ]
6: [ 4 5 10 31 56 58 62 68 74 78 82 91 92 100 ]
7: [ 19 27 32 33 43 48 89 ]
8: [ 20 21 26 50 56 67 73 96 99 ]
9: [ 19 24 28 41 45 68 75 82 ]
10: [ 6 21 24 82 83 93 ]
11: [ 20 35 50 60 68 69 75 78 79 84 88 ]
12: [ 15 16 40 43 45 51 71 75 85 92 97 99 ]
13: [ 1 28 29 67 72 80 91 ]
14: [ 25 27 38 58 63 70 82 94 97 ]
15: [ 12 42 43 68 75 ]
16: [ 12 18 23 80 86 ]
17: [ 3 20 29 39 51 54 58 59 64 80 86 ]
18: [ 2 16 24 27 56 69 70 92 100 ]
19: [ 4 7 9 33 43 58 63 69 ]
20: [ 8 11 17 25 53 63 67 76 78 82 88 ]
21: [ 8 10 24 25 44 60 68 75 80 ]
22: [ 1 44 61 ]
23: [ 16 31 34 38 39 71 85 93 95 ]
24: [ 4 9 10 18 21 36 37 42 51 62 82 83 86 ]
25: [ 14 20 21 32 40 41 56 91 94 ]
26: [ 8 29 51 67 85 86 94 ]
27: [ 3 7 14 18 29 47 60 78 83 93 100 ]
28: [ 9 13 32 39 48 53 64 89 ]
29: [ 13 17 26 27 41 47 62 71 74 77 78 85 88 92 93 ]
30: [ 31 41 48 57 65 77 97 98 100 ]
31: [ 6 23 30 44 48 86 ]
32: [ 1 7 25 28 35 37 57 63 72 82 97 100 ]
33: [ 7 19 44 45 47 57 60 74 75 82 88 ]
34: [ 23 53 75 80 ]
35: [ 11 32 41 58 ]
36: [ 24 39 45 88 ]
37: [ 24 32 41 53 61 62 63 69 76 80 88 94 97 98 ]
38: [ 2 14 23 62 73 80 ]
39: [ 17 23 28 36 47 78 84 91 93 95 ]
40: [ 4 12 25 46 51 93 95 ]
41: [ 4 9 25 29 30 35 37 50 65 69 71 76 98 99 100 ]
42: [ 15 24 49 50 57 60 ]
43: [ 7 12 15 19 71 73 74 80 83 85 100 ]
44: [ 1 4 21 22 31 33 51 69 93 98 99 ]
45: [ 4 9 12 33 36 46 61 70 80 87 92 96 ]
46: [ 4 40 45 47 49 50 56 67 76 84 ]
47: [ 27 29 33 39 46 50 53 57 60 65 66 ]
48: [ 7 28 30 31 53 63 67 82 84 85 95 ]
49: [ 42 46 50 53 86 89 ]
50: [ 8 11 41 42 46 47 49 70 81 86 ]
51: [ 12 17 24 26 40 44 64 65 77 82 ]
52: [ 1 55 67 85 94 ]
53: [ 20 28 34 37 47 48 49 60 80 84 ]
54: [ 17 60 65 71 72 73 ]
55: [ 52 89 90 ]
56: [ 1 4 6 8 18 25 46 57 64 68 73 78 81 96 ]
57: [ 30 32 33 42 47 56 64 97 ]
58: [ 6 14 17 19 35 78 ]
59: [ 17 70 82 ]
60: [ 11 21 27 33 42 47 53 54 67 80 81 85 91 95 ]
61: [ 22 37 45 77 ]
62: [ 6 24 29 37 38 67 88 ]
63: [ 14 19 20 32 37 48 71 84 ]
64: [ 4 17 28 51 56 57 67 81 96 97 ]
65: [ 30 41 47 51 54 77 86 89 91 94 ]
66: [ 47 67 76 89 94 96 ]
67: [ 1 8 13 20 26 46 48 52 60 62 64 66 80 85 89 ]
68: [ 6 9 11 15 21 56 ]
69: [ 11 18 19 37 41 44 78 83 97 ]
70: [ 14 18 45 50 59 73 ]
71: [ 1 4 12 23 29 41 43 54 63 76 80 88 ]
72: [ 13 32 54 80 81 83 90 91 ]
73: [ 8 38 43 54 56 70 74 80 85 ]
74: [ 6 29 33 43 73 80 ]
75: [ 9 11 12 15 21 33 34 83 ]
76: [ 5 20 37 41 46 66 71 84 89 100 ]
77: [ 4 29 30 51 61 65 90 ]
78: [ 3 6 11 20 27 29 39 56 58 69 81 ]
79: [ 11 91 100 ]
80: [ 3 13 16 17 21 34 37 38 43 45 53 60 67 71 72 73 74 88 ]
81: [ 50 56 60 64 72 78 83 97 ]
82: [ 6 9 10 14 20 24 32 33 48 51 59 84 87 90 ]
83: [ 1 10 24 27 43 69 72 75 81 85 95 ]
84: [ 11 39 46 48 53 63 76 82 91 ]
85: [ 5 12 23 26 29 43 48 52 60 67 73 83 86 88 ]
86: [ 4 16 17 24 26 31 49 50 65 85 91 ]
87: [ 45 82 ]
88: [ 5 11 20 29 33 36 37 62 71 80 85 92 ]
89: [ 1 4 7 28 49 55 65 66 67 76 ]
90: [ 55 72 77 82 ]
91: [ 1 4 6 13 25 39 60 65 72 79 84 86 ]
92: [ 6 12 18 29 45 88 ]
93: [ 1 10 23 27 29 39 40 44 95 ]
94: [ 14 25 26 37 52 65 66 ]
95: [ 23 39 40 48 60 83 93 ]
96: [ 8 45 56 64 66 ]
97: [ 1 4 12 14 30 32 37 57 64 69 81 100 ]
98: [ 1 30 37 41 44 ]
99: [ 8 12 41 44 ]
100: [ 5 6 18 27 30 32 41 43 76 79 97 ]
