1: [ 27 49 50 55 67 69 95 100 ]
2: [ 60 93 100 ]
3: [ 7 37 41 46 51 54 74 79 81 93 ]
4: [ 31 39 44 55 58 60 ]
5: [ 30 41 51 ]
6: [ 46 49 57 64 75 90 93 ]
7: [ 3 11 22 26 30 32 43 66 83 90 ]
8: [ 29 42 43 55 71 77 ]
9: [ 28 31 32 38 47 55 57 65 70 80 ]
10: [ 45 59 66 67 ]
11: [ 7 12 13 14 36 44 55 58 60 64 81 88 91 96 ]
12: [ 11 15 37 47 55 64 77 78 91 98 99 ]
13: [ 11 41 42 64 66 69 81 84 99 ]
14: [ 11 21 28 35 44 58 88 90 96 ]
15: [ 12 17 28 32 38 41 52 59 63 76 90 93 ]
16: [ 36 51 56 57 60 68 87 90 95 98 ]
17: [ 15 29 43 44 46 47 57 62 64 71 75 96 99 ]
18: [ 25 42 45 52 59 62 71 72 ]
19: [ 31 45 46 57 76 ]
20: [ 47 51 64 65 79 92 ]
21: [ 14 82 ]
22: [ 7 23 27 37 49 57 59 96 ]
23: [ 22 36 40 56 80 82 92 97 ]
24: [ 26 39 42 44 45 53 59 60 91 93 98 ]
25: [ 18 34 36 42 54 60 ]
26: [ 7 24 31 34 40 42 43 54 77 79 92 96 ]
27: [ 1 22 29 34 37 46 52 63 64 77 78 83 98 ]
28: [ 9 14 15 32 65 71 ]
29: [ 8 17 27 35 38 40 72 77 92 94 95 ]
30: [ 5 7 58 65 79 93 95 97 ]
31: [ 4 9 19 26 41 74 89 94 95 ]
32: [ 7 9 15 28 51 60 66 69 78 85 92 ]
33: [ 61 64 99 ]
34: [ 25 26 27 55 57 60 64 75 86 92 96 100 ]
35: [ 14 29 37 41 50 67 72 76 79 99 ]
36: [ 11 16 23 25 56 66 72 77 86 99 ]
37: [ 3 12 22 27 35 45 50 56 69 76 100 ]
38: [ 9 15 29 60 71 93 ]
39: [ 4 24 63 67 78 81 89 93 ]
40: [ 23 26 29 41 46 59 76 83 87 97 ]
41: [ 3 5 13 15 31 35 40 43 44 45 74 76 88 91 ]
42: [ 8 13 18 24 25 26 80 81 82 91 93 95 ]
43: [ 7 8 17 26 41 47 50 75 93 ]
44: [ 4 11 14 17 24 41 51 54 55 57 60 68 70 74 79 81 86 88 95 ]
45: [ 10 18 19 24 37 41 48 49 51 53 62 78 91 97 98 ]
46: [ 3 6 17 19 27 40 55 63 66 75 90 98 ]
47: [ 9 12 17 20 43 48 63 79 87 90 92 97 ]
48: [ 45 47 63 65 88 89 92 97 ]
49: [ 1 6 22 45 50 51 63 73 76 83 92 95 96 ]
50: [ 1 35 37 43 49 51 57 76 77 79 81 94 ]
51: [ 3 5 16 20 32 44 45 49 50 58 59 64 65 84 ]
52: [ 15 18 27 96 ]
53: [ 24 45 54 69 75 78 81 86 89 97 ]
54: [ 3 25 26 44 53 60 96 ]
55: [ 1 4 8 9 11 12 34 44 46 59 67 97 100 ]
56: [ 16 23 36 37 63 77 81 ]
57: [ 6 9 16 17 19 22 34 44 50 69 99 ]
58: [ 4 11 14 30 51 66 70 92 ]
59: [ 10 15 18 22 24 40 51 55 60 65 82 88 96 98 ]
60: [ 2 4 11 16 24 25 32 34 38 44 54 59 71 73 89 97 ]
61: [ 33 ]
62: [ 17 18 45 76 ]
63: [ 15 27 39 46 47 48 49 56 79 80 91 100 ]
64: [ 6 11 12 13 17 20 27 33 34 51 78 ]
65: [ 9 20 28 30 48 51 59 73 ]
66: [ 7 10 13 32 36 46 58 73 91 98 ]
67: [ 1 10 35 39 55 78 89 93 94 ]
68: [ 16 44 87 88 ]
69: [ 1 13 32 37 53 57 82 ]
70: [ 9 44 58 71 ]
71: [ 8 17 18 28 38 60 70 95 97 ]
72: [ 18 29 35 36 74 93 95 98 99 ]
73: [ 49 60 65 66 74 77 85 89 97 ]
74: [ 3 31 41 44 72 73 82 ]
75: [ 6 17 34 43 46 53 82 89 90 ]
76: [ 15 19 35 37 40 41 49 50 62 81 82 84 93 ]
77: [ 8 12 26 27 29 36 50 56 73 82 96 ]
78: [ 12 27 32 39 45 53 64 67 81 91 ]
79: [ 3 20 26 30 35 44 47 50 63 81 87 ]
80: [ 9 23 42 63 ]
81: [ 3 11 13 39 42 44 50 53 56 76 78 79 87 88 ]
82: [ 21 23 42 59 69 74 75 76 77 90 95 ]
83: [ 7 27 40 49 86 ]
84: [ 13 51 76 92 96 ]
85: [ 32 73 ]
86: [ 34 36 44 53 83 ]
87: [ 16 40 47 68 79 81 96 ]
88: [ 11 14 41 44 48 59 68 81 94 96 ]
89: [ 31 39 48 53 60 67 73 75 92 100 ]
90: [ 6 7 14 15 16 46 47 75 82 93 ]
91: [ 11 12 24 41 42 45 63 66 78 92 ]
92: [ 20 23 26 29 32 34 47 48 49 58 84 89 91 94 100 ]
93: [ 2 3 6 15 24 30 38 39 42 43 67 72 76 90 94 ]
94: [ 29 31 50 67 88 92 93 95 98 ]
95: [ 1 16 29 30 31 42 44 49 71 72 82 94 ]
96: [ 11 14 17 22 26 34 49 52 54 59 77 84 87 88 ]
97: [ 23 30 40 45 47 48 53 55 60 71 73 99 ]
98: [ 12 16 24 27 45 46 59 66 72 94 ]
99: [ 12 13 17 33 35 36 57 72 97 ]
100: [ 1 2 34 37 55 63 89 92 ]
