1: [ 37 95 ]
2: [ 13 44 63 88 97 ]
3: [ 8 26 35 36 40 49 64 81 89 95 ]
4: [ 8 37 41 42 47 48 52 55 74 94 100 ]
5: [ 14 32 36 47 50 85 ]
6: [ 24 31 35 41 60 89 94 ]
7: [ 12 38 90 ]
8: [ 3 4 10 18 23 31 32 35 60 78 79 85 93 95 98 ]
9: [ 18 35 36 49 59 72 74 88 94 ]
10: [ 8 12 25 40 61 64 71 95 ]
11: [ 13 51 64 74 87 93 96 99 ]
12: [ 7 10 32 37 38 45 52 66 69 84 88 91 ]
13: [ 2 11 14 16 18 21 60 75 78 88 98 ]
14: [ 5 13 28 29 36 45 50 55 61 80 94 ]
15: [ 16 27 54 64 73 83 ]
16: [ 13 15 18 25 30 33 41 63 94 ]
17: [ 25 50 52 62 ]
18: [ 8 9 13 16 31 38 44 69 75 100 ]
19: [ 47 50 83 90 100 ]
20: [ 21 26 43 51 58 71 75 77 85 97 ]
21: [ 13 20 27 31 48 49 52 58 65 70 85 ]
22: [ 33 67 72 77 78 79 90 95 ]
23: [ 8 94 ]
24: [ 6 27 53 75 92 93 ]
25: [ 10 16 17 26 35 40 41 49 61 90 93 96 ]
26: [ 3 20 25 28 38 64 74 83 96 ]
27: [ 15 21 24 41 54 57 62 68 79 86 88 92 98 ]
28: [ 14 26 86 93 ]
29: [ 14 44 53 58 64 68 74 85 95 ]
30: [ 16 69 74 88 89 ]
31: [ 6 8 18 21 32 51 54 59 60 74 77 82 ]
32: [ 5 8 12 31 38 57 63 82 ]
33: [ 16 22 45 53 59 60 74 83 90 ]
34: [ 68 69 77 ]
35: [ 3 6 8 9 25 52 67 74 ]
36: [ 3 5 9 14 47 60 64 68 71 93 100 ]
37: [ 1 4 12 62 81 94 95 ]
38: [ 7 12 18 26 32 41 63 90 ]
39: [ 50 98 ]
40: [ 3 10 25 59 65 85 ]
41: [ 4 6 16 25 27 38 45 60 75 77 99 ]
42: [ 4 46 52 55 90 ]
43: [ 20 49 50 56 73 79 ]
44: [ 2 18 29 63 79 83 ]
45: [ 12 14 33 41 46 53 57 69 92 94 ]
46: [ 42 45 54 63 65 82 ]
47: [ 4 5 19 36 50 85 ]
48: [ 4 21 49 65 70 82 89 91 92 ]
49: [ 3 9 21 25 43 48 51 52 82 89 ]
50: [ 5 14 17 19 39 43 47 52 56 57 76 ]
51: [ 11 20 31 49 74 77 81 ]
52: [ 4 12 17 21 35 42 49 50 54 60 71 75 85 89 91 95 ]
53: [ 24 29 33 45 76 85 94 ]
54: [ 15 27 31 46 52 62 69 74 92 96 100 ]
55: [ 4 14 42 56 74 98 ]
56: [ 43 50 55 61 71 ]
57: [ 27 32 45 50 79 81 85 87 90 95 ]
58: [ 20 21 29 68 75 76 84 95 ]
59: [ 9 31 33 40 67 ]
60: [ 6 8 13 31 33 36 41 52 85 89 ]
61: [ 10 14 25 56 74 80 86 87 90 ]
62: [ 17 27 37 54 71 72 74 83 95 ]
63: [ 2 16 32 38 44 46 67 70 ]
64: [ 3 10 11 15 26 29 36 88 100 ]
65: [ 21 40 46 48 71 76 99 ]
66: [ 12 75 ]
67: [ 22 35 59 63 69 70 75 81 85 92 ]
68: [ 27 29 34 36 58 78 82 ]
69: [ 12 18 30 34 45 54 67 71 74 79 89 91 ]
70: [ 21 48 63 67 74 76 91 96 ]
71: [ 10 20 36 52 56 62 65 69 97 98 ]
72: [ 9 22 62 73 93 ]
73: [ 15 43 72 75 77 ]
74: [ 4 9 11 26 29 30 31 33 35 51 54 55 61 62 69 70 76 100 ]
75: [ 13 18 20 24 41 52 58 66 67 73 76 79 88 ]
76: [ 50 53 58 65 70 74 75 84 88 89 95 98 ]
77: [ 20 22 31 34 41 51 73 ]
78: [ 8 13 22 68 86 96 97 99 ]
79: [ 8 22 27 43 44 57 69 75 ]
80: [ 14 61 91 96 ]
81: [ 3 37 51 57 67 96 ]
82: [ 31 32 46 48 49 68 90 94 ]
83: [ 15 19 26 33 44 62 86 ]
84: [ 12 58 76 92 100 ]
85: [ 5 8 20 21 29 40 47 52 53 57 60 67 98 ]
86: [ 27 28 61 78 83 ]
87: [ 11 57 61 94 ]
88: [ 2 9 12 13 27 30 64 75 76 90 93 96 98 ]
89: [ 3 6 30 48 49 52 60 69 76 92 100 ]
90: [ 7 19 22 25 33 38 42 57 61 82 88 92 ]
91: [ 12 48 52 69 70 80 95 ]
92: [ 24 27 45 48 54 67 84 89 90 95 ]
93: [ 8 11 24 25 28 36 72 88 ]
94: [ 4 6 9 14 16 23 37 45 53 82 87 ]
95: [ 1 3 8 10 22 29 37 52 57 58 62 76 91 92 ]
96: [ 11 25 26 54 70 78 80 81 88 99 ]
97: [ 2 20 71 78 98 ]
98: [ 8 13 27 39 55 71 76 85 88 97 ]
99: [ 11 41 65 78 96 ]
100: [ 4 18 19 36 54 64 74 84 89 ]
