1: [ 4 7 38 72 76 88 91 ]
2: [ 22 25 30 33 39 59 68 72 79 ]
3: [ 20 29 53 54 78 87 ]
4: [ 1 27 29 34 42 49 64 76 78 ]
5: [ 6 15 17 24 33 66 67 78 80 83 88 94 ]
6: [ 5 8 32 41 48 79 96 100 ]
7: [ 1 8 24 52 55 62 66 69 94 100 ]
8: [ 6 7 22 31 84 ]
9: [ 17 31 33 42 47 50 61 70 83 87 ]
10: [ 17 25 39 42 61 70 81 88 90 ]
11: [ 39 51 71 84 88 93 ]
12: [ 60 69 75 82 83 92 ]
13: [ 25 38 68 ]
14: [ 34 52 62 81 82 ]
15: [ 5 28 47 55 89 ]
16: [ 23 39 63 64 71 98 ]
17: [ 5 9 10 25 79 81 ]
18: [ 22 52 60 63 87 92 ]
19: [ 23 64 70 74 75 ]
20: [ 3 38 40 54 62 69 ]
21: [ 45 64 73 75 77 92 ]
22: [ 2 8 18 23 49 68 69 82 92 ]
23: [ 16 19 22 25 31 44 46 51 52 53 61 68 82 88 89 94 ]
24: [ 5 7 29 30 46 55 63 90 94 ]
25: [ 2 10 13 17 23 27 38 54 78 79 83 92 ]
26: [ 54 55 ]
27: [ 4 25 52 59 79 86 ]
28: [ 15 43 53 54 64 67 95 ]
29: [ 3 4 24 82 84 87 ]
30: [ 2 24 36 41 48 66 83 92 ]
31: [ 8 9 23 35 43 45 60 61 63 66 71 74 87 98 100 ]
32: [ 6 39 62 67 79 88 ]
33: [ 2 5 9 64 74 92 ]
34: [ 4 14 35 38 47 65 81 89 97 ]
35: [ 31 34 37 41 52 66 88 ]
36: [ 30 61 63 78 ]
37: [ 35 88 ]
38: [ 1 13 20 25 34 69 71 86 90 92 ]
39: [ 2 10 11 16 32 79 ]
40: [ 20 ]
41: [ 6 30 35 48 58 59 71 78 84 94 ]
42: [ 4 9 10 78 88 ]
43: [ 28 31 49 81 ]
44: [ 23 48 57 58 74 93 ]
45: [ 21 31 63 66 70 84 91 92 ]
46: [ 23 24 57 68 ]
47: [ 9 15 34 58 59 62 66 75 88 99 ]
48: [ 6 30 41 44 51 61 62 65 67 71 98 ]
49: [ 4 22 43 57 75 77 84 ]
50: [ 9 58 89 ]
51: [ 11 23 48 95 ]
52: [ 7 14 18 23 27 35 59 63 70 71 89 ]
53: [ 3 23 28 56 61 64 65 75 80 83 ]
54: [ 3 20 25 26 28 63 79 ]
55: [ 7 15 24 26 71 79 ]
56: [ 53 63 81 93 ]
57: [ 44 46 49 63 68 80 88 92 ]
58: [ 41 44 47 50 78 81 87 ]
59: [ 2 27 41 47 52 68 77 78 82 ]
60: [ 12 18 31 68 70 71 74 75 84 93 97 ]
61: [ 9 10 23 31 36 48 53 77 ]
62: [ 7 14 20 32 47 48 63 68 87 89 96 ]
63: [ 16 18 24 31 36 45 52 54 56 57 62 67 78 79 93 ]
64: [ 4 16 19 21 28 33 53 71 98 100 ]
65: [ 34 48 53 67 81 ]
66: [ 5 7 30 31 35 45 47 74 79 83 93 97 ]
67: [ 5 28 32 48 63 65 70 77 81 87 88 98 ]
68: [ 2 13 22 23 46 57 59 60 62 83 85 ]
69: [ 7 12 20 22 38 70 ]
70: [ 9 10 19 45 52 60 67 69 87 92 98 100 ]
71: [ 11 16 31 38 41 48 52 55 60 64 75 88 ]
72: [ 1 2 78 82 92 ]
73: [ 21 74 75 ]
74: [ 19 31 33 44 60 66 73 78 ]
75: [ 12 19 21 47 49 53 60 71 73 83 86 88 96 ]
76: [ 1 4 77 79 92 ]
77: [ 21 49 59 61 67 76 82 ]
78: [ 3 4 5 25 36 41 42 58 59 63 72 74 86 ]
79: [ 2 6 17 25 27 32 39 54 55 63 66 76 90 ]
80: [ 5 53 57 ]
81: [ 10 14 17 34 43 56 58 65 67 ]
82: [ 12 14 22 23 29 59 72 77 89 99 ]
83: [ 5 9 12 25 30 53 66 68 75 84 ]
84: [ 8 11 29 41 45 49 60 83 87 97 100 ]
85: [ 68 ]
86: [ 27 38 75 78 ]
87: [ 3 9 18 29 31 58 62 67 70 84 98 100 ]
88: [ 1 5 10 11 23 32 35 37 42 47 57 67 71 75 ]
89: [ 15 23 34 50 52 62 82 99 ]
90: [ 10 24 38 79 ]
91: [ 1 45 ]
92: [ 12 18 21 22 25 30 33 38 45 57 70 72 76 100 ]
93: [ 11 44 56 60 63 66 ]
94: [ 5 7 23 24 41 ]
95: [ 28 51 ]
96: [ 6 62 75 ]
97: [ 34 60 66 84 ]
98: [ 16 31 48 64 67 70 87 ]
99: [ 47 82 89 ]
100: [ 6 7 31 64 70 84 87 92 ]
