1: [ 16 30 35 43 57 76 78 92 94 ]
2: [ 5 16 36 37 38 43 45 62 65 70 94 ]
3: [ 5 17 24 27 30 45 54 63 68 72 77 79 93 97 ]
4: [ 6 11 34 36 40 50 59 67 74 ]
5: [ 2 3 14 18 31 44 62 66 67 87 91 96 ]
6: [ 4 9 10 21 33 34 62 76 77 84 ]
7: [ 21 38 52 59 69 73 82 90 ]
8: [ 10 42 49 84 91 94 ]
9: [ 6 10 34 60 73 88 92 97 ]
10: [ 6 8 9 20 36 41 65 71 73 82 91 94 98 ]
11: [ 4 34 36 38 44 49 57 72 91 95 97 ]
12: [ 14 20 38 43 56 68 100 ]
13: [ 29 34 36 57 61 90 ]
14: [ 5 12 24 34 49 55 61 66 ]
15: [ 27 56 71 85 ]
16: [ 1 2 28 43 44 60 70 78 84 95 98 100 ]
17: [ 3 24 29 34 42 57 58 70 84 86 90 ]
18: [ 5 20 ]
19: [ 25 30 56 58 62 66 68 73 83 ]
20: [ 10 12 18 33 46 49 64 70 74 76 100 ]
21: [ 6 7 59 ]
22: [ 46 94 ]
23: [ 67 71 75 78 81 82 95 ]
24: [ 3 14 17 25 92 ]
25: [ 19 24 30 48 49 50 56 58 65 ]
26: [ 28 30 38 47 57 64 73 74 75 77 79 ]
27: [ 3 15 30 39 42 51 59 60 62 68 76 78 79 81 93 ]
28: [ 16 26 76 100 ]
29: [ 13 17 42 58 80 92 95 ]
30: [ 1 3 19 25 26 27 33 38 43 53 62 77 96 ]
31: [ 5 45 67 78 89 98 ]
32: [ 34 39 54 82 93 ]
33: [ 6 20 30 54 61 62 65 75 82 96 ]
34: [ 4 6 9 11 13 14 17 32 49 57 70 83 84 94 95 96 ]
35: [ 1 65 71 78 94 ]
36: [ 2 4 10 11 13 38 44 47 61 70 81 90 95 ]
37: [ 2 43 47 49 54 61 72 73 90 91 99 100 ]
38: [ 2 7 11 12 26 30 36 51 62 63 78 83 84 85 97 ]
39: [ 27 32 59 83 84 ]
40: [ 4 48 57 64 85 98 ]
41: [ 10 44 47 55 68 71 76 86 100 ]
42: [ 8 17 27 29 43 59 67 71 91 93 ]
43: [ 1 2 12 16 30 37 42 75 78 88 ]
44: [ 5 11 16 36 41 49 52 65 79 99 ]
45: [ 2 3 31 47 60 61 64 70 76 77 81 84 86 88 93 95 ]
46: [ 20 22 75 78 95 ]
47: [ 26 36 37 41 45 62 ]
48: [ 25 40 88 90 92 94 ]
49: [ 8 11 14 20 25 34 37 44 53 62 79 98 ]
50: [ 4 25 92 ]
51: [ 27 38 69 72 74 ]
52: [ 7 44 ]
53: [ 30 49 79 96 ]
54: [ 3 32 33 37 57 61 66 76 89 99 ]
55: [ 14 41 77 ]
56: [ 12 15 19 25 63 66 74 80 95 ]
57: [ 1 11 13 17 26 34 40 54 67 76 80 83 94 ]
58: [ 17 19 25 29 59 72 76 92 95 ]
59: [ 4 7 21 27 39 42 58 72 83 87 88 100 ]
60: [ 9 16 27 45 89 ]
61: [ 13 14 33 36 37 45 54 64 70 76 84 85 97 ]
62: [ 2 5 6 19 27 30 33 38 47 49 76 87 ]
63: [ 3 38 56 98 ]
64: [ 20 26 40 45 61 70 74 76 80 95 96 ]
65: [ 2 10 25 33 35 44 66 67 99 ]
66: [ 5 14 19 54 56 65 73 96 ]
67: [ 4 5 23 31 42 57 65 77 82 90 ]
68: [ 3 12 19 27 41 94 ]
69: [ 7 51 91 ]
70: [ 2 16 17 20 34 36 45 61 64 83 88 89 ]
71: [ 10 15 23 35 41 42 94 95 ]
72: [ 3 11 37 51 58 59 74 88 89 100 ]
73: [ 7 9 10 19 26 37 66 77 88 93 ]
74: [ 4 20 26 51 56 64 72 75 ]
75: [ 23 26 33 43 46 74 78 80 92 94 97 98 100 ]
76: [ 1 6 20 27 28 41 45 54 57 58 61 62 64 81 ]
77: [ 3 6 26 30 45 55 67 73 81 82 84 ]
78: [ 1 16 23 27 31 35 38 43 46 75 87 97 ]
79: [ 3 26 27 44 49 53 80 88 ]
80: [ 29 56 57 64 75 79 92 99 ]
81: [ 23 27 36 45 76 77 ]
82: [ 7 10 23 32 33 67 77 92 98 ]
83: [ 19 34 38 39 57 59 70 87 94 ]
84: [ 6 8 16 17 34 38 39 45 61 77 86 94 98 ]
85: [ 15 38 40 61 99 ]
86: [ 17 41 45 84 ]
87: [ 5 59 62 78 83 99 ]
88: [ 9 43 45 48 59 70 72 73 79 89 ]
89: [ 31 54 60 70 72 88 100 ]
90: [ 7 13 17 36 37 48 67 95 ]
91: [ 5 8 10 11 37 42 69 ]
92: [ 1 9 24 29 48 50 58 75 80 82 95 ]
93: [ 3 27 32 42 45 73 ]
94: [ 1 2 8 10 22 34 35 48 57 68 71 75 83 84 ]
95: [ 11 16 23 29 34 36 45 46 56 58 64 71 90 92 ]
96: [ 5 30 33 34 53 64 66 100 ]
97: [ 3 9 11 38 61 75 78 100 ]
98: [ 10 16 31 40 49 63 75 82 84 ]
99: [ 37 44 54 65 80 85 87 ]
100: [ 12 16 20 28 37 41 59 72 75 89 96 97 ]
