1: [ 13 19 21 33 51 60 61 84 96 97 ]
2: [ 13 17 20 24 25 47 59 71 75 77 85 98 ]
3: [ 35 48 82 ]
4: [ 7 8 25 44 51 57 66 70 82 ]
5: [ 26 46 53 64 87 93 97 ]
6: [ 12 14 15 18 40 53 63 77 78 97 ]
7: [ 4 9 12 21 22 24 31 41 46 49 51 60 79 81 90 ]
8: [ 4 15 29 40 43 44 49 90 ]
9: [ 7 15 35 52 74 92 ]
10: [ 22 30 31 41 44 71 72 94 ]
11: [ 19 34 35 40 74 84 95 ]
12: [ 6 7 14 15 19 25 53 84 95 ]
13: [ 1 2 16 57 79 90 96 100 ]
14: [ 6 12 21 29 31 33 59 71 78 79 89 96 ]
15: [ 6 8 9 12 18 27 28 33 39 49 59 72 74 97 ]
16: [ 13 23 42 50 68 71 79 95 ]
17: [ 2 26 44 55 61 81 96 ]
18: [ 6 15 45 69 72 87 96 ]
19: [ 1 11 12 25 65 79 ]
20: [ 2 22 26 31 39 64 66 83 84 ]
21: [ 1 7 14 29 35 70 71 ]
22: [ 7 10 20 26 29 30 47 55 71 78 95 96 ]
23: [ 16 36 48 67 99 ]
24: [ 2 7 35 53 81 ]
25: [ 2 4 12 19 29 44 50 78 97 100 ]
26: [ 5 17 20 22 27 28 46 82 ]
27: [ 15 26 33 38 49 50 55 56 62 66 74 86 95 ]
28: [ 15 26 40 42 60 73 79 99 ]
29: [ 8 14 21 22 25 31 33 40 55 57 64 79 92 ]
30: [ 10 22 37 44 51 52 63 78 86 92 96 ]
31: [ 7 10 14 20 29 56 66 83 87 ]
32: [ 52 55 66 93 97 ]
33: [ 1 14 15 27 29 48 57 62 74 99 ]
34: [ 11 37 62 93 ]
35: [ 3 9 11 21 24 37 40 41 47 57 62 92 99 ]
36: [ 23 91 97 ]
37: [ 30 34 35 45 47 65 69 96 ]
38: [ 27 67 ]
39: [ 15 20 48 50 91 ]
40: [ 6 8 11 28 29 35 64 80 93 ]
41: [ 7 10 35 64 81 ]
42: [ 16 28 43 48 50 52 53 61 68 79 81 82 83 89 100 ]
43: [ 8 42 64 68 74 82 ]
44: [ 4 8 10 17 25 30 59 80 87 90 ]
45: [ 18 37 57 69 77 87 95 ]
46: [ 5 7 26 52 53 57 64 68 74 85 95 ]
47: [ 2 22 35 37 63 94 98 ]
48: [ 3 23 33 39 42 66 80 82 91 100 ]
49: [ 7 8 15 27 53 70 83 84 ]
50: [ 16 25 27 39 42 57 89 91 97 98 ]
51: [ 1 4 7 30 83 ]
52: [ 9 30 32 42 46 62 66 86 92 96 ]
53: [ 5 6 12 24 42 46 49 66 73 77 81 94 95 ]
54: [ 60 72 82 98 99 ]
55: [ 17 22 27 29 32 59 62 78 94 95 ]
56: [ 27 31 65 72 79 87 94 ]
57: [ 4 13 29 33 35 45 46 50 63 70 74 ]
58: [ 77 89 ]
59: [ 2 14 15 44 55 67 72 88 ]
60: [ 1 7 28 54 ]
61: [ 1 17 42 62 ]
62: [ 27 33 34 35 52 55 61 63 70 78 100 ]
63: [ 6 30 47 57 62 81 85 ]
64: [ 5 20 29 40 41 43 46 74 84 ]
65: [ 19 37 56 77 81 ]
66: [ 4 20 27 31 32 48 52 53 67 68 77 91 ]
67: [ 23 38 59 66 70 94 ]
68: [ 16 42 43 46 66 81 82 83 84 95 ]
69: [ 18 37 45 85 98 ]
70: [ 4 21 49 57 62 67 85 86 93 ]
71: [ 2 10 14 16 21 22 72 73 93 97 ]
72: [ 10 15 18 54 56 59 71 79 86 97 100 ]
73: [ 28 53 71 98 ]
74: [ 9 11 15 27 33 43 46 57 64 81 90 92 ]
75: [ 2 ]
76: [ 84 ]
77: [ 2 6 45 53 58 65 66 79 ]
78: [ 6 14 22 25 30 55 62 ]
79: [ 7 13 14 16 19 28 29 42 56 72 77 88 91 ]
80: [ 40 44 48 83 91 ]
81: [ 7 17 24 41 42 53 63 65 68 74 82 84 88 100 ]
82: [ 3 4 26 42 43 48 54 68 81 85 88 ]
83: [ 20 31 42 49 51 68 80 85 ]
84: [ 1 11 12 20 49 64 68 76 81 ]
85: [ 2 46 63 69 70 82 83 89 98 ]
86: [ 27 30 52 70 72 87 93 94 100 ]
87: [ 5 18 31 44 45 56 86 ]
88: [ 59 79 81 82 ]
89: [ 14 42 50 58 85 90 ]
90: [ 7 8 13 44 74 89 94 ]
91: [ 36 39 48 50 66 79 80 94 98 ]
92: [ 9 29 30 35 52 74 94 ]
93: [ 5 32 34 40 70 71 86 ]
94: [ 10 47 53 55 56 67 86 90 91 92 100 ]
95: [ 11 12 16 22 27 45 46 53 55 68 ]
96: [ 1 13 14 17 18 22 30 37 52 ]
97: [ 1 5 6 15 25 32 36 50 71 72 ]
98: [ 2 47 50 54 69 73 85 91 100 ]
99: [ 23 28 33 35 54 ]
100: [ 13 25 42 48 62 72 81 86 94 98 ]
