1: [ 4 7 9 10 28 34 39 48 57 61 74 85 ]
2: [ 4 5 15 34 38 42 48 63 68 75 84 94 99 ]
3: [ 85 88 96 ]
4: [ 1 2 29 31 40 41 66 77 89 97 ]
5: [ 2 10 16 21 27 39 43 44 52 67 91 93 100 ]
6: [ 16 31 33 50 56 72 74 78 96 98 ]
7: [ 1 9 29 39 47 48 49 53 57 71 84 92 99 ]
8: [ 9 24 28 31 70 80 100 ]
9: [ 1 7 8 27 40 59 64 69 72 74 86 89 91 98 99 ]
10: [ 1 5 26 27 55 57 65 67 76 84 ]
11: [ 26 29 30 45 56 66 70 82 90 ]
12: [ 30 33 44 48 65 67 69 72 84 87 93 ]
13: [ 16 24 33 35 50 53 63 93 100 ]
14: [ 21 29 36 39 55 72 83 85 95 ]
15: [ 2 24 50 54 71 88 ]
16: [ 5 6 13 30 33 40 42 44 51 55 67 85 88 95 97 99 ]
17: [ 18 19 21 25 27 30 34 36 37 78 79 ]
18: [ 17 24 47 53 75 76 77 81 86 89 93 ]
19: [ 17 31 32 36 76 80 82 86 ]
20: [ 24 26 51 53 61 ]
21: [ 5 14 17 36 42 63 82 84 ]
22: [ 29 39 50 58 ]
23: [ 51 54 88 95 ]
24: [ 8 13 15 18 20 27 31 32 34 43 46 67 86 ]
25: [ 17 53 55 64 79 87 ]
26: [ 10 11 20 34 40 42 50 51 54 62 78 90 100 ]
27: [ 5 9 10 17 24 40 45 77 78 83 85 98 ]
28: [ 1 8 40 45 63 67 79 83 97 100 ]
29: [ 4 7 11 14 22 31 43 46 56 62 73 80 97 ]
30: [ 11 12 16 17 33 43 46 48 55 57 59 86 91 95 ]
31: [ 4 6 8 19 24 29 47 ]
32: [ 19 24 39 49 54 85 91 ]
33: [ 6 12 13 16 30 36 49 65 83 ]
34: [ 1 2 17 24 26 37 43 62 71 75 94 ]
35: [ 13 47 55 65 70 93 99 ]
36: [ 14 17 19 21 33 49 51 59 68 71 76 86 99 ]
37: [ 17 34 44 48 67 81 92 93 99 ]
38: [ 2 49 62 79 82 ]
39: [ 1 5 7 14 22 32 70 71 83 84 93 95 ]
40: [ 4 9 16 26 27 28 52 61 62 63 76 86 95 100 ]
41: [ 4 43 81 ]
42: [ 2 16 21 26 51 75 82 87 95 ]
43: [ 5 24 29 30 34 41 52 54 61 73 77 85 86 89 91 ]
44: [ 5 12 16 37 50 87 ]
45: [ 11 27 28 58 63 71 84 86 91 93 97 98 ]
46: [ 24 29 30 47 48 50 63 71 84 89 95 98 99 ]
47: [ 7 18 31 35 46 49 62 66 76 77 84 90 95 ]
48: [ 1 2 7 12 30 37 46 54 60 79 95 97 ]
49: [ 7 32 33 36 38 47 54 71 72 84 99 ]
50: [ 6 13 15 22 26 44 46 63 69 77 ]
51: [ 16 20 23 26 36 42 61 64 73 83 92 ]
52: [ 5 40 43 64 70 75 96 98 ]
53: [ 7 13 18 20 25 62 71 72 ]
54: [ 15 23 26 32 43 48 49 56 65 71 80 93 ]
55: [ 10 14 16 25 30 35 73 77 80 94 ]
56: [ 6 11 29 54 77 100 ]
57: [ 1 7 10 30 65 70 74 75 ]
58: [ 22 45 72 84 92 98 ]
59: [ 9 30 36 66 76 78 87 98 ]
60: [ 48 62 69 71 78 88 ]
61: [ 1 20 40 43 51 82 83 ]
62: [ 26 29 34 38 40 47 53 60 74 86 95 ]
63: [ 2 13 21 28 40 45 46 50 68 70 71 83 87 91 93 ]
64: [ 9 25 51 52 68 ]
65: [ 10 12 33 35 54 57 75 78 82 87 ]
66: [ 4 11 47 59 78 83 98 ]
67: [ 5 10 12 16 24 28 37 69 ]
68: [ 2 36 63 64 82 ]
69: [ 9 12 50 60 67 88 91 96 98 ]
70: [ 8 11 35 39 52 57 63 77 100 ]
71: [ 7 15 34 36 39 45 46 49 53 54 60 63 73 74 77 98 ]
72: [ 6 9 12 14 49 53 58 75 85 95 98 ]
73: [ 29 43 51 55 71 83 100 ]
74: [ 1 6 9 57 62 71 76 91 93 95 ]
75: [ 2 18 34 42 52 57 65 72 82 87 97 ]
76: [ 10 18 19 36 40 47 59 74 79 ]
77: [ 4 18 27 43 47 50 55 56 70 71 89 92 100 ]
78: [ 6 17 26 27 59 60 65 66 87 93 94 100 ]
79: [ 17 25 28 38 48 76 100 ]
80: [ 8 19 29 54 55 97 ]
81: [ 18 37 41 98 ]
82: [ 11 19 21 38 42 61 65 68 75 ]
83: [ 14 27 28 33 39 51 61 63 66 73 87 90 93 ]
84: [ 2 7 10 12 21 39 45 46 47 49 58 85 100 ]
85: [ 1 3 14 16 27 32 43 72 84 99 ]
86: [ 9 18 19 24 30 36 40 43 45 62 88 ]
87: [ 12 25 42 44 59 63 65 75 78 83 95 ]
88: [ 3 15 16 23 60 69 86 93 ]
89: [ 4 9 18 43 46 77 90 97 ]
90: [ 11 26 47 83 89 ]
91: [ 5 9 30 32 43 45 63 69 74 92 ]
92: [ 7 37 51 58 77 91 96 ]
93: [ 5 12 13 18 35 37 39 45 54 63 74 78 83 88 ]
94: [ 2 34 55 78 95 ]
95: [ 14 16 23 30 39 40 42 46 47 48 62 72 74 87 94 96 ]
96: [ 3 6 52 69 92 95 97 100 ]
97: [ 4 16 28 29 45 48 75 80 89 96 ]
98: [ 6 9 27 45 46 52 58 59 66 69 71 72 81 ]
99: [ 2 7 9 16 35 36 37 46 49 85 ]
100: [ 5 8 13 26 28 40 56 70 73 77 78 79 84 96 ]
