1: [ 5 6 27 37 57 72 82 92 ]
2: [ 6 34 35 36 45 50 89 92 99 ]
3: [ 16 22 24 32 35 38 60 69 ]
4: [ 26 41 54 74 75 80 93 ]
5: [ 1 22 26 31 91 100 ]
6: [ 1 2 46 54 60 67 100 ]
7: [ 13 26 66 86 ]
8: [ 9 17 25 54 68 84 95 96 99 ]
9: [ 8 10 32 42 75 79 99 ]
10: [ 9 17 24 32 37 47 ]
11: [ 13 15 17 31 35 37 43 61 91 92 93 95 ]
12: [ 17 22 23 28 39 57 61 67 68 71 ]
13: [ 7 11 15 26 32 33 46 50 73 91 97 ]
14: [ 20 33 37 44 45 55 58 79 85 87 92 98 ]
15: [ 11 13 33 36 58 66 79 91 99 ]
16: [ 3 17 24 48 79 86 98 ]
17: [ 8 10 11 12 16 32 63 66 74 77 82 86 90 92 95 99 ]
18: [ 21 71 ]
19: [ 22 23 49 54 93 ]
20: [ 14 23 56 61 69 71 72 ]
21: [ 18 31 35 58 59 67 74 79 ]
22: [ 3 5 12 19 37 50 59 74 90 97 ]
23: [ 12 19 20 44 48 56 58 80 83 93 ]
24: [ 3 10 16 80 ]
25: [ 8 26 54 65 70 72 78 84 ]
26: [ 4 5 7 13 25 39 53 67 76 84 ]
27: [ 1 36 56 65 72 75 76 84 90 98 100 ]
28: [ 12 54 56 71 81 92 ]
29: [ 47 ]
30: [ 40 44 45 47 68 71 76 94 95 ]
31: [ 5 11 21 38 41 48 71 72 84 85 91 ]
32: [ 3 9 10 13 17 38 43 48 52 55 59 68 74 84 86 ]
33: [ 13 14 15 35 36 48 56 59 65 67 69 75 79 82 93 ]
34: [ 2 45 54 77 90 96 ]
35: [ 2 3 11 21 33 42 45 82 97 ]
36: [ 2 15 27 33 43 55 56 57 76 79 95 ]
37: [ 1 10 11 14 22 72 73 75 84 85 ]
38: [ 3 31 32 46 54 61 70 99 ]
39: [ 12 26 50 60 71 80 ]
40: [ 30 49 54 56 67 74 81 99 ]
41: [ 4 31 45 49 59 91 ]
42: [ 9 35 71 87 ]
43: [ 11 32 36 65 75 93 99 ]
44: [ 14 23 30 50 68 74 78 86 89 94 ]
45: [ 2 14 30 34 35 41 52 66 87 ]
46: [ 6 13 38 50 56 72 88 90 93 97 ]
47: [ 10 29 30 90 ]
48: [ 16 23 31 32 33 56 68 86 100 ]
49: [ 19 40 41 58 59 ]
50: [ 2 13 22 39 44 46 55 57 68 ]
51: [ 87 ]
52: [ 32 45 58 61 63 98 ]
53: [ 26 63 80 ]
54: [ 4 6 8 19 25 28 34 38 40 57 63 81 99 ]
55: [ 14 32 36 50 56 59 60 85 ]
56: [ 20 23 27 28 33 36 40 46 48 55 57 66 82 84 86 89 ]
57: [ 1 12 36 50 54 56 84 100 ]
58: [ 14 15 21 23 49 52 60 80 ]
59: [ 21 22 32 33 41 49 55 76 80 92 ]
60: [ 3 6 39 55 58 68 80 83 95 97 ]
61: [ 11 12 20 38 52 ]
62: [ 77 86 90 92 93 ]
63: [ 17 52 53 54 69 72 73 82 84 91 95 ]
64: [ 65 87 91 92 ]
65: [ 25 27 33 43 64 80 85 89 ]
66: [ 7 15 17 45 56 72 88 89 ]
67: [ 6 12 21 26 33 40 70 71 89 90 97 ]
68: [ 8 12 30 32 44 48 50 60 74 79 87 88 97 98 ]
69: [ 3 20 33 63 88 89 99 ]
70: [ 25 38 67 71 72 73 78 86 100 ]
71: [ 12 18 20 28 30 31 39 42 67 70 75 87 ]
72: [ 1 20 25 27 31 37 46 63 66 70 82 83 85 98 ]
73: [ 13 37 63 70 88 92 ]
74: [ 4 17 21 22 32 40 44 68 89 ]
75: [ 4 9 27 33 37 43 71 ]
76: [ 26 27 30 36 59 90 99 ]
77: [ 17 34 62 85 95 ]
78: [ 25 44 70 87 89 91 97 ]
79: [ 9 14 15 16 21 33 36 68 87 97 ]
80: [ 4 23 24 39 53 58 59 60 65 87 88 95 98 ]
81: [ 28 40 54 90 ]
82: [ 1 17 33 35 56 63 72 ]
83: [ 23 60 72 87 ]
84: [ 8 25 26 27 31 32 37 56 57 63 ]
85: [ 14 31 37 55 65 72 77 98 ]
86: [ 7 16 17 32 44 48 56 62 70 95 ]
87: [ 14 42 45 51 64 68 71 78 79 80 83 95 ]
88: [ 46 66 68 69 73 80 98 ]
89: [ 2 44 56 65 66 67 69 74 78 ]
90: [ 17 22 27 34 46 47 62 67 76 81 93 ]
91: [ 5 11 13 15 31 41 63 64 78 99 ]
92: [ 1 2 11 14 17 28 59 62 64 73 95 ]
93: [ 4 11 19 23 33 43 46 62 90 ]
94: [ 30 44 95 ]
95: [ 8 11 17 30 36 60 63 77 80 86 87 92 94 98 100 ]
96: [ 8 34 ]
97: [ 13 22 35 46 60 67 68 78 79 ]
98: [ 14 16 27 52 68 72 80 85 88 95 ]
99: [ 2 8 9 15 17 38 40 43 54 69 76 91 ]
100: [ 5 6 27 48 57 70 95 ]
