1: [ 10 43 48 49 51 62 66 70 79 84 87 88 ]
2: [ 4 8 42 65 69 ]
3: [ 16 20 24 41 78 ]
4: [ 2 10 26 41 42 47 80 89 98 ]
5: [ 30 40 53 68 69 73 84 ]
6: [ 11 22 29 30 41 42 55 58 59 65 66 93 96 97 ]
7: [ 12 24 41 46 85 ]
8: [ 2 16 63 80 92 ]
9: [ 23 40 44 52 54 91 98 ]
10: [ 1 4 33 37 60 69 78 97 ]
11: [ 6 28 38 49 50 55 76 87 89 ]
12: [ 7 23 32 77 78 79 82 90 ]
13: [ 26 31 47 68 74 93 ]
14: [ 23 37 67 93 98 99 100 ]
15: [ 17 19 34 36 49 57 65 69 93 ]
16: [ 3 8 18 35 42 46 61 71 85 86 ]
17: [ 15 24 25 26 65 82 99 ]
18: [ 16 26 27 28 45 57 64 69 82 84 90 93 ]
19: [ 15 36 38 70 71 96 98 ]
20: [ 3 21 22 ]
21: [ 20 27 44 46 50 56 61 71 76 78 82 91 92 ]
22: [ 6 20 28 36 43 45 52 59 66 75 99 ]
23: [ 9 12 14 24 38 47 49 69 76 87 97 ]
24: [ 3 7 17 23 27 35 40 41 60 68 73 76 85 89 95 96 ]
25: [ 17 38 40 43 46 66 70 73 87 93 100 ]
26: [ 4 13 17 18 39 42 46 59 78 93 ]
27: [ 18 21 24 46 51 71 75 84 89 95 96 ]
28: [ 11 18 22 31 43 45 73 77 82 ]
29: [ 6 38 40 44 68 85 93 ]
30: [ 5 6 37 53 75 87 90 96 ]
31: [ 13 28 45 50 55 71 93 98 ]
32: [ 12 38 41 44 58 68 69 82 88 ]
33: [ 10 35 56 81 97 ]
34: [ 15 49 53 61 ]
35: [ 16 24 33 36 37 43 60 69 93 95 ]
36: [ 15 19 22 35 60 71 ]
37: [ 10 14 30 35 56 78 87 97 ]
38: [ 11 19 23 25 29 32 51 53 56 66 76 88 97 ]
39: [ 26 44 49 64 70 82 95 ]
40: [ 5 9 24 25 29 58 61 66 76 77 88 98 ]
41: [ 3 4 6 7 24 32 47 83 ]
42: [ 2 4 6 16 26 43 44 51 53 58 63 90 ]
43: [ 1 22 25 28 35 42 58 70 88 98 ]
44: [ 9 21 29 32 39 42 50 58 65 75 84 95 98 ]
45: [ 18 22 28 31 52 69 77 80 ]
46: [ 7 16 21 25 26 27 51 53 60 65 91 ]
47: [ 4 13 23 41 53 59 64 65 70 96 ]
48: [ 1 63 ]
49: [ 1 11 15 23 34 39 78 85 92 93 96 ]
50: [ 11 21 31 44 51 60 61 82 ]
51: [ 1 27 38 42 46 50 58 59 61 62 93 97 100 ]
52: [ 9 22 45 68 89 ]
53: [ 5 30 34 38 42 46 47 59 61 68 69 78 90 91 ]
54: [ 9 85 90 98 ]
55: [ 6 11 31 75 ]
56: [ 21 33 37 38 67 75 89 92 ]
57: [ 15 18 62 64 75 ]
58: [ 6 32 40 42 43 44 51 59 62 64 70 72 ]
59: [ 6 22 26 47 51 53 58 77 78 79 83 90 ]
60: [ 10 24 35 36 46 50 65 68 70 73 93 95 96 98 ]
61: [ 16 21 34 40 50 51 53 64 66 74 76 80 96 98 ]
62: [ 1 51 57 58 ]
63: [ 8 42 48 69 84 88 ]
64: [ 18 39 47 57 58 61 72 78 87 98 100 ]
65: [ 2 6 15 17 44 46 47 60 69 71 73 76 81 86 ]
66: [ 1 6 22 25 38 40 61 69 79 91 ]
67: [ 14 56 75 82 84 90 96 100 ]
68: [ 5 13 24 29 32 52 53 60 81 88 ]
69: [ 2 5 10 15 18 23 32 35 45 53 63 65 66 85 88 ]
70: [ 1 19 25 39 43 47 58 60 75 90 94 ]
71: [ 16 19 21 27 31 36 65 74 76 78 80 91 92 ]
72: [ 58 64 82 85 93 96 ]
73: [ 5 24 25 28 60 65 85 89 93 ]
74: [ 13 61 71 92 ]
75: [ 22 27 30 44 55 56 57 67 70 76 83 ]
76: [ 11 21 23 24 38 40 61 65 71 75 83 94 95 96 ]
77: [ 12 28 40 45 59 87 91 ]
78: [ 3 10 12 21 26 37 49 53 59 64 71 99 ]
79: [ 1 12 59 66 ]
80: [ 4 8 45 61 71 96 99 ]
81: [ 33 65 68 86 97 99 ]
82: [ 12 17 18 21 28 32 39 50 67 72 89 90 97 ]
83: [ 41 59 75 76 86 88 91 ]
84: [ 1 5 18 27 44 63 67 91 ]
85: [ 7 16 24 29 49 54 69 72 73 ]
86: [ 16 65 81 83 ]
87: [ 1 11 23 25 30 37 64 77 ]
88: [ 1 32 38 40 43 63 68 69 83 98 ]
89: [ 4 11 24 27 52 56 73 82 ]
90: [ 12 18 30 42 53 54 59 67 70 82 100 ]
91: [ 9 21 46 53 66 71 77 83 84 94 97 ]
92: [ 8 21 49 56 71 74 ]
93: [ 6 13 14 15 18 25 26 29 31 35 49 51 60 72 73 98 ]
94: [ 70 76 91 95 ]
95: [ 24 27 35 39 44 60 76 94 99 ]
96: [ 6 19 24 27 30 47 49 60 61 67 72 76 80 99 ]
97: [ 6 10 23 33 37 38 51 81 82 91 ]
98: [ 4 9 14 19 31 40 43 44 54 60 61 64 88 93 ]
99: [ 14 17 22 78 80 81 95 96 ]
100: [ 14 25 51 64 67 90 ]
