1: [ 11 16 18 81 90 ]
2: [ 15 39 45 52 54 85 ]
3: [ 28 37 42 44 51 54 58 60 61 76 80 86 ]
4: [ 7 29 63 ]
5: [ 12 50 55 69 79 83 98 ]
6: [ 15 17 25 38 85 86 88 ]
7: [ 4 8 23 32 34 37 58 75 79 ]
8: [ 7 39 82 83 ]
9: [ 11 13 18 52 65 68 ]
10: [ 15 17 32 94 ]
11: [ 1 9 23 36 56 79 81 ]
12: [ 5 17 27 30 31 38 47 55 56 66 67 68 71 100 ]
13: [ 9 31 33 50 80 83 ]
14: [ 18 61 95 ]
15: [ 2 6 10 29 32 38 42 44 67 71 79 92 95 98 ]
16: [ 1 29 35 36 48 50 52 64 84 86 88 ]
17: [ 6 10 12 53 56 62 77 ]
18: [ 1 9 14 41 66 72 74 77 ]
19: [ 52 62 ]
20: [ 36 39 50 78 87 88 ]
21: [ 30 59 86 90 ]
22: [ 26 53 58 61 63 69 77 82 96 ]
23: [ 7 11 31 66 79 83 96 ]
24: [ 35 42 51 54 58 59 62 64 85 100 ]
25: [ 6 28 32 55 57 71 73 76 93 ]
26: [ 22 30 33 43 44 46 50 58 61 63 64 67 94 ]
27: [ 12 28 33 35 61 74 75 78 80 84 97 ]
28: [ 3 25 27 61 68 77 80 87 ]
29: [ 4 15 16 32 47 58 60 73 76 86 93 96 98 99 ]
30: [ 12 21 26 35 51 62 70 87 90 96 98 99 ]
31: [ 12 13 23 35 37 44 48 88 ]
32: [ 7 10 15 25 29 36 37 59 63 70 71 97 ]
33: [ 13 26 27 43 49 52 54 59 61 71 82 85 87 ]
34: [ 7 37 42 47 53 59 85 89 ]
35: [ 16 24 27 30 31 53 67 70 71 78 88 93 ]
36: [ 11 16 20 32 39 56 63 66 72 82 86 94 95 99 100 ]
37: [ 3 7 31 32 34 48 64 71 72 76 84 86 88 100 ]
38: [ 6 12 15 57 65 67 70 82 ]
39: [ 2 8 20 36 40 43 62 77 84 90 ]
40: [ 39 69 ]
41: [ 18 47 58 93 ]
42: [ 3 15 24 34 51 56 57 61 79 ]
43: [ 26 33 39 55 95 100 ]
44: [ 3 15 26 31 50 61 70 84 90 92 98 ]
45: [ 2 46 47 51 57 63 67 73 74 90 99 ]
46: [ 26 45 48 99 ]
47: [ 12 29 34 41 45 50 56 66 67 86 ]
48: [ 16 31 37 46 55 64 66 85 92 96 ]
49: [ 33 68 71 86 ]
50: [ 5 13 16 20 26 44 47 53 61 69 94 ]
51: [ 3 24 30 42 45 54 74 75 76 82 94 ]
52: [ 2 9 16 19 33 71 85 86 88 89 93 ]
53: [ 17 22 34 35 50 56 78 98 ]
54: [ 2 3 24 33 51 55 66 70 76 77 96 ]
55: [ 5 12 25 43 48 54 82 85 ]
56: [ 11 12 17 36 42 47 53 73 82 ]
57: [ 25 38 42 45 69 73 81 99 ]
58: [ 3 7 22 24 26 29 41 69 86 89 ]
59: [ 21 24 32 33 34 62 77 83 84 97 ]
60: [ 3 29 62 71 84 ]
61: [ 3 14 22 26 27 28 33 42 44 50 73 78 81 93 95 97 ]
62: [ 17 19 24 30 39 59 60 71 77 ]
63: [ 4 22 26 32 36 45 71 96 ]
64: [ 16 24 26 37 48 79 80 85 97 ]
65: [ 9 38 71 79 81 96 100 ]
66: [ 12 18 23 36 47 48 54 ]
67: [ 12 15 26 35 38 45 47 86 ]
68: [ 9 12 28 49 87 91 ]
69: [ 5 22 40 50 57 58 76 82 95 99 ]
70: [ 30 32 35 38 44 54 78 ]
71: [ 12 15 25 32 33 35 37 49 52 60 62 63 65 88 100 ]
72: [ 18 36 37 97 ]
73: [ 25 29 45 56 57 61 77 95 ]
74: [ 18 27 45 51 88 90 95 ]
75: [ 7 27 51 ]
76: [ 3 25 29 37 51 54 69 90 ]
77: [ 17 18 22 28 39 54 59 62 73 86 88 89 ]
78: [ 20 27 35 53 61 70 80 81 82 93 100 ]
79: [ 5 7 11 15 23 42 64 65 80 88 89 ]
80: [ 3 13 27 28 64 78 79 ]
81: [ 1 11 57 61 65 78 89 92 96 ]
82: [ 8 22 33 36 38 51 55 56 69 78 83 100 ]
83: [ 5 8 13 23 59 82 97 98 ]
84: [ 16 27 37 39 44 59 60 85 88 ]
85: [ 2 6 24 33 34 48 52 55 64 84 87 91 93 96 ]
86: [ 3 6 16 21 29 36 37 47 49 52 58 67 77 ]
87: [ 20 28 30 33 68 85 88 95 99 100 ]
88: [ 6 16 20 31 35 37 52 71 74 77 79 84 87 90 ]
89: [ 34 52 58 77 79 81 97 ]
90: [ 1 21 30 39 44 45 74 76 88 91 100 ]
91: [ 68 85 90 ]
92: [ 15 44 48 81 98 ]
93: [ 25 29 35 41 52 61 78 85 ]
94: [ 10 26 36 50 51 ]
95: [ 14 15 36 43 61 69 73 74 87 97 ]
96: [ 22 23 29 30 48 54 63 65 81 85 97 ]
97: [ 27 32 59 61 64 72 83 89 95 96 ]
98: [ 5 15 29 30 44 53 83 92 ]
99: [ 29 30 36 45 46 57 69 87 100 ]
100: [ 12 24 36 37 43 65 71 78 82 87 90 99 ]
