1: [ 45 60 63 65 95 ]
2: [ 17 45 51 81 89 94 ]
3: [ 4 7 14 27 38 42 46 49 52 73 75 79 92 ]
4: [ 3 9 26 34 64 76 79 ]
5: [ 35 38 43 58 66 70 76 78 91 ]
6: [ 17 18 19 26 37 41 44 50 57 76 ]
7: [ 3 9 19 34 46 54 75 85 86 88 91 ]
8: [ 14 21 25 34 42 55 70 88 95 ]
9: [ 4 7 10 19 32 46 56 65 71 75 78 79 98 ]
10: [ 9 16 34 50 75 79 81 87 89 95 ]
11: [ 16 20 37 59 89 ]
12: [ 16 23 69 91 98 ]
13: [ 18 20 28 30 33 35 55 63 80 82 ]
14: [ 3 8 25 45 56 59 63 ]
15: [ 21 45 48 50 58 61 66 82 91 ]
16: [ 10 11 12 17 29 33 43 55 57 66 70 77 78 85 98 99 ]
17: [ 2 6 16 29 42 47 68 76 79 82 86 89 ]
18: [ 6 13 37 47 51 64 76 97 ]
19: [ 6 7 9 31 42 43 44 50 53 54 63 70 71 90 96 ]
20: [ 11 13 28 29 92 ]
21: [ 8 15 52 54 60 65 71 79 85 93 95 99 ]
22: [ 28 44 64 69 76 91 ]
23: [ 12 25 27 32 45 46 51 61 62 63 68 83 84 95 ]
24: [ 70 79 97 ]
25: [ 8 14 23 29 30 45 50 56 64 73 96 ]
26: [ 4 6 64 82 88 92 97 ]
27: [ 3 23 33 37 47 52 60 66 67 69 80 86 95 ]
28: [ 13 20 22 34 48 80 85 ]
29: [ 16 17 20 25 54 65 82 84 ]
30: [ 13 25 34 50 74 88 96 ]
31: [ 19 82 98 ]
32: [ 9 23 37 84 96 97 ]
33: [ 13 16 27 47 50 55 65 87 ]
34: [ 4 7 8 10 28 30 41 48 62 77 85 89 ]
35: [ 5 13 ]
36: [ 47 68 90 ]
37: [ 6 11 18 27 32 43 44 58 67 70 89 99 ]
38: [ 3 5 39 42 43 50 52 88 ]
39: [ 38 51 52 55 57 60 70 73 ]
40: [ 50 56 ]
41: [ 6 34 44 51 90 94 ]
42: [ 3 8 17 19 38 51 73 80 85 93 ]
43: [ 5 16 19 37 38 53 63 76 ]
44: [ 6 19 22 37 41 46 65 66 78 88 93 98 ]
45: [ 1 2 14 15 23 25 56 57 84 97 ]
46: [ 3 7 9 23 44 65 ]
47: [ 17 18 27 33 36 51 52 54 61 63 71 75 82 83 84 94 ]
48: [ 15 28 34 56 64 70 71 81 88 ]
49: [ 3 92 ]
50: [ 6 10 15 19 25 30 33 38 40 53 55 69 84 93 97 ]
51: [ 2 18 23 39 41 42 47 55 56 73 91 ]
52: [ 3 21 27 38 39 47 97 ]
53: [ 19 43 50 60 61 65 70 82 ]
54: [ 7 19 21 29 47 55 57 74 88 89 91 ]
55: [ 8 13 16 33 39 50 51 54 72 77 93 ]
56: [ 9 14 25 40 45 48 51 63 64 70 96 ]
57: [ 6 16 39 45 54 69 75 82 94 96 ]
58: [ 5 15 37 95 ]
59: [ 11 14 94 ]
60: [ 1 21 27 39 53 76 84 ]
61: [ 15 23 47 53 ]
62: [ 23 34 74 89 ]
63: [ 1 13 14 19 23 43 47 56 86 ]
64: [ 4 18 22 25 26 48 56 75 83 95 ]
65: [ 1 9 21 29 33 44 46 53 78 97 ]
66: [ 5 15 16 27 44 79 87 89 ]
67: [ 27 37 79 ]
68: [ 17 23 36 81 92 99 ]
69: [ 12 22 27 50 57 94 ]
70: [ 5 8 16 19 24 37 39 48 53 56 92 ]
71: [ 9 19 21 47 48 84 93 97 98 99 ]
72: [ 55 ]
73: [ 3 25 39 42 51 85 89 91 96 99 ]
74: [ 30 54 62 79 98 ]
75: [ 3 7 9 10 47 57 64 ]
76: [ 4 5 6 17 18 22 43 60 85 ]
77: [ 16 34 55 83 86 95 100 ]
78: [ 5 9 16 44 65 ]
79: [ 3 4 9 10 17 21 24 66 67 74 94 100 ]
80: [ 13 27 28 42 94 95 ]
81: [ 2 10 48 68 89 98 ]
82: [ 13 15 17 26 29 31 47 53 57 85 88 ]
83: [ 23 47 64 77 87 ]
84: [ 23 29 32 45 47 50 60 71 87 95 ]
85: [ 7 16 21 28 34 42 73 76 82 93 95 ]
86: [ 7 17 27 63 77 95 98 ]
87: [ 10 33 66 83 84 88 92 99 ]
88: [ 7 8 26 30 38 44 48 54 82 87 90 91 ]
89: [ 2 10 11 17 34 37 54 62 66 73 81 92 ]
90: [ 19 36 41 88 ]
91: [ 5 7 12 15 22 51 54 73 88 ]
92: [ 3 20 26 49 68 70 87 89 94 ]
93: [ 21 42 44 50 55 71 85 96 ]
94: [ 2 41 47 57 59 69 79 80 92 97 98 ]
95: [ 1 8 10 21 23 27 58 64 77 80 84 85 86 ]
96: [ 19 25 30 32 56 57 73 93 ]
97: [ 18 24 26 32 45 50 52 65 71 94 ]
98: [ 9 12 16 31 44 71 74 81 86 94 ]
99: [ 16 21 37 68 71 73 87 ]
100: [ 77 79 ]
