1: [ 4 25 27 37 69 85 100 ]
2: [ 13 18 20 21 36 49 52 60 68 88 90 99 ]
3: [ 12 37 38 40 48 65 68 69 72 75 82 86 93 94 ]
4: [ 1 11 12 20 33 38 43 54 74 82 87 95 ]
5: [ 12 29 52 58 67 68 79 80 82 83 98 100 ]
6: [ 30 32 36 59 72 81 97 ]
7: [ 16 19 20 28 29 39 43 48 63 69 73 78 80 85 96 ]
8: [ 42 65 81 ]
9: [ 26 83 93 96 98 ]
10: [ 12 13 19 39 47 49 58 64 65 66 100 ]
11: [ 4 17 51 52 66 ]
12: [ 3 4 5 10 21 26 31 33 49 88 ]
13: [ 2 10 24 25 72 73 80 81 98 ]
14: [ 22 33 34 59 61 69 93 98 ]
15: [ 21 44 49 77 78 88 ]
16: [ 7 24 37 48 49 52 53 64 72 91 97 ]
17: [ 11 32 36 40 48 51 53 55 78 89 92 ]
18: [ 2 26 37 40 80 83 ]
19: [ 7 10 48 64 66 93 ]
20: [ 2 4 7 37 40 43 61 67 79 ]
21: [ 2 12 15 23 25 45 51 74 75 96 ]
22: [ 14 41 42 45 50 61 69 76 82 ]
23: [ 21 44 47 52 54 64 65 93 98 ]
24: [ 13 16 48 50 62 65 68 81 83 87 ]
25: [ 1 13 21 32 33 59 61 77 99 ]
26: [ 9 12 18 37 41 48 52 56 58 59 69 84 85 93 98 100 ]
27: [ 1 54 70 71 80 87 ]
28: [ 7 47 49 51 59 85 86 89 95 100 ]
29: [ 5 7 39 ]
30: [ 6 31 37 41 57 68 76 92 ]
31: [ 12 30 37 62 91 96 ]
32: [ 6 17 25 39 64 67 87 ]
33: [ 4 12 14 25 37 44 45 48 59 61 73 74 99 ]
34: [ 14 37 46 70 74 84 ]
35: [ 50 56 70 78 88 93 ]
36: [ 2 6 17 38 41 44 54 67 84 87 ]
37: [ 1 3 16 18 20 26 30 31 33 34 68 70 74 75 ]
38: [ 3 4 36 48 73 74 94 96 ]
39: [ 7 10 29 32 49 51 75 79 84 92 98 ]
40: [ 3 17 18 20 62 100 ]
41: [ 22 26 30 36 49 50 54 75 78 86 99 ]
42: [ 8 22 48 49 51 67 76 82 84 86 ]
43: [ 4 7 20 44 46 48 52 67 98 ]
44: [ 15 23 33 36 43 69 98 100 ]
45: [ 21 22 33 46 75 81 90 ]
46: [ 34 43 45 74 80 83 88 95 ]
47: [ 10 23 28 72 81 88 97 ]
48: [ 3 7 16 17 19 24 26 33 38 42 43 87 ]
49: [ 2 10 12 15 16 28 39 41 42 66 93 ]
50: [ 22 24 35 41 74 88 ]
51: [ 11 17 21 28 39 42 76 100 ]
52: [ 2 5 11 16 23 26 43 75 77 87 88 90 91 92 98 ]
53: [ 16 17 56 58 65 78 89 91 92 ]
54: [ 4 23 27 36 41 60 81 ]
55: [ 17 59 77 86 89 ]
56: [ 26 35 53 61 80 97 ]
57: [ 30 61 82 92 ]
58: [ 5 10 26 53 78 ]
59: [ 6 14 25 26 28 33 55 60 72 77 93 ]
60: [ 2 54 59 66 74 ]
61: [ 14 20 22 25 33 56 57 70 74 ]
62: [ 24 31 40 90 ]
63: [ 7 87 ]
64: [ 10 16 19 23 32 75 92 ]
65: [ 3 8 10 23 24 53 66 71 79 83 87 90 96 ]
66: [ 10 11 19 49 60 65 68 88 94 ]
67: [ 5 20 32 36 42 43 72 73 76 80 84 97 ]
68: [ 2 3 5 24 30 37 66 72 84 88 99 ]
69: [ 1 3 7 14 22 26 44 81 83 84 ]
70: [ 27 34 35 37 61 ]
71: [ 27 65 81 95 ]
72: [ 3 6 13 16 47 59 67 68 81 82 89 ]
73: [ 7 13 33 38 67 97 ]
74: [ 4 21 33 34 37 38 46 50 60 61 83 84 ]
75: [ 3 21 37 39 41 45 52 64 78 83 98 ]
76: [ 22 30 42 51 67 84 92 ]
77: [ 15 25 52 55 59 ]
78: [ 7 15 17 35 41 53 58 75 79 88 ]
79: [ 5 20 39 65 78 97 ]
80: [ 5 7 13 18 27 46 56 67 90 99 ]
81: [ 6 8 13 24 45 47 54 69 71 72 84 99 ]
82: [ 3 4 5 22 42 57 72 85 88 94 98 ]
83: [ 5 9 18 24 46 65 69 74 75 84 85 95 96 ]
84: [ 26 34 36 39 42 67 68 69 74 76 81 83 ]
85: [ 1 7 26 28 82 83 88 89 93 96 ]
86: [ 3 28 41 42 55 ]
87: [ 4 24 27 32 36 48 52 63 65 89 91 93 94 ]
88: [ 2 12 15 35 46 47 50 52 66 68 78 82 85 94 98 ]
89: [ 17 28 53 55 72 85 87 91 ]
90: [ 2 45 52 62 65 80 93 94 ]
91: [ 16 31 52 53 87 89 ]
92: [ 17 30 39 52 53 57 64 76 93 97 ]
93: [ 3 9 14 19 23 26 35 49 59 85 87 90 92 ]
94: [ 3 38 66 82 87 88 90 96 99 ]
95: [ 4 28 46 71 83 97 ]
96: [ 7 9 21 31 38 65 83 85 94 ]
97: [ 6 16 47 56 67 73 79 92 95 ]
98: [ 5 9 13 14 23 26 39 43 44 52 75 82 88 ]
99: [ 2 25 33 41 68 80 81 94 100 ]
100: [ 1 5 10 26 28 40 44 51 99 ]
