1: [ 5 21 22 49 52 89 100 ]
2: [ 9 12 24 25 35 37 39 56 58 92 ]
3: [ 12 34 75 76 89 95 100 ]
4: [ 21 57 65 71 72 89 ]
5: [ 1 18 20 34 68 72 ]
6: [ 10 11 31 38 41 48 53 58 80 85 ]
7: [ 9 59 67 76 88 ]
8: [ 13 17 55 67 88 89 ]
9: [ 2 7 18 33 47 48 57 59 66 68 72 83 95 97 98 ]
10: [ 6 23 33 38 78 ]
11: [ 6 18 23 33 37 57 78 87 92 93 95 97 99 ]
12: [ 2 3 21 35 80 ]
13: [ 8 34 35 43 52 61 96 ]
14: [ 27 29 33 72 76 77 96 ]
15: [ 19 20 29 44 51 65 73 74 78 79 87 88 ]
16: [ 18 25 30 34 43 48 ]
17: [ 8 27 34 38 39 59 72 97 ]
18: [ 5 9 11 16 37 40 50 53 68 81 88 92 95 ]
19: [ 15 32 40 43 61 82 ]
20: [ 5 15 37 65 69 75 93 ]
21: [ 1 4 12 24 31 42 47 53 57 64 86 87 90 ]
22: [ 1 ]
23: [ 10 11 39 44 48 59 64 82 88 91 99 100 ]
24: [ 2 21 27 30 45 49 50 53 65 67 72 77 ]
25: [ 2 16 33 37 42 97 ]
26: [ 27 35 36 48 50 55 57 70 77 87 ]
27: [ 14 17 24 26 33 46 55 59 64 75 88 89 90 98 ]
28: [ 36 40 81 88 ]
29: [ 14 15 39 45 53 73 97 ]
30: [ 16 24 38 58 59 72 80 96 98 ]
31: [ 6 21 38 50 84 ]
32: [ 19 43 73 90 96 ]
33: [ 9 10 11 14 25 27 36 43 80 89 ]
34: [ 3 5 13 16 17 37 38 40 63 70 72 100 ]
35: [ 2 12 13 26 41 44 45 48 62 63 71 74 84 85 94 96 ]
36: [ 26 28 33 43 65 70 86 97 ]
37: [ 2 11 18 20 25 34 39 55 60 64 86 88 ]
38: [ 6 10 17 30 31 34 52 64 81 ]
39: [ 2 17 23 29 37 40 58 70 78 ]
40: [ 18 19 28 34 39 54 56 62 78 80 92 ]
41: [ 6 35 55 68 69 74 78 85 96 ]
42: [ 21 25 46 86 96 ]
43: [ 13 16 19 32 33 36 80 83 89 93 ]
44: [ 15 23 35 55 65 84 86 93 ]
45: [ 24 29 35 75 93 95 96 97 98 ]
46: [ 27 42 53 ]
47: [ 9 21 56 62 92 ]
48: [ 6 9 16 23 26 35 59 97 ]
49: [ 1 24 54 63 75 82 84 91 100 ]
50: [ 18 24 26 31 53 54 69 97 ]
51: [ 15 71 92 93 ]
52: [ 1 13 38 61 63 70 77 88 ]
53: [ 6 18 21 24 29 46 50 84 94 ]
54: [ 40 49 50 96 100 ]
55: [ 8 26 27 37 41 44 63 91 92 96 ]
56: [ 2 40 47 68 71 72 78 98 ]
57: [ 4 9 11 21 26 63 69 74 77 78 86 88 98 ]
58: [ 2 6 30 39 78 82 99 100 ]
59: [ 7 9 17 23 27 30 48 75 90 92 95 97 ]
60: [ 37 63 87 90 ]
61: [ 13 19 52 ]
62: [ 35 40 47 84 90 96 ]
63: [ 34 35 49 52 55 57 60 77 81 84 95 ]
64: [ 21 23 27 37 38 68 80 84 95 ]
65: [ 4 15 20 24 36 44 68 70 ]
66: [ 9 88 95 97 ]
67: [ 7 8 24 69 82 98 ]
68: [ 5 9 18 41 56 64 65 78 82 88 ]
69: [ 20 41 50 57 67 87 ]
70: [ 26 34 36 39 52 65 72 80 81 86 ]
71: [ 4 35 51 56 78 80 85 89 ]
72: [ 4 5 9 14 17 24 30 34 56 70 73 92 ]
73: [ 15 29 32 72 76 86 88 93 ]
74: [ 15 35 41 57 ]
75: [ 3 20 27 45 49 59 96 ]
76: [ 3 7 14 73 ]
77: [ 14 24 26 52 57 63 ]
78: [ 10 11 15 39 40 41 56 57 58 68 71 86 94 ]
79: [ 15 80 93 ]
80: [ 6 12 30 33 40 43 64 70 71 79 85 95 ]
81: [ 18 28 38 63 70 86 91 93 94 ]
82: [ 19 23 49 58 67 68 84 ]
83: [ 9 43 ]
84: [ 31 35 44 49 53 62 63 64 82 89 92 100 ]
85: [ 6 35 41 71 80 97 ]
86: [ 21 36 37 42 44 57 70 73 78 81 89 93 ]
87: [ 11 15 21 26 60 69 100 ]
88: [ 7 8 15 18 23 27 28 37 52 57 66 68 73 ]
89: [ 1 3 4 8 27 33 43 71 84 86 99 ]
90: [ 21 27 32 59 60 62 ]
91: [ 23 49 55 81 ]
92: [ 2 11 18 40 47 51 55 59 72 84 ]
93: [ 11 20 43 44 45 51 73 79 81 86 ]
94: [ 35 53 78 81 ]
95: [ 3 9 11 18 45 59 63 64 66 80 98 ]
96: [ 13 14 30 32 35 41 42 45 54 55 62 75 ]
97: [ 9 11 17 25 29 36 45 48 50 59 66 85 ]
98: [ 9 27 30 45 56 57 67 95 ]
99: [ 11 23 58 89 ]
100: [ 1 3 23 34 49 54 58 84 87 ]
