1: [ 45 48 66 68 83 91 97 ]
2: [ 11 22 50 54 61 69 93 ]
3: [ 23 32 54 62 63 67 71 80 81 91 97 ]
4: [ 15 24 39 65 75 80 97 99 ]
5: [ 7 12 16 57 59 63 80 100 ]
6: [ 10 44 45 53 86 ]
7: [ 5 8 13 16 29 35 38 76 77 81 92 ]
8: [ 7 17 18 25 29 36 39 41 66 69 81 86 91 ]
9: [ 13 30 52 61 92 ]
10: [ 6 12 20 22 51 52 74 78 80 83 94 95 96 97 ]
11: [ 2 28 31 50 53 73 76 ]
12: [ 5 10 14 23 30 35 37 38 52 72 89 ]
13: [ 7 9 24 48 68 78 81 96 ]
14: [ 12 19 36 53 84 95 ]
15: [ 4 20 26 80 92 99 ]
16: [ 5 7 39 47 50 51 70 73 74 88 ]
17: [ 8 40 54 ]
18: [ 8 25 36 63 79 88 89 96 100 ]
19: [ 14 26 35 40 86 91 95 ]
20: [ 10 15 22 41 66 71 96 99 ]
21: [ 23 47 56 73 74 75 96 97 ]
22: [ 2 10 20 34 47 55 56 63 79 ]
23: [ 3 12 21 41 44 51 54 59 67 71 75 93 ]
24: [ 4 13 52 55 57 61 73 78 81 88 93 97 ]
25: [ 8 18 33 52 58 77 79 98 ]
26: [ 15 19 74 84 92 ]
27: [ 33 53 67 92 ]
28: [ 11 31 35 43 57 63 71 72 75 88 91 95 96 ]
29: [ 7 8 33 53 54 58 60 93 ]
30: [ 9 12 55 59 72 82 84 99 ]
31: [ 11 28 36 40 41 52 71 ]
32: [ 3 35 54 59 60 67 83 89 98 ]
33: [ 25 27 29 65 67 69 88 89 ]
34: [ 22 41 59 70 71 89 ]
35: [ 7 12 19 28 32 51 65 66 92 94 ]
36: [ 8 14 18 31 46 52 53 60 79 86 93 ]
37: [ 12 38 44 58 60 61 65 66 75 89 100 ]
38: [ 7 12 37 39 47 54 77 95 ]
39: [ 4 8 16 38 66 71 81 90 91 94 95 99 ]
40: [ 17 19 31 49 58 64 74 ]
41: [ 8 20 23 31 34 49 60 67 82 ]
42: [ 46 71 ]
43: [ 28 49 71 83 95 99 ]
44: [ 6 23 37 57 68 70 82 88 89 ]
45: [ 1 6 51 53 55 74 88 90 ]
46: [ 36 42 58 62 85 97 ]
47: [ 16 21 22 38 59 62 63 85 90 96 ]
48: [ 1 13 57 73 75 83 88 ]
49: [ 40 41 43 55 66 75 83 84 88 100 ]
50: [ 2 11 16 61 73 78 95 99 100 ]
51: [ 10 16 23 35 45 65 67 73 74 96 ]
52: [ 9 10 12 24 25 31 36 73 78 82 100 ]
53: [ 6 11 14 27 29 36 45 63 71 76 79 100 ]
54: [ 2 3 17 23 29 32 38 60 67 70 81 90 ]
55: [ 22 24 30 45 49 77 ]
56: [ 21 22 ]
57: [ 5 24 28 44 48 73 80 83 85 96 ]
58: [ 25 29 37 40 46 65 74 75 83 95 100 ]
59: [ 5 23 30 32 34 47 83 85 91 ]
60: [ 29 32 36 37 41 54 65 79 80 88 ]
61: [ 2 9 24 37 50 65 68 ]
62: [ 3 46 47 72 79 84 ]
63: [ 3 5 18 22 28 47 53 66 72 ]
64: [ 40 66 67 72 84 91 ]
65: [ 4 33 35 37 51 58 60 61 67 84 100 ]
66: [ 1 8 20 35 37 39 49 63 64 67 74 84 93 97 99 ]
67: [ 3 23 27 32 33 41 51 54 64 65 66 73 89 ]
68: [ 1 13 44 61 77 80 88 ]
69: [ 2 8 33 80 88 99 ]
70: [ 16 34 44 54 71 78 91 ]
71: [ 3 20 23 28 31 34 39 42 43 53 70 72 95 ]
72: [ 12 28 30 62 63 64 71 80 ]
73: [ 11 16 21 24 48 50 51 52 57 67 ]
74: [ 10 16 21 26 40 45 51 58 66 75 77 81 84 ]
75: [ 4 21 23 28 37 48 49 58 74 78 96 97 ]
76: [ 7 11 53 92 ]
77: [ 7 25 38 55 68 74 80 84 92 ]
78: [ 10 13 24 50 52 70 75 83 85 95 ]
79: [ 18 22 25 36 53 60 62 91 100 ]
80: [ 3 4 5 10 15 57 60 68 69 72 77 84 93 ]
81: [ 3 7 8 13 24 39 54 74 86 89 91 96 ]
82: [ 30 41 44 52 84 ]
83: [ 1 10 32 43 48 49 57 58 59 78 96 ]
84: [ 14 26 30 49 62 64 65 66 74 77 80 82 85 ]
85: [ 46 47 57 59 78 84 ]
86: [ 6 8 19 36 81 100 ]
87: [ ]
88: [ 16 18 24 28 33 44 45 48 49 60 68 69 95 96 100 ]
89: [ 12 18 32 33 34 37 44 67 81 100 ]
90: [ 39 45 47 54 ]
91: [ 1 3 8 19 28 39 59 64 70 79 81 100 ]
92: [ 7 9 15 26 27 35 76 77 99 ]
93: [ 2 23 24 29 36 66 80 100 ]
94: [ 10 35 39 ]
95: [ 10 14 19 28 38 39 43 50 58 71 78 88 98 ]
96: [ 10 13 18 20 21 28 47 51 57 75 81 83 88 ]
97: [ 1 3 4 10 21 24 46 66 75 ]
98: [ 25 32 95 ]
99: [ 4 15 20 30 39 43 50 66 69 92 100 ]
100: [ 5 18 37 49 50 52 53 58 65 79 86 88 89 91 93 99 ]
