1: [ 3 5 24 31 32 33 37 ]
2: [ 4 12 25 47 58 62 73 77 80 88 94 ]
3: [ 1 9 21 26 38 39 59 62 82 85 87 98 ]
4: [ 2 6 10 11 24 27 43 59 72 81 86 96 ]
5: [ 1 8 9 13 32 42 48 54 58 64 83 90 91 ]
6: [ 4 7 9 16 19 34 43 60 63 74 75 87 88 100 ]
7: [ 6 12 22 62 ]
8: [ 5 11 13 17 40 47 52 60 72 75 79 80 ]
9: [ 3 5 6 16 38 51 52 54 75 87 ]
10: [ 4 16 45 47 55 56 57 63 75 78 99 ]
11: [ 4 8 12 48 49 80 93 ]
12: [ 2 7 11 24 35 43 54 59 66 67 92 ]
13: [ 5 8 27 36 88 92 94 98 ]
14: [ 46 78 83 ]
15: [ 30 38 66 79 81 ]
16: [ 6 9 10 18 24 36 43 71 95 97 100 ]
17: [ 8 35 36 48 63 66 69 72 89 94 ]
18: [ 16 21 40 41 58 85 100 ]
19: [ 6 21 27 29 35 37 45 50 74 75 82 85 89 92 97 ]
20: [ 28 48 78 88 ]
21: [ 3 18 19 23 29 34 38 45 60 66 69 84 ]
22: [ 7 34 40 51 52 53 60 67 78 85 ]
23: [ 21 59 71 97 100 ]
24: [ 1 4 12 16 31 32 39 44 51 52 62 74 87 92 ]
25: [ 2 28 41 43 45 61 62 88 ]
26: [ 3 30 32 33 60 81 98 ]
27: [ 4 13 19 28 31 62 63 76 87 99 ]
28: [ 20 25 27 54 60 82 85 97 ]
29: [ 19 21 32 58 71 88 94 ]
30: [ 15 26 33 34 40 49 53 57 62 85 94 ]
31: [ 1 24 27 36 40 42 43 54 68 72 92 97 100 ]
32: [ 1 5 24 26 29 34 43 48 56 58 60 74 75 79 ]
33: [ 1 26 30 75 81 ]
34: [ 6 21 22 30 32 48 77 ]
35: [ 12 17 19 38 39 49 50 65 79 89 ]
36: [ 13 16 17 31 51 54 80 95 98 ]
37: [ 1 19 38 44 76 78 85 91 ]
38: [ 3 9 15 21 35 37 41 46 49 51 95 96 ]
39: [ 3 24 35 ]
40: [ 8 18 22 30 31 44 50 55 57 64 91 ]
41: [ 18 25 38 52 78 86 92 96 100 ]
42: [ 5 31 45 61 66 68 74 83 88 94 100 ]
43: [ 4 6 12 16 25 31 32 45 48 69 72 ]
44: [ 24 37 40 53 ]
45: [ 10 19 21 25 42 43 47 57 62 90 ]
46: [ 14 38 57 71 73 75 81 87 88 98 ]
47: [ 2 8 10 45 52 59 70 72 78 80 ]
48: [ 5 11 17 20 32 34 43 51 56 87 95 ]
49: [ 11 30 35 38 59 64 66 67 73 74 80 82 87 ]
50: [ 19 35 40 76 95 ]
51: [ 9 22 24 36 38 48 69 72 76 81 89 95 ]
52: [ 8 9 22 24 41 47 63 68 76 79 88 94 96 ]
53: [ 22 30 44 58 69 87 90 98 100 ]
54: [ 5 9 12 28 31 36 56 65 70 75 91 92 ]
55: [ 10 40 60 65 ]
56: [ 10 32 48 54 59 72 82 86 90 94 ]
57: [ 10 30 40 45 46 65 66 83 ]
58: [ 2 5 18 29 32 53 59 61 62 68 78 82 96 ]
59: [ 3 4 12 23 47 49 56 58 72 85 ]
60: [ 6 8 21 22 26 28 32 55 79 88 ]
61: [ 25 42 58 68 89 ]
62: [ 2 3 7 24 25 27 30 45 58 64 74 87 ]
63: [ 6 10 17 27 52 68 72 79 86 88 99 ]
64: [ 5 40 49 62 78 82 85 100 ]
65: [ 35 54 55 57 74 80 85 87 90 ]
66: [ 12 15 17 21 42 49 57 91 ]
67: [ 12 22 49 72 75 83 88 89 ]
68: [ 31 42 52 58 61 63 69 84 ]
69: [ 17 21 43 51 53 68 75 80 88 92 100 ]
70: [ 47 54 83 92 ]
71: [ 16 23 29 46 85 87 93 ]
72: [ 4 8 17 31 43 47 51 56 59 63 67 73 89 97 ]
73: [ 2 46 49 72 96 ]
74: [ 6 19 24 32 42 49 62 65 ]
75: [ 6 8 9 10 19 32 33 46 54 67 69 80 89 93 ]
76: [ 27 37 50 51 52 80 100 ]
77: [ 2 34 83 92 ]
78: [ 10 14 20 22 37 41 47 58 64 79 84 86 ]
79: [ 8 15 32 35 52 60 63 78 83 98 ]
80: [ 2 8 11 36 47 49 65 69 75 76 82 ]
81: [ 4 15 26 33 46 51 92 ]
82: [ 3 19 28 49 56 58 64 80 92 94 96 ]
83: [ 5 14 42 57 67 70 77 79 93 ]
84: [ 21 68 78 99 ]
85: [ 3 18 19 22 28 30 37 59 64 65 71 100 ]
86: [ 4 41 56 63 78 88 100 ]
87: [ 3 6 9 24 27 46 48 49 53 62 65 71 90 100 ]
88: [ 2 6 13 20 25 29 42 46 52 60 63 67 69 86 ]
89: [ 17 19 35 51 61 67 72 75 93 ]
90: [ 5 45 53 56 65 87 ]
91: [ 5 37 40 54 66 92 100 ]
92: [ 12 13 19 24 31 41 54 69 70 77 81 82 91 99 ]
93: [ 11 71 75 83 89 ]
94: [ 2 13 17 29 30 42 52 56 82 ]
95: [ 16 36 38 48 50 51 ]
96: [ 4 38 41 52 58 73 82 ]
97: [ 16 19 23 28 31 72 100 ]
98: [ 3 13 26 36 46 53 79 ]
99: [ 10 27 63 84 92 ]
100: [ 6 16 18 23 31 41 42 53 64 69 76 85 86 87 91 97 ]
