1: [ 20 29 37 42 46 60 79 82 98 ]
2: [ 13 39 ]
3: [ 7 15 16 17 19 32 36 55 57 70 75 76 87 96 ]
4: [ 5 34 35 60 71 75 79 89 ]
5: [ 4 16 35 41 53 84 89 90 99 ]
6: [ 7 11 33 35 41 45 59 83 ]
7: [ 3 6 9 26 30 47 66 90 ]
8: [ 9 25 28 65 80 ]
9: [ 7 8 11 21 22 29 49 82 99 ]
10: [ 13 68 83 86 100 ]
11: [ 6 9 21 24 35 37 43 57 74 89 90 ]
12: [ 21 26 47 49 66 80 98 ]
13: [ 2 10 15 19 27 28 36 44 45 57 60 69 94 ]
14: [ 18 26 46 51 71 80 96 ]
15: [ 3 13 26 36 37 46 51 58 62 66 67 83 87 92 ]
16: [ 3 5 65 72 79 ]
17: [ 3 27 30 31 37 41 53 54 62 65 69 72 86 96 ]
18: [ 14 26 29 34 36 38 44 69 82 86 93 100 ]
19: [ 3 13 37 42 46 60 74 77 79 94 ]
20: [ 1 24 30 40 41 49 55 58 80 ]
21: [ 9 11 12 30 51 55 66 75 80 97 98 ]
22: [ 9 24 28 30 39 49 50 75 81 86 94 ]
23: [ 33 53 86 94 ]
24: [ 11 20 22 29 35 48 87 ]
25: [ 8 28 44 53 58 75 ]
26: [ 7 12 14 15 18 43 45 51 57 62 66 67 87 91 92 ]
27: [ 13 17 33 35 42 61 62 70 81 85 98 ]
28: [ 8 13 22 25 42 44 47 49 51 56 61 81 87 92 93 96 ]
29: [ 1 9 18 24 38 44 46 52 79 82 91 98 ]
30: [ 7 17 20 21 22 46 55 57 67 73 78 80 98 ]
31: [ 17 40 46 57 67 81 94 100 ]
32: [ 3 34 43 45 63 82 91 94 ]
33: [ 6 23 27 36 54 62 ]
34: [ 4 18 32 60 79 82 85 87 92 94 97 ]
35: [ 4 5 6 11 24 27 39 51 65 67 77 84 85 95 ]
36: [ 3 13 15 18 33 37 42 84 89 ]
37: [ 1 11 15 17 19 36 39 44 61 77 81 83 ]
38: [ 18 29 41 58 63 67 70 79 90 ]
39: [ 2 22 35 37 44 57 71 ]
40: [ 20 31 48 49 52 73 ]
41: [ 5 6 17 20 38 52 53 71 90 93 ]
42: [ 1 19 27 28 36 48 69 86 87 89 94 ]
43: [ 11 26 32 47 49 53 59 65 66 68 72 76 82 ]
44: [ 13 18 25 28 29 37 39 56 65 72 75 79 84 91 94 98 ]
45: [ 6 13 26 32 55 56 79 91 93 ]
46: [ 1 14 15 19 29 30 31 58 60 83 84 100 ]
47: [ 7 12 28 43 52 53 83 92 94 96 97 98 ]
48: [ 24 40 42 67 73 77 ]
49: [ 9 12 20 22 28 40 43 51 52 53 88 89 90 ]
50: [ 22 53 85 93 ]
51: [ 14 15 21 26 28 35 49 55 66 77 89 96 97 ]
52: [ 29 40 41 47 49 56 77 ]
53: [ 5 17 23 25 41 43 47 49 50 77 78 98 ]
54: [ 17 33 62 80 92 ]
55: [ 3 20 21 30 45 51 60 65 73 74 90 94 ]
56: [ 28 44 45 52 70 85 94 ]
57: [ 3 11 13 26 30 31 39 58 68 69 70 72 74 94 ]
58: [ 15 20 25 38 46 57 63 71 80 88 92 ]
59: [ 6 43 ]
60: [ 1 4 13 19 34 46 55 71 72 73 87 93 ]
61: [ 27 28 37 74 ]
62: [ 15 17 26 27 33 54 76 86 89 ]
63: [ 32 38 58 70 83 ]
64: [ 70 83 100 ]
65: [ 8 16 17 35 43 44 55 67 69 75 80 82 84 85 93 95 ]
66: [ 7 12 15 21 26 43 51 77 82 86 100 ]
67: [ 15 26 30 31 35 38 48 65 69 74 75 84 85 89 95 ]
68: [ 10 43 57 76 82 83 ]
69: [ 13 17 18 42 57 65 67 71 72 73 76 77 ]
70: [ 3 27 38 56 57 63 64 82 84 86 96 ]
71: [ 4 14 39 41 58 60 69 89 ]
72: [ 16 17 43 44 57 60 69 90 ]
73: [ 30 40 48 55 60 69 75 81 83 91 93 94 ]
74: [ 11 19 55 57 61 67 ]
75: [ 3 4 21 22 25 44 65 67 73 80 84 ]
76: [ 3 43 62 68 69 83 86 ]
77: [ 19 35 37 48 51 52 53 66 69 84 ]
78: [ 30 53 79 90 92 93 94 ]
79: [ 1 4 16 19 29 34 38 44 45 78 87 92 96 ]
80: [ 8 12 14 20 21 30 54 58 65 75 96 ]
81: [ 22 27 28 31 37 73 82 87 94 ]
82: [ 1 9 18 29 32 34 43 65 66 68 70 81 84 ]
83: [ 6 10 15 37 46 47 63 64 68 73 76 94 95 98 ]
84: [ 5 35 36 44 46 65 67 70 75 77 82 97 ]
85: [ 27 34 35 50 56 65 67 ]
86: [ 10 17 18 22 23 42 62 66 70 76 91 98 ]
87: [ 3 15 24 26 28 34 42 60 79 81 ]
88: [ 49 58 93 95 ]
89: [ 4 5 11 36 42 49 51 62 67 71 91 99 ]
90: [ 5 7 11 38 41 49 55 72 78 ]
91: [ 26 29 32 44 45 73 86 89 95 ]
92: [ 15 26 28 34 47 54 58 78 79 94 ]
93: [ 18 28 41 45 50 60 65 73 78 88 ]
94: [ 13 19 22 23 31 32 34 42 44 47 55 56 57 73 78 81 83 92 98 ]
95: [ 35 65 67 83 88 91 ]
96: [ 3 14 17 28 47 51 70 79 80 ]
97: [ 21 34 47 51 84 ]
98: [ 1 12 21 27 29 30 44 47 53 83 86 94 ]
99: [ 5 9 89 ]
100: [ 10 18 31 46 64 66 ]
