1: [ 2 19 23 24 31 54 66 78 82 88 96 ]
2: [ 1 16 48 81 83 ]
3: [ 4 15 16 17 36 38 40 48 53 73 94 95 ]
4: [ 3 13 39 43 66 68 79 86 90 94 ]
5: [ 18 19 31 38 42 50 67 68 72 78 92 ]
6: [ 7 27 57 95 ]
7: [ 6 13 27 31 53 62 74 76 93 97 ]
8: [ 12 19 26 28 30 89 ]
9: [ 11 32 47 57 61 62 71 83 90 92 ]
10: [ 12 20 37 84 ]
11: [ 9 16 31 33 43 52 60 89 ]
12: [ 8 10 18 26 38 41 42 52 68 75 82 84 ]
13: [ 4 7 65 75 ]
14: [ 15 18 25 26 30 43 48 49 67 77 80 83 91 92 95 ]
15: [ 3 14 20 21 23 32 39 52 55 58 62 63 67 69 73 77 83 88 89 ]
16: [ 2 3 11 47 62 64 68 70 ]
17: [ 3 18 53 59 66 74 78 92 95 ]
18: [ 5 12 14 17 20 37 50 52 59 62 64 65 67 74 85 ]
19: [ 1 5 8 23 36 39 47 49 50 51 68 71 92 96 98 ]
20: [ 10 15 18 29 45 73 74 79 93 ]
21: [ 15 33 42 51 72 92 96 97 ]
22: [ 34 35 39 52 58 63 65 92 98 ]
23: [ 1 15 19 31 45 54 56 72 ]
24: [ 1 28 57 66 87 97 ]
25: [ 14 41 55 59 60 84 ]
26: [ 8 12 14 35 49 69 74 90 ]
27: [ 6 7 36 37 40 44 68 73 79 86 94 95 ]
28: [ 8 24 68 69 77 82 84 87 97 99 ]
29: [ 20 70 ]
30: [ 8 14 50 61 90 97 ]
31: [ 1 5 7 11 23 34 48 54 72 83 88 ]
32: [ 9 15 39 54 65 73 77 78 96 ]
33: [ 11 21 78 80 88 91 94 97 98 99 ]
34: [ 22 31 49 51 56 67 75 82 90 ]
35: [ 22 26 56 64 67 72 86 90 ]
36: [ 3 19 27 39 51 56 66 76 80 84 97 ]
37: [ 10 18 27 56 58 68 76 ]
38: [ 3 5 12 ]
39: [ 4 15 19 22 32 36 42 56 60 75 93 ]
40: [ 3 27 96 99 ]
41: [ 12 25 66 ]
42: [ 5 12 21 39 63 68 77 82 86 95 97 98 99 ]
43: [ 4 11 14 44 78 88 90 97 ]
44: [ 27 43 45 51 65 66 73 93 96 ]
45: [ 20 23 44 69 71 77 83 84 89 98 ]
46: [ 57 80 86 ]
47: [ 9 16 19 88 ]
48: [ 2 3 14 31 53 54 61 75 76 79 84 86 87 94 ]
49: [ 14 19 26 34 54 61 90 99 ]
50: [ 5 18 19 30 51 74 75 77 79 87 ]
51: [ 19 21 34 36 44 50 64 69 70 83 ]
52: [ 11 12 15 18 22 53 56 60 61 64 71 75 96 97 ]
53: [ 3 7 17 48 52 68 69 77 ]
54: [ 1 23 31 32 48 49 60 69 83 89 98 ]
55: [ 15 25 63 70 82 86 ]
56: [ 23 34 35 36 37 39 52 59 64 69 85 94 ]
57: [ 6 9 24 46 58 63 66 72 74 94 ]
58: [ 15 22 37 57 72 ]
59: [ 17 18 25 56 63 67 68 83 93 95 ]
60: [ 11 25 39 52 54 63 66 80 90 92 ]
61: [ 9 30 48 49 52 82 83 85 92 93 94 ]
62: [ 7 9 15 16 18 63 68 78 93 ]
63: [ 15 22 42 55 57 59 60 62 64 69 98 ]
64: [ 16 18 35 51 52 56 63 68 69 70 72 96 ]
65: [ 13 18 22 32 44 87 93 94 ]
66: [ 1 4 17 24 36 41 44 57 60 79 ]
67: [ 5 14 15 18 34 35 59 71 72 99 ]
68: [ 4 5 12 16 19 27 28 37 42 53 59 62 64 73 ]
69: [ 15 26 28 45 51 53 54 56 63 64 82 93 ]
70: [ 16 29 51 55 64 72 84 95 ]
71: [ 9 19 45 52 67 ]
72: [ 5 21 23 31 35 57 58 64 67 70 74 83 85 92 ]
73: [ 3 15 20 27 32 44 68 75 80 84 90 97 ]
74: [ 7 17 18 20 26 50 57 72 76 77 95 ]
75: [ 12 13 34 39 48 50 52 73 81 90 92 ]
76: [ 7 36 37 48 74 ]
77: [ 14 15 28 32 42 45 50 53 74 79 80 82 94 98 ]
78: [ 1 5 17 32 33 43 62 84 96 ]
79: [ 4 20 27 48 50 66 77 90 ]
80: [ 14 33 36 46 60 73 77 ]
81: [ 2 75 82 96 ]
82: [ 1 12 28 34 42 55 61 69 77 81 92 ]
83: [ 2 9 14 15 31 45 51 54 59 61 72 91 97 ]
84: [ 10 12 25 28 36 45 48 70 73 78 ]
85: [ 18 56 61 72 86 94 ]
86: [ 4 27 35 42 46 48 55 85 ]
87: [ 24 28 48 50 65 90 94 98 ]
88: [ 1 15 31 33 43 47 ]
89: [ 8 11 15 45 54 ]
90: [ 4 9 26 30 34 35 43 49 60 73 75 79 87 ]
91: [ 14 33 83 97 ]
92: [ 5 9 14 17 19 21 22 60 61 72 75 82 94 ]
93: [ 7 20 39 44 59 61 62 65 69 ]
94: [ 3 4 27 33 48 56 57 61 65 77 85 87 92 ]
95: [ 3 6 14 17 27 42 59 70 74 ]
96: [ 1 19 21 32 40 44 52 64 78 81 ]
97: [ 7 21 24 28 30 33 36 42 43 52 73 83 91 ]
98: [ 19 22 33 42 45 54 63 77 87 ]
99: [ 28 33 40 42 49 67 ]
100: [ ]
