1: [ 7 21 23 45 53 68 82 85 88 89 ]
2: [ 21 42 ]
3: [ 4 28 29 64 67 72 ]
4: [ 3 10 16 19 49 55 63 71 80 84 94 ]
5: [ 23 33 40 44 60 70 76 81 89 95 96 99 ]
6: [ 22 31 48 55 58 89 93 94 ]
7: [ 1 30 47 68 80 82 ]
8: [ 47 73 88 ]
9: [ 14 23 32 34 51 54 55 88 90 97 ]
10: [ 4 41 66 83 97 ]
11: [ 14 26 27 30 40 42 48 65 69 94 ]
12: [ 20 28 42 64 78 87 97 ]
13: [ 15 20 35 54 56 68 72 73 86 92 ]
14: [ 9 11 15 22 24 41 52 56 70 73 84 85 96 ]
15: [ 13 14 17 32 33 49 76 80 83 ]
16: [ 4 50 69 88 90 ]
17: [ 15 23 67 85 ]
18: [ 30 41 70 ]
19: [ 4 28 40 44 48 60 67 76 93 ]
20: [ 12 13 32 40 49 63 71 87 93 ]
21: [ 1 2 24 44 54 81 96 97 ]
22: [ 6 14 73 81 89 ]
23: [ 1 5 9 17 51 66 68 80 85 ]
24: [ 14 21 35 38 67 76 79 85 98 ]
25: [ 33 51 57 61 65 67 72 74 80 85 ]
26: [ 11 31 56 58 86 88 ]
27: [ 11 28 38 44 65 76 80 83 92 97 ]
28: [ 3 12 19 27 33 36 44 50 55 61 64 67 84 88 89 92 ]
29: [ 3 30 45 87 97 ]
30: [ 7 11 18 29 31 32 47 48 55 69 71 78 85 ]
31: [ 6 26 30 39 42 43 81 83 88 96 100 ]
32: [ 9 15 20 30 34 45 48 93 97 ]
33: [ 5 15 25 28 37 39 55 86 92 93 ]
34: [ 9 32 38 51 73 82 ]
35: [ 13 24 55 63 93 97 ]
36: [ 28 39 61 98 ]
37: [ 33 51 73 79 81 96 ]
38: [ 24 27 34 47 50 69 ]
39: [ 31 33 36 48 57 63 ]
40: [ 5 11 19 20 48 60 72 78 86 88 91 ]
41: [ 10 14 18 44 60 67 72 73 81 88 ]
42: [ 2 11 12 31 44 62 86 ]
43: [ 31 48 91 ]
44: [ 5 19 21 27 28 41 42 54 97 ]
45: [ 1 29 32 47 49 56 68 84 87 ]
46: [ 72 80 84 92 93 94 ]
47: [ 7 8 30 38 45 82 83 87 ]
48: [ 6 11 19 30 32 39 40 43 53 97 ]
49: [ 4 15 20 45 62 74 82 83 ]
50: [ 16 28 38 64 ]
51: [ 9 23 25 34 37 62 63 76 84 92 94 ]
52: [ 14 ]
53: [ 1 48 ]
54: [ 9 13 21 44 74 78 87 ]
55: [ 4 6 9 28 30 33 35 58 64 76 77 85 ]
56: [ 13 14 26 45 66 94 ]
57: [ 25 39 65 92 93 ]
58: [ 6 26 55 71 90 91 94 ]
59: [ 63 65 90 ]
60: [ 5 19 40 41 73 92 99 ]
61: [ 25 28 36 71 83 97 ]
62: [ 42 49 51 66 67 87 ]
63: [ 4 20 35 39 51 59 68 69 76 ]
64: [ 3 12 28 50 55 69 90 ]
65: [ 11 25 27 57 59 85 ]
66: [ 10 23 56 62 67 90 ]
67: [ 3 17 19 24 25 28 41 62 66 73 83 94 95 ]
68: [ 1 7 13 23 45 63 69 ]
69: [ 11 16 30 38 63 64 68 90 ]
70: [ 5 14 18 85 93 ]
71: [ 4 20 30 58 61 ]
72: [ 3 13 25 40 41 46 73 76 86 ]
73: [ 8 13 14 22 34 37 41 60 67 72 96 ]
74: [ 25 49 54 88 95 ]
75: [ 93 98 ]
76: [ 5 15 19 24 27 51 55 63 72 77 82 85 ]
77: [ 55 76 ]
78: [ 12 30 40 54 89 ]
79: [ 24 37 81 ]
80: [ 4 7 15 23 25 27 46 ]
81: [ 5 21 22 31 37 41 79 82 86 92 94 ]
82: [ 1 7 34 47 49 76 81 88 95 ]
83: [ 10 15 27 31 47 49 61 67 ]
84: [ 4 14 28 45 46 51 ]
85: [ 1 14 17 23 24 25 30 55 65 70 76 93 ]
86: [ 13 26 33 40 42 72 81 87 ]
87: [ 12 20 29 45 47 54 62 86 ]
88: [ 1 8 9 16 26 28 31 40 41 74 82 89 99 ]
89: [ 1 5 6 22 28 78 88 93 99 ]
90: [ 9 16 58 59 64 66 69 ]
91: [ 40 43 58 99 ]
92: [ 13 27 28 33 46 51 57 60 81 ]
93: [ 6 19 20 32 33 35 46 57 70 75 85 89 97 ]
94: [ 4 6 11 46 51 56 58 67 81 ]
95: [ 5 67 74 82 ]
96: [ 5 14 21 31 37 73 ]
97: [ 9 10 12 21 27 29 32 35 44 48 61 93 ]
98: [ 24 36 75 ]
99: [ 5 60 88 89 91 100 ]
100: [ 31 99 ]
