1: [ 7 13 16 37 47 48 52 53 83 89 ]
2: [ 9 13 21 28 62 67 74 76 77 85 89 ]
3: [ 4 7 9 14 31 47 53 61 66 77 90 ]
4: [ 3 19 23 33 86 98 ]
5: [ 9 16 31 41 47 50 53 55 64 66 68 74 82 88 94 97 ]
6: [ 17 41 45 49 57 76 78 83 86 91 ]
7: [ 1 3 12 22 32 41 60 94 99 ]
8: [ 29 33 36 47 55 57 68 72 85 89 ]
9: [ 2 3 5 11 24 25 40 53 88 ]
10: [ 14 24 41 68 75 97 99 100 ]
11: [ 9 14 40 52 54 57 70 85 86 ]
12: [ 7 32 38 55 59 65 68 76 89 90 95 ]
13: [ 1 2 16 28 29 48 77 92 ]
14: [ 3 10 11 31 32 35 45 46 74 80 97 ]
15: [ 40 56 72 74 90 ]
16: [ 1 5 13 23 27 31 57 62 67 87 92 95 ]
17: [ 6 27 30 32 48 60 92 100 ]
18: [ 22 25 33 41 55 ]
19: [ 4 27 33 45 46 48 51 72 76 86 87 90 ]
20: [ 35 48 57 81 91 ]
21: [ 2 35 82 93 ]
22: [ 7 18 34 53 63 84 89 99 ]
23: [ 4 16 28 33 48 50 57 68 69 70 74 81 83 97 98 ]
24: [ 9 10 25 26 32 70 73 75 100 ]
25: [ 9 18 24 27 53 86 99 100 ]
26: [ 24 38 39 48 84 85 ]
27: [ 16 17 19 25 42 59 ]
28: [ 2 13 23 41 47 50 81 86 100 ]
29: [ 8 13 32 34 36 51 92 93 99 ]
30: [ 17 32 87 ]
31: [ 3 5 14 16 35 41 55 58 70 74 85 86 89 ]
32: [ 7 12 14 17 24 29 30 58 79 83 ]
33: [ 4 8 18 19 23 40 65 85 93 ]
34: [ 22 29 45 58 78 81 98 ]
35: [ 14 20 21 31 61 66 ]
36: [ 8 29 40 80 ]
37: [ 1 48 49 50 61 74 ]
38: [ 12 26 59 64 72 100 ]
39: [ 26 42 48 50 63 68 72 80 81 89 90 92 95 97 ]
40: [ 9 11 15 33 36 57 60 66 68 71 73 80 81 88 ]
41: [ 5 6 7 10 18 28 31 87 99 ]
42: [ 27 39 43 45 53 54 60 64 72 77 84 93 ]
43: [ 42 69 72 81 97 ]
44: [ 81 ]
45: [ 6 14 19 34 42 60 73 83 84 ]
46: [ 14 19 57 59 68 72 77 81 95 ]
47: [ 1 3 5 8 28 60 69 77 94 ]
48: [ 1 13 17 19 20 23 26 37 39 52 53 54 60 77 90 ]
49: [ 6 37 53 83 ]
50: [ 5 23 28 37 39 62 63 80 91 ]
51: [ 19 29 66 68 ]
52: [ 1 11 48 55 59 62 70 72 73 90 93 94 99 ]
53: [ 1 3 5 9 22 25 42 48 49 66 68 91 ]
54: [ 11 42 48 59 61 62 84 ]
55: [ 5 8 12 18 31 52 67 78 ]
56: [ 15 60 61 67 89 ]
57: [ 6 8 11 16 20 23 40 46 68 78 82 ]
58: [ 31 32 34 73 94 ]
59: [ 12 27 38 46 52 54 60 79 91 96 97 ]
60: [ 7 17 40 42 45 47 48 56 59 72 76 77 79 80 81 83 91 93 ]
61: [ 3 35 37 54 56 64 79 86 90 92 95 96 ]
62: [ 2 16 50 52 54 66 95 ]
63: [ 22 39 50 67 83 ]
64: [ 5 38 42 61 90 92 97 ]
65: [ 12 33 ]
66: [ 3 5 35 40 51 53 62 69 80 88 90 92 94 96 ]
67: [ 2 16 55 56 63 82 97 ]
68: [ 5 8 10 12 23 39 40 46 51 53 57 81 83 86 89 99 ]
69: [ 23 43 47 66 79 89 ]
70: [ 11 23 24 31 52 72 84 88 94 ]
71: [ 40 74 77 ]
72: [ 8 15 19 38 39 42 43 46 52 60 70 88 91 ]
73: [ 24 40 45 52 58 90 ]
74: [ 2 5 14 15 23 31 37 71 77 83 85 87 ]
75: [ 10 24 ]
76: [ 2 6 12 19 60 82 98 ]
77: [ 2 3 13 42 46 47 48 60 71 74 79 88 ]
78: [ 6 34 55 57 79 80 93 ]
79: [ 32 59 60 61 69 77 78 88 96 ]
80: [ 14 36 39 40 50 60 66 78 91 ]
81: [ 20 23 28 34 39 40 43 44 46 60 68 94 99 ]
82: [ 5 21 57 67 76 ]
83: [ 1 6 23 32 45 49 60 63 68 74 84 ]
84: [ 22 26 42 45 54 70 83 86 98 ]
85: [ 2 8 11 26 31 33 74 95 99 ]
86: [ 4 6 11 19 25 28 31 61 68 84 98 99 ]
87: [ 16 19 30 41 74 98 ]
88: [ 5 9 40 66 70 72 77 79 89 94 ]
89: [ 1 2 8 12 22 31 39 56 68 69 88 93 ]
90: [ 3 12 15 19 39 48 52 61 64 66 73 94 ]
91: [ 6 20 50 53 59 60 72 80 ]
92: [ 13 16 17 29 39 61 64 66 ]
93: [ 21 29 33 42 52 60 78 89 ]
94: [ 5 7 47 52 58 66 70 81 88 90 98 ]
95: [ 12 16 39 46 61 62 85 ]
96: [ 59 61 66 79 ]
97: [ 5 10 14 23 39 43 59 64 67 ]
98: [ 4 23 34 76 84 86 87 94 ]
99: [ 7 10 22 25 29 41 52 68 81 85 86 ]
100: [ 10 17 24 25 28 38 ]
