1: [ 14 15 19 24 27 41 46 77 84 95 96 ]
2: [ 17 28 29 32 36 37 41 46 49 56 58 59 96 ]
3: [ 10 50 72 97 99 ]
4: [ 16 17 37 51 56 89 90 ]
5: [ 13 20 34 38 43 44 49 91 97 100 ]
6: [ 10 19 68 ]
7: [ 11 15 27 30 39 55 61 66 72 74 77 84 ]
8: [ 32 40 52 57 82 96 ]
9: [ 13 29 33 35 82 85 ]
10: [ 3 6 14 20 32 51 69 79 84 85 89 95 ]
11: [ 7 16 18 22 23 39 52 76 87 98 ]
12: [ 16 18 27 28 33 41 50 53 67 97 100 ]
13: [ 5 9 14 49 81 ]
14: [ 1 10 13 24 31 40 43 49 60 81 94 96 ]
15: [ 1 7 20 27 38 39 43 46 52 58 96 ]
16: [ 4 11 12 38 60 74 78 88 90 ]
17: [ 2 4 20 28 31 70 ]
18: [ 11 12 41 50 55 59 61 63 69 89 91 93 94 ]
19: [ 1 6 21 22 31 40 44 49 61 65 72 76 78 88 89 91 98 99 ]
20: [ 5 10 15 17 35 40 52 69 72 85 ]
21: [ 19 34 37 39 45 62 70 78 94 ]
22: [ 11 19 29 37 56 76 83 87 ]
23: [ 11 41 42 60 87 ]
24: [ 1 14 25 38 40 44 45 53 70 72 74 76 ]
25: [ 24 37 41 64 72 88 100 ]
26: [ 35 42 46 52 54 64 66 72 84 94 ]
27: [ 1 7 12 15 31 41 42 51 57 70 72 ]
28: [ 2 12 17 37 40 42 44 47 73 94 96 ]
29: [ 2 9 22 30 31 33 40 64 65 86 90 92 ]
30: [ 7 29 32 33 44 88 ]
31: [ 14 17 19 27 29 39 42 50 53 79 85 92 ]
32: [ 2 8 10 30 79 84 ]
33: [ 9 12 29 30 43 56 60 81 82 94 ]
34: [ 5 21 36 45 48 49 54 63 64 65 72 78 82 88 90 99 ]
35: [ 9 20 26 45 56 59 60 81 89 ]
36: [ 2 34 52 ]
37: [ 2 4 21 22 25 28 60 64 68 85 ]
38: [ 5 15 16 24 40 42 67 69 76 87 ]
39: [ 7 11 15 21 31 53 54 79 ]
40: [ 8 14 19 20 24 28 29 38 73 77 81 84 ]
41: [ 1 2 12 18 23 25 27 52 54 63 82 ]
42: [ 23 26 27 28 31 38 46 48 50 57 61 66 68 84 ]
43: [ 5 14 15 33 49 56 78 81 85 90 ]
44: [ 5 19 24 28 30 62 66 74 ]
45: [ 21 24 34 35 62 86 98 ]
46: [ 1 2 15 26 42 47 79 95 ]
47: [ 28 46 55 67 85 86 90 ]
48: [ 34 42 50 57 70 71 87 90 92 ]
49: [ 2 5 13 14 19 34 43 53 58 63 68 ]
50: [ 3 12 18 31 42 48 51 54 63 79 88 89 92 96 ]
51: [ 4 10 27 50 53 75 82 87 98 ]
52: [ 8 11 15 20 26 36 41 53 57 88 ]
53: [ 12 24 31 39 49 51 52 55 56 61 66 68 70 73 85 86 ]
54: [ 26 34 39 41 50 55 ]
55: [ 7 18 47 53 54 61 65 75 89 ]
56: [ 2 4 22 33 35 43 53 68 71 73 85 88 92 ]
57: [ 8 27 42 48 52 70 99 ]
58: [ 2 15 49 85 92 100 ]
59: [ 2 18 35 67 68 74 76 95 ]
60: [ 14 16 23 33 35 37 63 64 77 88 ]
61: [ 7 18 19 42 53 55 68 76 78 ]
62: [ 21 44 45 64 65 82 84 97 ]
63: [ 18 34 41 49 50 60 90 95 ]
64: [ 25 26 29 34 37 60 62 65 81 98 ]
65: [ 19 29 34 55 62 64 69 ]
66: [ 7 26 42 44 53 86 97 ]
67: [ 12 38 47 59 69 ]
68: [ 6 37 42 49 53 56 59 61 79 82 91 ]
69: [ 10 18 20 38 65 67 74 78 87 ]
70: [ 17 21 24 27 48 53 57 96 99 ]
71: [ 48 56 ]
72: [ 3 7 19 20 24 25 26 27 34 75 92 98 ]
73: [ 28 40 53 56 89 ]
74: [ 7 16 24 44 59 69 94 ]
75: [ 51 55 72 78 ]
76: [ 11 19 22 24 38 59 61 83 96 97 ]
77: [ 1 7 40 60 86 95 ]
78: [ 16 19 21 34 43 61 69 75 86 88 90 ]
79: [ 10 31 32 39 46 50 68 91 94 ]
80: [ 82 ]
81: [ 13 14 33 35 40 43 64 90 ]
82: [ 8 9 33 34 41 51 62 68 80 85 87 89 91 98 ]
83: [ 22 76 86 88 100 ]
84: [ 1 7 10 26 32 40 42 62 ]
85: [ 9 10 20 31 37 43 47 53 56 58 82 98 ]
86: [ 29 45 47 53 66 77 78 83 96 ]
87: [ 11 22 23 38 48 51 69 82 90 100 ]
88: [ 16 19 25 30 34 50 52 56 60 78 83 96 ]
89: [ 4 10 18 19 35 50 55 73 82 ]
90: [ 4 16 29 34 43 47 48 63 78 81 87 ]
91: [ 5 18 19 68 79 82 96 ]
92: [ 29 31 48 50 56 58 72 ]
93: [ 18 ]
94: [ 14 18 21 26 28 33 74 79 98 ]
95: [ 1 10 46 59 63 77 ]
96: [ 1 2 8 14 15 28 50 70 76 86 88 91 99 ]
97: [ 3 5 12 62 66 76 ]
98: [ 11 19 45 51 64 72 82 85 94 ]
99: [ 3 19 34 57 70 96 ]
100: [ 5 12 25 58 83 87 ]
