1: [ 2 6 42 61 63 73 76 90 ]
2: [ 1 21 55 56 59 60 63 90 91 ]
3: [ 19 26 40 42 47 51 66 ]
4: [ 10 35 41 50 54 56 62 73 91 95 ]
5: [ 16 17 31 41 49 50 53 58 73 83 94 ]
6: [ 1 21 31 62 97 ]
7: [ 14 20 22 37 62 67 73 76 81 82 86 91 97 ]
8: [ 16 21 27 41 65 72 ]
9: [ 35 54 57 79 95 ]
10: [ 4 14 15 17 26 69 81 85 86 ]
11: [ 25 27 40 75 86 87 99 ]
12: [ 30 40 41 49 51 64 73 83 84 86 89 ]
13: [ 36 56 70 76 84 91 96 ]
14: [ 7 10 24 30 32 42 60 66 87 ]
15: [ 10 24 37 41 66 74 ]
16: [ 5 8 17 20 24 29 32 41 58 63 75 77 90 ]
17: [ 5 10 16 19 59 82 89 90 97 ]
18: [ 20 21 51 94 ]
19: [ 3 17 21 44 52 54 58 60 69 77 89 ]
20: [ 7 16 18 56 67 76 86 ]
21: [ 2 6 8 18 19 24 39 55 65 70 84 93 96 98 ]
22: [ 7 44 70 88 ]
23: [ 45 76 77 80 94 ]
24: [ 14 15 16 21 43 50 69 74 85 ]
25: [ 11 38 49 52 60 70 87 89 ]
26: [ 3 10 32 35 49 58 69 71 72 76 90 95 ]
27: [ 8 11 60 70 80 97 ]
28: [ 60 ]
29: [ 16 63 74 77 96 100 ]
30: [ 12 14 32 69 82 ]
31: [ 5 6 44 74 ]
32: [ 14 16 26 30 34 35 63 65 72 79 84 94 ]
33: [ 34 37 41 44 55 59 62 76 94 ]
34: [ 32 33 35 50 51 66 72 91 ]
35: [ 4 9 26 32 34 37 69 93 ]
36: [ 13 41 59 67 87 ]
37: [ 7 15 33 35 47 49 51 67 76 88 ]
38: [ 25 39 77 ]
39: [ 21 38 87 ]
40: [ 3 11 12 49 53 62 63 68 77 84 86 97 99 ]
41: [ 4 5 8 12 15 16 33 36 43 48 64 65 75 100 ]
42: [ 1 3 14 56 60 66 67 76 79 82 88 ]
43: [ 24 41 53 65 79 88 93 ]
44: [ 19 22 31 33 47 52 67 ]
45: [ 23 51 67 99 ]
46: [ 73 74 76 80 ]
47: [ 3 37 44 72 83 ]
48: [ 41 49 86 87 92 94 97 99 ]
49: [ 5 12 25 26 37 40 48 58 59 71 73 95 ]
50: [ 4 5 24 34 59 97 ]
51: [ 3 12 18 34 37 45 61 65 73 97 ]
52: [ 19 25 44 59 71 78 83 85 ]
53: [ 5 40 43 60 62 64 70 99 ]
54: [ 4 9 19 86 90 94 ]
55: [ 2 21 33 78 83 ]
56: [ 2 4 13 20 42 66 92 ]
57: [ 9 61 75 82 89 91 ]
58: [ 5 16 19 26 49 60 63 67 72 80 82 91 ]
59: [ 2 17 33 36 49 50 52 70 74 82 90 ]
60: [ 2 14 19 25 27 28 42 53 58 62 65 84 85 99 ]
61: [ 1 51 57 62 68 78 81 88 ]
62: [ 4 6 7 33 40 53 60 61 69 86 95 97 ]
63: [ 1 2 16 29 32 40 58 69 ]
64: [ 12 41 53 82 89 ]
65: [ 8 21 32 41 43 51 60 73 83 90 ]
66: [ 3 14 15 34 42 56 75 87 ]
67: [ 7 20 36 37 42 44 45 58 70 81 88 ]
68: [ 40 61 ]
69: [ 10 19 24 26 30 35 62 63 71 76 86 95 96 ]
70: [ 13 21 22 25 27 53 59 67 79 91 ]
71: [ 26 49 52 69 74 ]
72: [ 8 26 32 34 47 58 87 93 ]
73: [ 1 4 5 7 12 46 49 51 65 97 99 ]
74: [ 15 24 29 31 46 59 71 85 86 ]
75: [ 11 16 41 57 66 82 85 ]
76: [ 1 7 13 20 23 26 33 37 42 46 69 77 78 79 ]
77: [ 16 19 23 29 38 40 76 93 94 96 ]
78: [ 52 55 61 76 98 ]
79: [ 9 32 42 43 70 76 84 ]
80: [ 23 27 46 58 84 ]
81: [ 7 10 61 67 93 ]
82: [ 7 17 30 42 57 58 59 64 75 ]
83: [ 5 12 47 52 55 65 87 ]
84: [ 12 13 21 32 40 60 79 80 87 94 ]
85: [ 10 24 52 60 74 75 ]
86: [ 7 10 11 12 20 40 48 54 62 69 74 93 ]
87: [ 11 14 25 36 39 48 66 72 83 84 98 99 ]
88: [ 22 37 42 43 61 67 89 93 96 ]
89: [ 12 17 19 25 57 64 88 ]
90: [ 1 2 16 17 26 54 59 65 91 95 ]
91: [ 2 4 7 13 34 57 58 70 90 98 ]
92: [ 48 56 ]
93: [ 21 35 43 72 77 81 86 88 99 ]
94: [ 5 18 23 32 33 48 54 77 84 ]
95: [ 4 9 26 49 62 69 90 96 ]
96: [ 13 21 29 69 77 88 95 99 ]
97: [ 6 7 17 27 40 48 50 51 62 73 98 ]
98: [ 21 78 87 91 97 100 ]
99: [ 11 40 45 48 53 60 73 87 93 96 ]
100: [ 29 41 98 ]
