1: [ 34 39 47 78 92 98 ]
2: [ 6 23 39 40 41 60 62 65 67 ]
3: [ 51 81 92 98 ]
4: [ 9 20 27 34 60 68 75 77 79 ]
5: [ 6 80 90 94 98 ]
6: [ 2 5 21 22 25 39 42 54 64 67 90 100 ]
7: [ 22 77 85 87 94 100 ]
8: [ 10 13 16 18 27 56 82 95 ]
9: [ 4 14 53 74 ]
10: [ 8 21 24 46 54 65 67 ]
11: [ 21 45 50 53 54 ]
12: [ 24 27 42 51 54 86 91 94 97 ]
13: [ 8 29 31 55 83 85 ]
14: [ 9 34 52 56 69 99 ]
15: [ 26 29 40 48 56 60 72 82 86 93 95 ]
16: [ 8 26 41 45 54 72 92 100 ]
17: [ 23 30 32 46 50 77 88 98 ]
18: [ 8 27 38 44 69 70 72 83 85 ]
19: [ 22 56 97 ]
20: [ 4 25 30 36 41 43 44 65 69 70 85 89 90 94 ]
21: [ 6 10 11 42 50 54 66 70 90 97 ]
22: [ 6 7 19 69 71 80 85 90 ]
23: [ 2 17 31 48 49 56 82 ]
24: [ 10 12 25 36 41 43 44 45 46 48 65 67 ]
25: [ 6 20 24 30 32 49 57 61 68 69 85 90 ]
26: [ 15 16 68 83 85 ]
27: [ 4 8 12 18 49 93 ]
28: [ 34 49 56 65 69 71 81 91 95 ]
29: [ 13 15 39 69 80 ]
30: [ 17 20 25 42 44 59 65 74 75 87 100 ]
31: [ 13 23 34 48 51 52 62 69 90 98 ]
32: [ 17 25 46 57 68 74 ]
33: [ 50 56 68 73 ]
34: [ 1 4 14 28 31 56 74 84 85 94 95 ]
35: [ 43 72 74 81 82 90 92 99 ]
36: [ 20 24 43 71 74 ]
37: [ 38 71 80 ]
38: [ 18 37 55 61 85 87 ]
39: [ 1 2 6 29 43 55 65 80 88 92 ]
40: [ 2 15 60 62 ]
41: [ 2 16 20 24 53 66 70 85 100 ]
42: [ 6 12 21 30 64 65 72 77 85 93 ]
43: [ 20 24 35 36 39 74 92 ]
44: [ 18 20 24 30 63 66 67 72 77 89 95 ]
45: [ 11 16 24 48 51 54 66 80 81 89 100 ]
46: [ 10 17 24 32 47 60 62 71 92 ]
47: [ 1 46 90 91 ]
48: [ 15 23 24 31 45 70 74 77 84 85 92 94 98 ]
49: [ 23 25 27 28 64 81 ]
50: [ 11 17 21 33 55 84 90 97 ]
51: [ 3 12 31 45 55 56 62 65 70 82 97 ]
52: [ 14 31 64 72 85 ]
53: [ 9 11 41 58 61 78 80 97 ]
54: [ 6 10 11 12 16 21 45 68 78 82 ]
55: [ 13 38 39 50 51 60 68 76 87 100 ]
56: [ 8 14 15 19 23 28 33 34 51 59 66 71 89 ]
57: [ 25 32 73 81 ]
58: [ 53 75 84 93 96 99 ]
59: [ 30 56 92 97 ]
60: [ 2 4 15 40 46 55 ]
61: [ 25 38 53 67 69 85 88 ]
62: [ 2 31 40 46 51 78 81 85 94 95 100 ]
63: [ 44 68 ]
64: [ 6 42 49 52 65 ]
65: [ 2 10 20 24 28 30 39 42 51 64 ]
66: [ 21 41 44 45 56 75 77 85 ]
67: [ 2 6 10 24 44 61 76 83 93 ]
68: [ 4 25 26 32 33 54 55 63 77 78 94 ]
69: [ 14 18 20 22 25 28 29 31 61 71 75 89 95 97 ]
70: [ 18 20 21 41 48 51 88 90 ]
71: [ 22 28 36 37 46 56 69 76 86 92 93 ]
72: [ 15 16 18 35 42 44 52 93 99 ]
73: [ 33 57 ]
74: [ 9 30 32 34 35 36 43 48 75 76 81 ]
75: [ 4 30 58 66 69 74 76 77 98 ]
76: [ 55 67 71 74 75 80 ]
77: [ 4 7 17 42 44 48 66 68 75 91 ]
78: [ 1 53 54 62 68 82 ]
79: [ 4 89 ]
80: [ 5 22 29 37 39 45 53 76 85 95 ]
81: [ 3 28 35 45 49 57 62 74 87 88 100 ]
82: [ 8 15 23 35 51 54 78 ]
83: [ 13 18 26 67 ]
84: [ 34 48 50 58 87 ]
85: [ 7 13 18 20 22 25 26 34 38 41 42 48 52 61 62 66 80 91 ]
86: [ 12 15 71 95 100 ]
87: [ 7 30 38 55 81 84 93 ]
88: [ 17 39 61 70 81 ]
89: [ 20 44 45 56 69 79 93 ]
90: [ 5 6 20 21 22 25 31 35 47 50 70 97 ]
91: [ 12 28 47 77 85 ]
92: [ 1 3 16 35 39 43 46 48 59 71 100 ]
93: [ 15 27 42 58 67 71 72 87 89 98 ]
94: [ 5 7 12 20 34 48 62 68 ]
95: [ 8 15 28 34 44 62 69 80 86 ]
96: [ 58 ]
97: [ 12 19 21 50 51 53 59 69 90 99 ]
98: [ 1 3 5 17 31 48 75 93 ]
99: [ 14 35 58 72 97 ]
100: [ 6 7 16 30 41 45 55 62 81 86 92 ]
