1: [ 12 24 42 44 65 79 88 ]
2: [ 13 15 44 67 79 82 ]
3: [ 17 21 25 37 53 62 72 75 81 ]
4: [ 18 23 41 55 61 83 ]
5: [ 16 21 22 35 37 52 73 94 ]
6: [ 25 37 50 67 82 97 ]
7: [ 15 20 21 32 53 58 71 77 79 87 89 92 93 ]
8: [ 11 20 36 45 46 58 65 67 84 ]
9: [ 12 16 31 40 41 64 75 ]
10: [ 27 44 76 89 93 96 ]
11: [ 8 19 23 24 25 37 38 52 62 80 98 ]
12: [ 1 9 22 29 37 56 87 90 ]
13: [ 2 18 96 ]
14: [ 68 71 77 91 ]
15: [ 2 7 16 48 50 55 61 72 80 97 ]
16: [ 5 9 15 17 24 32 37 62 74 77 84 ]
17: [ 3 16 37 40 61 66 82 ]
18: [ 4 13 23 27 37 44 67 73 79 88 95 99 ]
19: [ 11 48 53 57 89 92 ]
20: [ 7 8 23 27 33 39 56 61 81 83 93 ]
21: [ 3 5 7 26 30 36 60 71 74 77 88 97 100 ]
22: [ 5 12 42 55 60 64 67 75 80 92 ]
23: [ 4 11 18 20 38 39 43 52 59 68 76 100 ]
24: [ 1 11 16 29 32 36 60 71 77 93 ]
25: [ 3 6 11 41 60 66 74 84 98 ]
26: [ 21 37 43 54 67 71 75 78 84 88 ]
27: [ 10 18 20 33 41 44 45 56 57 63 81 92 98 100 ]
28: [ 39 43 54 78 84 93 ]
29: [ 12 24 33 45 47 71 98 ]
30: [ 21 46 60 61 65 66 77 85 90 93 97 ]
31: [ 9 43 49 70 81 83 88 ]
32: [ 7 16 24 65 68 71 83 ]
33: [ 20 27 29 41 47 67 69 73 76 ]
34: [ 55 65 69 74 87 89 98 ]
35: [ 5 83 99 ]
36: [ 8 21 24 40 49 57 79 89 ]
37: [ 3 5 6 11 12 16 17 18 26 56 62 71 78 97 ]
38: [ 11 23 39 59 63 70 81 92 ]
39: [ 20 23 28 38 71 91 ]
40: [ 9 17 36 52 54 56 65 83 89 91 ]
41: [ 4 9 25 27 33 42 47 70 75 76 84 87 ]
42: [ 1 22 41 53 60 77 78 ]
43: [ 23 26 28 31 59 77 96 98 ]
44: [ 1 2 10 18 27 47 53 67 71 95 97 ]
45: [ 8 27 29 46 47 50 60 62 73 95 97 99 ]
46: [ 8 30 45 51 70 77 83 89 ]
47: [ 29 33 41 44 45 60 61 81 94 ]
48: [ 15 19 59 60 61 65 66 81 82 94 ]
49: [ 31 36 78 98 ]
50: [ 6 15 45 84 95 99 ]
51: [ 46 52 79 83 92 ]
52: [ 5 11 23 40 51 55 89 99 100 ]
53: [ 3 7 19 42 44 77 89 98 ]
54: [ 26 28 40 58 72 78 96 97 ]
55: [ 4 15 22 34 52 57 82 89 92 ]
56: [ 12 20 27 37 40 64 65 81 88 92 93 ]
57: [ 19 27 36 55 59 70 72 74 77 84 94 ]
58: [ 7 8 54 65 66 67 ]
59: [ 23 38 43 48 57 71 87 94 98 ]
60: [ 21 22 24 25 30 42 45 47 48 62 70 96 98 ]
61: [ 4 15 17 20 30 47 48 66 72 77 92 99 ]
62: [ 3 11 16 37 45 60 66 70 91 95 97 ]
63: [ 27 38 66 86 97 ]
64: [ 9 22 56 65 67 77 88 100 ]
65: [ 1 8 30 32 34 40 48 56 58 64 78 86 96 97 ]
66: [ 17 25 30 48 58 61 62 63 83 100 ]
67: [ 2 6 8 18 22 26 33 44 58 64 74 83 86 96 97 99 ]
68: [ 14 23 32 85 99 ]
69: [ 33 34 ]
70: [ 31 38 41 46 57 60 62 82 94 100 ]
71: [ 7 14 21 24 26 29 32 37 39 44 59 81 87 88 91 ]
72: [ 3 15 54 57 61 89 92 ]
73: [ 5 18 33 45 83 96 ]
74: [ 16 21 25 34 57 67 91 100 ]
75: [ 3 9 22 26 41 95 ]
76: [ 10 23 33 41 ]
77: [ 7 14 16 21 24 30 42 43 46 53 57 61 64 94 96 ]
78: [ 26 28 37 42 49 54 65 86 97 ]
79: [ 1 2 7 18 36 51 83 89 90 96 ]
80: [ 11 15 22 95 96 ]
81: [ 3 20 27 31 38 47 48 56 71 96 ]
82: [ 2 6 17 48 55 70 86 95 ]
83: [ 4 20 31 32 35 40 46 51 66 67 73 79 85 ]
84: [ 8 16 25 26 28 41 50 57 ]
85: [ 30 68 83 89 ]
86: [ 63 65 67 78 82 89 97 ]
87: [ 7 12 34 41 59 71 ]
88: [ 1 18 21 26 31 56 64 71 ]
89: [ 7 10 19 34 36 40 46 52 53 55 72 79 85 86 97 ]
90: [ 12 30 79 ]
91: [ 14 39 40 62 71 74 ]
92: [ 7 19 22 27 38 51 55 56 61 72 95 100 ]
93: [ 7 10 20 24 28 30 56 98 ]
94: [ 5 47 48 57 59 70 77 95 ]
95: [ 18 44 45 50 62 75 80 82 92 94 ]
96: [ 10 13 43 54 60 65 67 73 77 79 80 81 ]
97: [ 6 15 21 30 37 44 45 54 62 63 65 67 78 86 89 ]
98: [ 11 25 27 29 34 43 49 53 59 60 93 ]
99: [ 18 35 45 50 52 61 67 68 ]
100: [ 21 23 27 52 64 66 70 74 92 ]
