1: [ 29 31 46 82 88 96 ]
2: [ 10 22 30 40 51 52 59 60 62 70 89 95 ]
3: [ 33 41 54 57 58 90 96 ]
4: [ 32 68 ]
5: [ 18 30 50 70 79 80 83 84 86 94 ]
6: [ 8 18 26 29 32 73 80 92 ]
7: [ 25 37 40 45 48 51 58 61 75 87 88 ]
8: [ 6 32 53 58 66 74 91 ]
9: [ 25 41 42 61 66 82 91 ]
10: [ 2 20 24 31 33 35 36 53 55 66 82 94 98 ]
11: [ 15 40 41 45 ]
12: [ 24 33 38 64 74 ]
13: [ 17 20 28 29 40 60 86 97 ]
14: [ 18 20 32 65 66 67 71 82 83 ]
15: [ 11 20 35 46 61 64 81 93 97 ]
16: [ 21 61 67 85 93 ]
17: [ 13 23 39 53 ]
18: [ 5 6 14 26 37 73 77 90 99 ]
19: [ 23 37 43 62 65 94 97 ]
20: [ 10 13 14 15 21 30 49 50 65 72 81 87 89 ]
21: [ 16 20 25 28 56 60 61 66 ]
22: [ 2 26 35 37 43 55 67 80 83 87 93 ]
23: [ 17 19 32 45 50 57 61 62 71 76 ]
24: [ 10 12 43 70 81 97 ]
25: [ 7 9 21 42 44 53 65 ]
26: [ 6 18 22 39 46 50 63 66 90 96 ]
27: [ 33 41 57 87 96 ]
28: [ 13 21 29 58 82 85 ]
29: [ 1 6 13 28 42 46 53 56 83 87 ]
30: [ 2 5 20 45 56 79 91 100 ]
31: [ 1 10 51 56 97 ]
32: [ 4 6 8 14 23 50 53 63 66 75 80 81 ]
33: [ 3 10 12 27 40 63 87 ]
34: [ 45 58 62 71 75 95 100 ]
35: [ 10 15 22 36 49 70 73 89 97 ]
36: [ 10 35 42 70 89 95 98 ]
37: [ 7 18 19 22 40 57 61 69 85 ]
38: [ 12 75 79 ]
39: [ 17 26 61 100 ]
40: [ 2 7 11 13 33 37 45 57 61 64 80 82 85 100 ]
41: [ 3 9 11 27 42 51 68 ]
42: [ 9 25 29 36 41 46 51 57 74 85 ]
43: [ 19 22 24 46 65 70 79 93 ]
44: [ 25 51 63 67 ]
45: [ 7 11 23 30 34 40 51 56 69 93 97 ]
46: [ 1 15 26 29 42 43 71 ]
47: [ 57 60 74 87 ]
48: [ 7 50 97 ]
49: [ 20 35 67 74 82 99 ]
50: [ 5 20 23 26 32 48 52 53 63 79 90 ]
51: [ 2 7 31 41 42 44 45 68 76 ]
52: [ 2 50 68 ]
53: [ 8 10 17 25 29 32 50 54 56 60 66 72 79 91 93 ]
54: [ 3 53 83 90 93 ]
55: [ 10 22 57 91 ]
56: [ 21 29 30 31 45 53 63 69 70 ]
57: [ 3 23 27 37 40 42 47 55 ]
58: [ 3 7 8 28 34 64 68 ]
59: [ 2 82 88 ]
60: [ 2 13 21 47 53 ]
61: [ 7 9 15 16 21 23 37 39 40 65 74 75 96 97 ]
62: [ 2 19 23 34 79 83 92 95 ]
63: [ 26 32 33 44 50 56 92 98 ]
64: [ 12 15 40 58 70 84 91 99 ]
65: [ 14 19 20 25 43 61 75 78 82 92 ]
66: [ 8 9 10 14 21 26 32 53 70 ]
67: [ 14 16 22 44 49 72 73 76 77 88 ]
68: [ 4 41 51 52 58 93 97 ]
69: [ 37 45 56 86 94 ]
70: [ 2 5 24 35 36 43 56 64 66 71 79 96 100 ]
71: [ 14 23 34 46 70 76 ]
72: [ 20 53 67 87 ]
73: [ 6 18 35 67 81 ]
74: [ 8 12 42 47 49 61 85 90 ]
75: [ 7 32 34 38 61 65 ]
76: [ 23 51 67 71 80 85 91 ]
77: [ 18 67 90 94 ]
78: [ 65 91 ]
79: [ 5 30 38 43 50 53 62 70 ]
80: [ 5 6 22 32 40 76 97 98 ]
81: [ 15 20 24 32 73 ]
82: [ 1 9 10 14 28 40 49 59 65 85 ]
83: [ 5 14 22 29 54 62 ]
84: [ 5 64 ]
85: [ 16 28 37 40 42 74 76 82 86 90 96 ]
86: [ 5 13 69 85 99 ]
87: [ 7 20 22 27 29 33 47 72 91 ]
88: [ 1 7 59 67 ]
89: [ 2 20 35 36 90 ]
90: [ 3 18 26 50 54 74 77 85 89 ]
91: [ 8 9 30 53 55 64 76 78 87 99 ]
92: [ 6 62 63 65 97 ]
93: [ 15 16 22 43 45 53 54 68 ]
94: [ 5 10 19 69 77 ]
95: [ 2 34 36 62 ]
96: [ 1 3 26 27 61 70 85 ]
97: [ 13 15 19 24 31 35 45 48 61 68 80 92 ]
98: [ 10 36 63 80 ]
99: [ 18 49 64 86 91 ]
100: [ 30 34 39 40 70 ]
