1: [ 22 46 52 81 91 ]
2: [ 7 9 11 25 29 66 67 90 91 95 ]
3: [ 6 10 17 32 34 40 54 69 72 79 83 89 91 ]
4: [ 32 47 51 67 72 81 90 92 95 ]
5: [ 6 46 78 84 86 ]
6: [ 3 5 12 19 23 29 38 43 68 72 78 88 89 93 ]
7: [ 2 12 22 30 31 93 95 ]
8: [ 12 20 34 37 72 75 88 93 ]
9: [ 2 13 33 63 65 72 75 96 ]
10: [ 3 11 21 46 48 54 69 72 97 ]
11: [ 2 10 12 15 17 19 31 47 66 85 ]
12: [ 6 7 8 11 13 15 20 22 23 25 32 43 98 ]
13: [ 9 12 16 18 50 53 61 65 67 79 88 99 ]
14: [ 15 25 30 38 39 46 51 74 80 81 87 ]
15: [ 11 12 14 17 25 34 38 60 66 78 84 95 99 ]
16: [ 13 ]
17: [ 3 11 15 24 30 41 43 56 71 75 76 77 81 98 ]
18: [ 13 25 38 62 71 97 ]
19: [ 6 11 20 35 46 49 67 76 77 85 91 93 ]
20: [ 8 12 19 21 27 82 84 87 96 ]
21: [ 10 20 39 44 61 62 64 66 71 88 92 ]
22: [ 1 7 12 43 65 75 83 85 86 88 93 ]
23: [ 6 12 25 30 42 63 64 66 69 76 ]
24: [ 17 27 36 93 ]
25: [ 2 12 14 15 18 23 27 33 35 41 46 71 86 97 100 ]
26: [ 40 61 62 71 73 ]
27: [ 20 24 25 32 34 61 68 71 79 81 86 94 ]
28: [ 36 50 65 82 ]
29: [ 2 6 41 44 47 66 68 78 97 ]
30: [ 7 14 17 23 75 89 91 98 100 ]
31: [ 7 11 75 76 81 87 90 92 ]
32: [ 3 4 12 27 60 69 70 86 94 ]
33: [ 9 25 35 43 56 58 62 67 82 95 ]
34: [ 3 8 15 27 42 45 85 92 ]
35: [ 19 25 33 47 50 55 60 66 76 81 94 ]
36: [ 24 28 52 53 68 81 82 85 98 ]
37: [ 8 38 96 ]
38: [ 6 14 15 18 37 41 44 45 57 63 70 86 ]
39: [ 14 21 40 75 ]
40: [ 3 26 39 50 53 58 66 91 ]
41: [ 17 25 29 38 50 73 82 83 92 98 ]
42: [ 23 34 58 62 65 95 96 98 ]
43: [ 6 12 17 22 33 46 47 50 51 57 58 69 76 77 80 84 94 ]
44: [ 21 29 38 51 72 ]
45: [ 34 38 47 49 53 61 65 66 72 90 ]
46: [ 1 5 10 14 19 25 43 47 67 68 75 85 86 90 92 98 ]
47: [ 4 11 29 35 43 45 46 71 80 82 97 ]
48: [ 10 49 ]
49: [ 19 45 48 80 84 ]
50: [ 13 28 35 40 41 43 66 68 71 76 90 ]
51: [ 4 14 43 44 54 99 ]
52: [ 1 36 55 93 ]
53: [ 13 36 40 45 57 64 72 75 85 94 ]
54: [ 3 10 51 75 84 90 95 ]
55: [ 35 52 86 98 ]
56: [ 17 33 85 95 ]
57: [ 38 43 53 61 72 91 ]
58: [ 33 40 42 43 65 78 ]
59: [ 61 71 75 ]
60: [ 15 32 35 61 66 86 95 ]
61: [ 13 21 26 27 45 57 59 60 82 90 ]
62: [ 18 21 26 33 42 66 68 83 90 ]
63: [ 9 23 38 71 79 81 ]
64: [ 21 23 53 68 79 98 ]
65: [ 9 13 22 28 42 45 58 71 76 85 90 ]
66: [ 2 11 15 21 23 29 35 40 45 50 60 62 84 95 ]
67: [ 2 4 13 19 33 46 73 ]
68: [ 6 27 29 36 46 50 62 64 72 78 92 ]
69: [ 3 10 23 32 43 81 89 90 ]
70: [ 32 38 92 ]
71: [ 17 18 21 25 26 27 47 50 59 63 65 87 91 ]
72: [ 3 4 6 8 9 10 44 45 53 57 68 81 93 97 ]
73: [ 26 41 67 76 96 ]
74: [ 14 87 95 ]
75: [ 8 9 17 22 30 31 39 46 53 54 59 81 82 99 ]
76: [ 17 19 23 31 35 43 50 65 73 77 95 ]
77: [ 17 19 43 76 ]
78: [ 5 6 15 29 58 68 89 95 ]
79: [ 3 13 27 63 64 82 86 90 92 95 97 98 ]
80: [ 14 43 47 49 94 ]
81: [ 1 4 14 17 27 31 35 36 63 69 72 75 85 86 89 96 ]
82: [ 20 28 33 36 41 47 61 75 79 86 89 99 ]
83: [ 3 22 41 62 ]
84: [ 5 15 20 43 49 54 66 90 ]
85: [ 11 19 22 34 36 46 53 56 65 81 88 89 92 ]
86: [ 5 22 25 27 32 38 46 55 60 79 81 82 91 96 ]
87: [ 14 20 31 71 74 98 ]
88: [ 6 8 13 21 22 85 ]
89: [ 3 6 30 69 78 81 82 85 92 95 ]
90: [ 2 4 31 45 46 50 54 61 62 65 69 79 84 ]
91: [ 1 2 3 19 30 40 57 71 86 92 97 ]
92: [ 4 21 31 34 41 46 68 70 79 85 89 91 98 100 ]
93: [ 6 7 8 19 22 24 52 72 ]
94: [ 27 32 35 43 53 80 ]
95: [ 2 4 7 15 33 42 54 56 60 66 74 76 78 79 89 ]
96: [ 9 20 37 42 73 81 86 97 ]
97: [ 10 18 25 29 47 72 79 91 96 ]
98: [ 12 17 30 36 41 42 46 55 64 79 87 92 ]
99: [ 13 15 51 75 82 100 ]
100: [ 25 30 92 99 ]
