1: [ 94 98 ]
2: [ 12 16 32 34 50 51 77 91 93 100 ]
3: [ 14 21 27 39 48 54 58 60 62 63 71 75 79 ]
4: [ 53 91 ]
5: [ 66 81 83 92 ]
6: [ 10 24 30 32 38 46 49 97 ]
7: [ 46 48 68 ]
8: [ 20 27 45 52 58 66 94 ]
9: [ 13 25 26 47 52 58 63 71 80 97 ]
10: [ 6 13 42 50 57 78 97 ]
11: [ 15 37 38 41 71 88 ]
12: [ 2 33 34 49 53 59 63 64 70 75 83 88 96 ]
13: [ 9 10 23 25 72 84 90 94 ]
14: [ 3 38 51 62 70 84 ]
15: [ 11 21 56 65 91 ]
16: [ 2 21 22 31 51 52 58 98 ]
17: [ 42 59 76 ]
18: [ 58 64 81 92 93 94 100 ]
19: [ 20 22 53 63 76 78 82 ]
20: [ 8 19 23 40 43 57 58 76 ]
21: [ 3 15 16 34 35 64 90 ]
22: [ 16 19 45 50 64 76 83 89 98 ]
23: [ 13 20 26 40 52 53 55 57 78 79 82 93 ]
24: [ 6 64 72 79 82 ]
25: [ 9 13 40 43 49 93 97 ]
26: [ 9 23 38 41 43 67 80 ]
27: [ 3 8 47 89 94 ]
28: [ 88 ]
29: [ 37 52 62 69 ]
30: [ 6 59 80 85 98 ]
31: [ 16 40 44 45 50 89 96 ]
32: [ 2 6 38 58 61 62 64 91 100 ]
33: [ 12 41 54 65 82 86 89 93 97 ]
34: [ 2 12 21 49 54 72 87 92 ]
35: [ 21 51 56 59 76 88 ]
36: [ 44 51 55 56 62 71 87 89 96 ]
37: [ 11 29 43 45 50 55 62 63 70 71 80 86 88 91 94 ]
38: [ 6 11 14 26 32 47 57 63 71 73 83 88 92 93 ]
39: [ 3 55 64 ]
40: [ 20 23 25 31 51 89 93 ]
41: [ 11 26 33 44 48 ]
42: [ 10 17 43 46 52 58 63 76 79 83 93 ]
43: [ 20 25 26 37 42 56 63 64 70 76 87 91 99 ]
44: [ 31 36 41 78 83 84 89 94 ]
45: [ 8 22 31 37 59 66 78 92 ]
46: [ 6 7 42 59 71 86 89 100 ]
47: [ 9 27 38 50 52 55 63 79 100 ]
48: [ 3 7 41 49 50 54 56 64 75 93 ]
49: [ 6 12 25 34 48 56 57 60 68 ]
50: [ 2 10 22 31 37 47 48 56 77 79 81 100 ]
51: [ 2 14 16 35 36 40 55 64 84 89 90 96 ]
52: [ 8 9 16 23 29 42 47 53 54 63 73 82 83 91 92 100 ]
53: [ 4 12 19 23 52 70 80 81 ]
54: [ 3 33 34 48 52 58 59 68 82 83 86 ]
55: [ 23 36 37 39 47 51 60 64 72 80 91 93 95 ]
56: [ 15 35 36 43 48 49 50 62 66 68 75 78 84 93 ]
57: [ 10 20 23 38 49 67 73 ]
58: [ 3 8 9 16 18 20 32 42 54 62 ]
59: [ 12 17 30 35 45 46 54 75 80 ]
60: [ 3 49 55 74 77 90 98 ]
61: [ 32 68 92 ]
62: [ 3 14 29 32 36 37 56 58 79 86 88 ]
63: [ 3 9 12 19 37 38 42 43 47 52 68 71 83 ]
64: [ 12 18 21 22 24 32 39 43 48 51 55 65 66 83 ]
65: [ 15 33 64 76 86 94 96 ]
66: [ 5 8 45 56 64 80 88 ]
67: [ 26 57 71 80 88 92 ]
68: [ 7 49 54 56 61 63 76 85 96 ]
69: [ 29 86 98 ]
70: [ 12 14 37 43 53 76 97 ]
71: [ 3 9 11 36 37 38 46 63 67 76 ]
72: [ 13 24 34 55 82 98 ]
73: [ 38 52 57 ]
74: [ 60 86 ]
75: [ 3 12 48 56 59 78 98 ]
76: [ 17 19 20 22 35 42 43 65 68 70 71 96 ]
77: [ 2 50 60 79 80 83 95 98 ]
78: [ 10 19 23 44 45 56 75 79 81 91 ]
79: [ 3 23 24 42 47 50 62 77 78 84 85 97 ]
80: [ 9 26 30 37 53 55 59 66 67 77 90 99 ]
81: [ 5 18 50 53 78 ]
82: [ 19 23 24 33 52 54 72 86 88 ]
83: [ 5 12 22 38 42 44 52 54 63 64 77 ]
84: [ 13 14 44 51 56 79 ]
85: [ 30 68 79 ]
86: [ 33 37 46 54 62 65 69 74 82 89 ]
87: [ 34 36 43 92 ]
88: [ 11 12 28 35 37 38 62 66 67 82 93 ]
89: [ 22 27 31 33 36 40 44 46 51 86 ]
90: [ 13 21 51 60 80 ]
91: [ 2 4 15 32 37 43 52 55 78 ]
92: [ 5 18 34 38 45 52 61 67 87 ]
93: [ 2 18 23 25 33 38 40 42 48 55 56 88 100 ]
94: [ 1 8 13 18 27 37 44 65 95 97 ]
95: [ 55 77 94 ]
96: [ 12 31 36 51 65 68 76 ]
97: [ 6 9 10 25 33 70 79 94 ]
98: [ 1 16 22 30 60 69 72 75 77 99 ]
99: [ 43 80 98 ]
100: [ 2 18 32 46 47 50 52 93 ]
