1: [ 7 19 28 35 46 47 53 60 63 64 65 73 76 80 82 94 ]
2: [ 4 8 15 19 20 43 45 47 61 66 72 88 97 ]
3: [ 8 11 27 48 67 72 75 96 ]
4: [ 2 23 24 25 28 51 65 80 92 97 ]
5: [ 6 24 50 63 64 66 93 94 97 100 ]
6: [ 5 21 37 49 67 70 96 ]
7: [ 1 13 20 60 61 63 76 88 89 ]
8: [ 2 3 11 26 28 34 67 93 98 ]
9: [ 14 23 24 34 57 60 62 75 76 80 88 89 ]
10: [ 60 62 82 ]
11: [ 3 8 15 43 48 69 75 81 87 92 ]
12: [ 28 32 39 52 53 63 64 77 86 91 96 ]
13: [ 7 16 41 43 44 51 94 99 ]
14: [ 9 18 27 31 44 53 54 62 65 70 73 90 97 98 ]
15: [ 2 11 16 63 64 88 89 90 91 ]
16: [ 13 15 21 26 46 59 62 66 67 70 87 88 94 ]
17: [ 18 25 51 80 85 93 97 ]
18: [ 14 17 33 40 43 45 60 70 76 78 81 97 ]
19: [ 1 2 27 30 33 34 51 79 81 86 87 ]
20: [ 2 7 40 50 61 79 90 98 ]
21: [ 6 16 44 50 54 56 57 64 70 87 94 100 ]
22: [ 24 29 39 55 70 79 87 90 93 ]
23: [ 4 9 28 30 33 42 48 50 73 85 ]
24: [ 4 5 9 22 31 43 60 64 83 ]
25: [ 4 17 33 49 85 95 96 ]
26: [ 8 16 35 48 63 76 79 88 ]
27: [ 3 14 19 34 81 90 ]
28: [ 1 4 8 12 23 60 61 67 84 85 97 ]
29: [ 22 45 69 70 72 74 80 95 ]
30: [ 19 23 33 39 55 82 85 ]
31: [ 14 24 53 61 76 78 83 ]
32: [ 12 43 48 57 68 76 82 87 96 ]
33: [ 18 19 23 25 30 36 46 49 51 60 96 98 99 ]
34: [ 8 9 19 27 41 44 49 57 64 66 73 86 98 ]
35: [ 1 26 72 ]
36: [ 33 59 62 63 69 ]
37: [ 6 48 50 61 64 84 86 94 95 ]
38: [ 49 62 92 100 ]
39: [ 12 22 30 57 62 82 ]
40: [ 18 20 48 75 78 80 84 ]
41: [ 13 34 48 50 51 59 67 70 79 96 ]
42: [ 23 ]
43: [ 2 11 13 18 24 32 52 56 60 64 69 70 82 84 85 89 90 92 ]
44: [ 13 14 21 34 48 66 81 86 ]
45: [ 2 18 29 53 90 94 100 ]
46: [ 1 16 33 49 56 64 68 77 100 ]
47: [ 1 2 48 63 73 80 91 93 99 ]
48: [ 3 11 23 26 32 37 40 41 44 47 53 75 83 86 87 89 93 ]
49: [ 6 25 33 34 38 46 51 62 66 67 69 75 88 91 ]
50: [ 5 20 21 23 37 41 52 68 87 93 94 98 ]
51: [ 4 13 17 19 33 41 49 55 58 66 72 77 78 88 92 96 ]
52: [ 12 43 50 80 86 97 100 ]
53: [ 1 12 14 31 45 48 63 ]
54: [ 14 21 76 98 ]
55: [ 22 30 51 66 70 81 84 ]
56: [ 21 43 46 62 79 ]
57: [ 9 21 32 34 39 60 67 68 76 80 ]
58: [ 51 59 70 71 79 93 95 ]
59: [ 16 36 41 58 60 61 74 82 93 ]
60: [ 1 7 9 10 18 24 28 33 43 57 59 67 79 92 97 98 ]
61: [ 2 7 20 28 31 37 59 68 74 79 91 97 98 ]
62: [ 9 10 14 16 36 38 39 49 56 97 ]
63: [ 1 5 7 12 15 26 36 47 53 71 79 84 ]
64: [ 1 5 12 15 21 24 34 37 43 46 67 70 71 78 80 85 90 ]
65: [ 1 4 14 72 75 77 79 85 ]
66: [ 2 5 16 34 44 49 51 55 69 86 98 ]
67: [ 3 6 8 16 28 41 49 57 60 64 76 83 97 98 99 ]
68: [ 32 46 50 57 61 70 72 99 ]
69: [ 11 29 36 43 49 66 73 75 82 84 87 89 95 98 ]
70: [ 6 14 16 18 21 22 29 41 43 55 58 64 68 74 79 83 96 ]
71: [ 58 63 64 ]
72: [ 2 3 29 35 51 65 68 84 85 86 92 94 ]
73: [ 1 14 23 34 47 69 80 87 88 95 98 ]
74: [ 29 59 61 70 79 ]
75: [ 3 9 11 40 48 49 65 69 85 91 96 97 ]
76: [ 1 7 9 18 26 31 32 54 57 67 83 ]
77: [ 12 46 51 65 84 99 ]
78: [ 18 31 40 51 64 97 ]
79: [ 19 20 22 26 41 56 58 60 61 63 65 70 74 89 99 ]
80: [ 1 4 9 17 29 40 47 52 57 64 73 84 ]
81: [ 11 18 19 27 44 55 84 ]
82: [ 1 10 30 32 39 43 59 69 90 91 ]
83: [ 24 31 48 67 70 76 85 90 ]
84: [ 28 37 40 43 55 63 69 72 77 80 81 ]
85: [ 17 23 25 28 30 43 64 65 72 75 83 86 87 ]
86: [ 12 19 34 37 44 48 52 66 72 85 92 98 ]
87: [ 11 16 19 21 22 32 48 50 69 73 85 88 93 ]
88: [ 2 7 9 15 16 26 49 51 73 87 92 100 ]
89: [ 7 9 15 43 48 69 79 ]
90: [ 14 15 20 22 27 43 45 64 82 83 91 95 ]
91: [ 12 15 47 49 61 75 82 90 ]
92: [ 4 11 38 43 51 60 72 86 88 98 ]
93: [ 5 8 17 22 47 48 50 58 59 87 ]
94: [ 1 5 13 16 21 37 45 50 72 ]
95: [ 25 29 37 58 69 73 90 99 ]
96: [ 3 6 12 25 32 33 41 51 70 75 ]
97: [ 2 4 5 14 17 18 28 52 60 61 62 67 75 78 99 ]
98: [ 8 14 20 33 34 50 54 60 61 66 67 69 73 86 92 ]
99: [ 13 33 47 67 68 77 79 95 97 ]
100: [ 5 21 38 45 46 52 88 ]
