1: [ 20 33 42 56 62 71 80 83 86 ]
2: [ 6 10 54 64 74 ]
3: [ 11 17 33 51 64 67 87 91 ]
4: [ 33 45 54 55 61 72 84 ]
5: [ 15 79 95 ]
6: [ 2 20 32 38 76 86 88 94 ]
7: [ 11 63 70 ]
8: [ 28 34 47 70 75 77 86 88 94 ]
9: [ 19 29 37 49 54 67 76 86 98 ]
10: [ 2 34 36 58 77 94 100 ]
11: [ 3 7 30 31 33 37 44 52 59 65 77 83 86 88 94 ]
12: [ 64 66 ]
13: [ 23 76 88 93 ]
14: [ 21 38 43 50 63 69 70 86 98 ]
15: [ 5 18 26 35 44 45 49 60 75 86 89 92 95 98 99 ]
16: [ 21 36 44 50 55 60 68 73 87 89 93 ]
17: [ 3 21 22 40 42 46 49 64 70 85 95 99 ]
18: [ 15 28 37 68 90 95 ]
19: [ 9 23 36 45 82 94 99 ]
20: [ 1 6 55 65 88 89 95 ]
21: [ 14 16 17 22 29 52 63 78 83 91 92 ]
22: [ 17 21 41 52 55 64 70 75 ]
23: [ 13 19 62 80 90 ]
24: [ 40 62 66 ]
25: [ 37 65 84 ]
26: [ 15 39 49 ]
27: [ 35 49 56 67 73 79 82 92 94 99 ]
28: [ 8 18 29 33 47 49 65 ]
29: [ 9 21 28 38 52 54 80 99 ]
30: [ 11 36 39 45 55 63 69 ]
31: [ 11 60 76 77 80 ]
32: [ 6 44 48 57 65 77 90 94 ]
33: [ 1 3 4 11 28 40 92 98 ]
34: [ 8 10 56 61 64 79 82 89 91 93 96 99 ]
35: [ 15 27 43 45 63 80 83 90 95 ]
36: [ 10 16 19 30 39 44 60 71 78 88 89 ]
37: [ 9 11 18 25 55 76 85 94 95 ]
38: [ 6 14 29 85 ]
39: [ 26 30 36 43 44 61 62 69 73 78 85 92 94 ]
40: [ 17 24 33 52 53 60 61 62 76 80 91 95 ]
41: [ 22 49 55 90 ]
42: [ 1 17 53 73 84 98 100 ]
43: [ 14 35 39 47 48 51 55 78 93 95 ]
44: [ 11 15 16 32 36 39 67 93 ]
45: [ 4 15 19 30 35 54 55 68 87 ]
46: [ 17 52 78 85 89 91 95 99 ]
47: [ 8 28 43 87 92 95 100 ]
48: [ 32 43 53 60 63 65 99 ]
49: [ 9 15 17 26 27 28 41 51 85 87 93 ]
50: [ 14 16 51 64 68 90 ]
51: [ 3 43 49 50 66 69 76 85 95 99 ]
52: [ 11 21 22 29 40 46 61 65 74 78 82 100 ]
53: [ 40 42 48 54 60 65 72 85 86 89 93 ]
54: [ 2 4 9 29 45 53 60 78 94 97 ]
55: [ 4 16 20 22 30 37 41 43 45 90 94 ]
56: [ 1 27 34 83 ]
57: [ 32 59 60 76 81 82 97 100 ]
58: [ 10 68 98 ]
59: [ 11 57 68 69 71 78 89 96 ]
60: [ 15 16 31 36 40 48 53 54 57 70 76 80 96 ]
61: [ 4 34 39 40 52 76 81 85 88 ]
62: [ 1 23 24 39 40 79 80 99 ]
63: [ 7 14 21 30 35 48 69 77 ]
64: [ 2 3 12 17 22 34 50 70 78 85 90 91 92 94 98 ]
65: [ 11 20 25 28 32 48 52 53 67 71 78 81 ]
66: [ 12 24 51 69 74 81 85 93 95 97 98 ]
67: [ 3 9 27 44 65 77 81 91 93 100 ]
68: [ 16 18 45 50 58 59 87 ]
69: [ 14 30 39 51 59 63 66 87 90 ]
70: [ 7 8 14 17 22 60 64 76 82 85 ]
71: [ 1 36 59 65 ]
72: [ 4 53 77 99 ]
73: [ 16 27 39 42 84 96 ]
74: [ 2 52 66 76 95 ]
75: [ 8 15 22 79 94 96 98 ]
76: [ 6 9 13 31 37 40 51 57 60 61 70 74 77 83 91 95 ]
77: [ 8 10 11 31 32 63 67 72 76 96 ]
78: [ 21 36 39 43 46 52 54 59 64 65 89 94 95 ]
79: [ 5 27 34 62 75 83 ]
80: [ 1 23 29 31 35 40 60 62 ]
81: [ 57 61 65 66 67 82 94 100 ]
82: [ 19 27 34 52 57 70 81 85 93 96 ]
83: [ 1 11 21 35 56 76 79 ]
84: [ 4 25 42 73 90 92 ]
85: [ 17 37 38 39 46 49 51 53 61 64 66 70 82 89 ]
86: [ 1 6 8 9 11 14 15 53 93 94 ]
87: [ 3 16 45 47 49 68 69 88 94 98 ]
88: [ 6 8 11 13 20 36 61 87 90 ]
89: [ 15 16 20 34 36 46 53 59 78 85 91 ]
90: [ 18 23 32 35 41 50 55 64 69 84 88 ]
91: [ 3 21 34 40 46 64 67 76 89 92 ]
92: [ 15 21 27 33 39 47 64 84 91 100 ]
93: [ 13 16 34 43 44 49 53 66 67 82 86 94 96 ]
94: [ 6 8 10 11 19 27 32 37 39 54 55 64 75 78 81 86 87 93 95 ]
95: [ 5 15 17 18 20 35 37 40 43 46 47 51 66 74 76 78 94 ]
96: [ 34 59 60 73 75 77 82 93 99 100 ]
97: [ 54 57 66 ]
98: [ 9 14 15 33 42 58 64 66 75 87 ]
99: [ 15 17 19 27 29 34 46 48 51 62 72 96 ]
100: [ 10 42 47 52 57 67 81 92 96 ]
