1: [ 10 11 18 19 28 35 36 71 74 94 ]
2: [ 13 15 26 59 ]
3: [ 12 26 53 74 82 92 ]
4: [ 49 63 67 ]
5: [ 8 12 16 20 31 34 58 70 87 88 89 92 94 ]
6: [ 28 39 79 88 96 ]
7: [ 69 74 93 97 ]
8: [ 5 10 15 18 22 30 36 39 40 44 49 55 68 98 ]
9: [ 13 16 32 40 42 50 67 78 82 86 98 ]
10: [ 1 8 15 19 27 28 41 42 49 50 53 61 76 84 ]
11: [ 1 23 25 27 45 46 ]
12: [ 3 5 30 40 43 47 59 77 ]
13: [ 2 9 18 24 26 29 38 47 62 86 ]
14: [ 29 39 43 73 77 80 100 ]
15: [ 2 8 10 17 36 38 41 71 75 81 92 ]
16: [ 5 9 28 37 48 60 65 75 82 88 99 ]
17: [ 15 27 35 39 42 45 46 52 63 64 88 100 ]
18: [ 1 8 13 28 30 33 57 62 66 69 73 76 79 91 95 97 ]
19: [ 1 10 29 30 32 60 72 84 85 86 90 93 94 96 ]
20: [ 5 24 35 50 63 79 85 99 ]
21: [ 41 49 56 65 66 74 81 83 90 ]
22: [ 8 ]
23: [ 11 39 73 82 98 ]
24: [ 13 20 35 40 43 47 66 67 75 80 ]
25: [ 11 30 71 74 81 82 89 ]
26: [ 2 3 13 36 61 63 66 69 94 ]
27: [ 10 11 17 34 35 36 40 50 52 81 89 ]
28: [ 1 6 10 16 18 37 39 42 47 50 52 62 64 66 74 93 97 ]
29: [ 13 14 19 41 42 ]
30: [ 8 12 18 19 25 53 56 61 74 84 94 ]
31: [ 5 35 39 45 54 63 ]
32: [ 9 19 62 81 ]
33: [ 18 37 40 46 85 91 ]
34: [ 5 27 42 54 55 66 82 ]
35: [ 1 17 20 24 27 31 51 61 68 83 84 90 96 ]
36: [ 1 8 15 26 27 37 51 81 87 97 ]
37: [ 16 28 33 36 48 59 67 78 79 92 97 ]
38: [ 13 15 53 57 62 63 69 ]
39: [ 6 8 14 17 23 28 31 42 43 45 47 48 54 58 59 63 65 71 84 87 99 ]
40: [ 8 9 12 24 27 33 61 70 75 76 81 94 ]
41: [ 10 15 21 29 55 69 93 ]
42: [ 9 10 17 28 29 34 39 62 69 81 89 91 92 94 ]
43: [ 12 14 24 39 53 56 74 78 ]
44: [ 8 56 65 69 79 86 ]
45: [ 11 17 31 39 61 79 ]
46: [ 11 17 33 47 50 86 ]
47: [ 12 13 24 28 39 46 50 54 60 84 100 ]
48: [ 16 37 39 49 70 71 75 ]
49: [ 4 8 10 21 48 63 82 93 95 ]
50: [ 9 10 20 27 28 46 47 53 63 76 82 89 95 ]
51: [ 35 36 74 76 77 82 ]
52: [ 17 27 28 76 ]
53: [ 3 10 30 38 43 50 60 64 75 77 84 92 ]
54: [ 31 34 39 47 76 96 ]
55: [ 8 34 41 66 71 84 99 ]
56: [ 21 30 43 44 60 64 81 83 88 93 94 ]
57: [ 18 38 70 90 ]
58: [ 5 39 61 62 76 77 83 97 99 ]
59: [ 2 12 37 39 90 ]
60: [ 16 19 47 53 56 71 75 82 93 100 ]
61: [ 10 26 30 35 40 45 58 81 82 88 ]
62: [ 13 18 28 32 38 42 58 63 64 73 80 84 ]
63: [ 4 17 20 26 31 38 39 49 50 62 68 72 ]
64: [ 17 28 53 56 62 94 100 ]
65: [ 16 21 39 44 82 83 ]
66: [ 18 21 24 26 28 34 55 81 ]
67: [ 4 9 24 37 80 ]
68: [ 8 35 63 81 84 ]
69: [ 7 18 26 38 41 42 44 85 94 98 ]
70: [ 5 40 48 57 87 ]
71: [ 1 15 25 39 48 55 60 79 83 ]
72: [ 19 63 74 81 93 ]
73: [ 14 18 23 62 74 75 89 95 ]
74: [ 1 3 7 21 25 28 30 43 51 72 73 75 90 95 ]
75: [ 15 16 24 40 48 53 60 73 74 78 81 84 95 ]
76: [ 10 18 40 50 51 52 54 58 77 90 ]
77: [ 12 14 51 53 58 76 93 96 100 ]
78: [ 9 37 43 75 84 85 94 95 ]
79: [ 6 18 20 37 44 45 71 ]
80: [ 14 24 62 67 81 87 96 ]
81: [ 15 21 25 27 32 36 40 42 56 61 66 68 72 75 80 85 ]
82: [ 3 9 16 23 25 34 49 50 51 60 61 65 93 ]
83: [ 21 35 56 58 65 71 88 ]
84: [ 10 19 30 35 39 47 53 55 62 68 75 78 89 90 ]
85: [ 19 20 33 69 78 81 87 ]
86: [ 9 13 19 44 46 ]
87: [ 5 36 39 70 80 85 100 ]
88: [ 5 6 16 17 56 61 83 95 ]
89: [ 5 25 27 42 50 73 84 93 ]
90: [ 19 21 35 57 59 74 76 84 ]
91: [ 18 33 42 97 ]
92: [ 3 5 15 37 42 53 ]
93: [ 7 19 28 41 49 56 60 72 77 82 89 ]
94: [ 1 5 19 26 30 40 42 56 64 69 78 ]
95: [ 18 49 50 73 74 75 78 88 ]
96: [ 6 19 35 54 77 80 ]
97: [ 7 18 28 36 37 58 91 ]
98: [ 8 9 23 69 ]
99: [ 16 20 39 55 58 ]
100: [ 14 17 47 60 64 77 87 ]
