1: [ 3 4 52 54 64 85 94 97 98 ]
2: [ 42 52 55 ]
3: [ 1 4 7 11 16 33 47 84 93 ]
4: [ 1 3 7 9 21 36 37 71 87 91 96 ]
5: [ 43 51 68 ]
6: [ 7 42 46 54 ]
7: [ 3 4 6 20 47 61 84 97 ]
8: [ 13 47 65 74 78 88 93 ]
9: [ 4 21 39 44 57 63 75 76 77 96 ]
10: [ 33 51 91 ]
11: [ 3 24 37 50 52 72 77 78 91 97 ]
12: [ 30 40 42 43 52 57 58 64 65 72 77 79 82 86 ]
13: [ 8 16 23 30 40 50 58 69 79 87 100 ]
14: [ 39 51 63 67 76 85 96 ]
15: [ 28 36 54 62 71 ]
16: [ 3 13 21 25 29 31 34 50 52 54 73 80 88 93 99 ]
17: [ 18 19 28 36 48 64 69 73 74 ]
18: [ 17 21 23 32 33 40 41 50 60 62 71 98 ]
19: [ 17 27 43 55 84 89 91 96 ]
20: [ 7 21 54 56 58 68 76 87 90 94 ]
21: [ 4 9 16 18 20 40 45 76 81 82 86 ]
22: [ 30 38 46 50 58 65 70 86 97 99 100 ]
23: [ 13 18 66 ]
24: [ 11 38 44 61 ]
25: [ 16 28 36 68 69 75 79 93 100 ]
26: [ 28 30 32 38 41 58 ]
27: [ 19 42 44 55 64 73 77 82 94 100 ]
28: [ 15 17 25 26 50 52 71 79 83 86 96 ]
29: [ 16 80 87 91 93 ]
30: [ 12 13 22 26 47 51 57 89 ]
31: [ 16 36 58 96 ]
32: [ 18 26 46 52 60 69 72 89 98 ]
33: [ 3 10 18 45 59 64 ]
34: [ 16 38 40 66 68 81 90 92 ]
35: [ 39 40 55 56 61 69 70 79 83 ]
36: [ 4 15 17 25 31 45 46 57 79 87 99 ]
37: [ 4 11 42 43 46 57 65 ]
38: [ 22 24 26 34 40 45 47 58 64 73 94 ]
39: [ 9 14 35 50 57 59 78 97 ]
40: [ 12 13 18 21 34 35 38 44 51 63 65 97 ]
41: [ 18 26 64 66 73 86 93 ]
42: [ 2 6 12 27 37 45 50 77 90 ]
43: [ 5 12 19 37 47 57 60 61 65 75 77 86 92 94 ]
44: [ 9 24 27 40 59 77 97 ]
45: [ 21 33 36 38 42 76 81 ]
46: [ 6 22 32 36 37 58 67 75 77 80 ]
47: [ 3 7 8 30 38 43 69 71 74 81 82 ]
48: [ 17 63 86 ]
49: [ 60 65 ]
50: [ 11 13 16 18 22 28 39 42 64 85 87 92 ]
51: [ 5 10 14 30 40 65 77 87 ]
52: [ 1 2 11 12 16 28 32 54 65 ]
53: [ 59 71 72 78 79 88 90 ]
54: [ 1 6 15 16 20 52 57 60 79 82 91 ]
55: [ 2 19 27 35 57 75 77 89 ]
56: [ 20 35 59 75 81 84 85 97 ]
57: [ 9 12 30 36 37 39 43 54 55 67 92 94 ]
58: [ 12 13 20 22 26 31 38 46 73 81 82 86 92 95 ]
59: [ 33 39 44 53 56 68 75 90 ]
60: [ 18 32 43 49 54 73 76 90 ]
61: [ 7 24 35 43 73 100 ]
62: [ 15 18 65 69 ]
63: [ 9 14 40 48 92 ]
64: [ 1 12 17 27 33 38 41 50 92 96 97 98 ]
65: [ 8 12 22 37 40 43 49 51 52 62 71 73 97 ]
66: [ 23 34 41 73 85 90 91 ]
67: [ 14 46 57 69 93 ]
68: [ 5 20 25 34 59 81 99 ]
69: [ 13 17 25 32 35 47 62 67 76 92 ]
70: [ 22 35 89 ]
71: [ 4 15 18 28 47 53 65 ]
72: [ 11 12 32 53 77 78 ]
73: [ 16 17 27 38 41 58 60 61 65 66 77 92 ]
74: [ 8 17 47 78 85 ]
75: [ 9 25 43 46 55 56 59 91 ]
76: [ 9 14 20 21 45 60 69 ]
77: [ 9 11 12 27 42 43 44 46 51 55 72 73 79 90 93 ]
78: [ 8 11 39 53 72 74 81 83 91 ]
79: [ 12 13 25 28 35 36 53 54 77 89 91 ]
80: [ 16 29 46 95 96 98 ]
81: [ 21 34 45 47 56 58 68 78 98 100 ]
82: [ 12 21 27 47 54 58 85 94 ]
83: [ 28 35 78 96 ]
84: [ 3 7 19 56 95 99 ]
85: [ 1 14 50 56 66 74 82 86 91 ]
86: [ 12 21 22 28 41 43 48 58 85 96 100 ]
87: [ 4 13 20 29 36 50 51 92 ]
88: [ 8 16 53 92 98 ]
89: [ 19 30 32 55 70 79 97 98 100 ]
90: [ 20 34 42 53 59 60 66 77 ]
91: [ 4 10 11 19 29 54 66 75 78 79 85 95 97 ]
92: [ 34 43 50 57 58 63 64 69 73 87 88 94 97 ]
93: [ 3 8 16 25 29 41 67 77 ]
94: [ 1 20 27 38 43 57 82 92 ]
95: [ 58 80 84 91 97 100 ]
96: [ 4 9 14 19 28 31 64 80 83 86 ]
97: [ 1 7 11 22 39 40 44 56 64 65 89 91 92 95 ]
98: [ 1 18 32 64 80 81 88 89 ]
99: [ 16 22 36 68 84 ]
100: [ 13 22 25 27 61 81 86 89 95 ]
