1: [ 6 13 19 48 53 56 59 63 77 85 98 ]
2: [ 18 32 44 49 61 78 82 83 86 ]
3: [ 10 41 44 65 67 91 100 ]
4: [ 9 22 29 31 50 52 75 85 88 89 91 98 ]
5: [ 12 18 36 51 58 62 67 99 ]
6: [ 1 15 28 30 49 86 90 ]
7: [ 16 20 50 54 63 72 75 80 91 ]
8: [ 28 88 ]
9: [ 4 13 23 24 26 27 51 54 73 77 85 86 ]
10: [ 3 47 62 70 78 95 ]
11: [ 28 31 70 81 82 88 91 93 ]
12: [ 5 20 33 52 59 83 97 ]
13: [ 1 9 18 29 75 ]
14: [ 73 78 ]
15: [ 6 33 56 77 92 100 ]
16: [ 7 32 33 73 76 83 86 95 100 ]
17: [ 30 32 39 47 79 81 89 ]
18: [ 2 5 13 21 46 64 ]
19: [ 1 23 37 43 53 65 84 ]
20: [ 7 12 36 40 72 84 95 ]
21: [ 18 29 31 35 54 57 59 76 99 ]
22: [ 4 31 51 70 76 80 89 91 94 ]
23: [ 9 19 26 29 58 65 66 69 83 92 99 ]
24: [ 9 25 27 30 35 37 44 61 69 75 92 ]
25: [ 24 37 59 65 91 96 ]
26: [ 9 23 33 39 42 53 57 ]
27: [ 9 24 37 45 53 68 81 82 100 ]
28: [ 6 8 11 45 48 51 57 58 61 70 71 73 74 77 78 83 86 89 100 ]
29: [ 4 13 21 23 41 48 56 59 81 96 97 ]
30: [ 6 17 24 47 54 56 58 ]
31: [ 4 11 21 22 32 49 57 79 86 89 97 ]
32: [ 2 16 17 31 78 99 ]
33: [ 12 15 16 26 34 41 42 52 68 69 88 ]
34: [ 33 57 87 97 ]
35: [ 21 24 41 57 61 63 65 69 76 79 ]
36: [ 5 20 49 73 89 91 ]
37: [ 19 24 25 27 60 83 100 ]
38: [ 65 72 91 97 ]
39: [ 17 26 47 50 55 92 ]
40: [ 20 87 ]
41: [ 3 29 33 35 42 48 59 95 ]
42: [ 26 33 41 57 58 64 69 76 ]
43: [ 19 56 71 72 ]
44: [ 2 3 24 64 73 82 ]
45: [ 27 28 50 51 52 84 85 87 99 ]
46: [ 18 56 59 74 76 82 ]
47: [ 10 17 30 39 64 74 76 87 90 ]
48: [ 1 28 29 41 66 67 71 90 93 96 98 ]
49: [ 2 6 31 36 59 63 66 73 85 89 ]
50: [ 4 7 39 45 56 92 ]
51: [ 5 9 22 28 45 58 78 81 ]
52: [ 4 12 33 45 57 67 70 73 84 86 ]
53: [ 1 19 26 27 54 58 64 76 80 92 97 ]
54: [ 7 9 21 30 53 56 61 62 71 87 97 ]
55: [ 39 61 78 ]
56: [ 1 15 29 30 43 46 50 54 57 58 75 78 ]
57: [ 21 26 28 31 34 35 42 52 56 66 71 ]
58: [ 5 23 28 30 42 51 53 56 60 69 75 100 ]
59: [ 1 12 21 25 29 41 46 49 72 90 97 ]
60: [ 37 58 73 ]
61: [ 2 24 28 35 54 55 67 ]
62: [ 5 10 54 65 74 77 98 ]
63: [ 1 7 35 49 64 69 91 95 ]
64: [ 18 42 44 47 53 63 71 77 ]
65: [ 3 19 23 25 35 38 62 91 ]
66: [ 23 48 49 57 72 73 89 94 ]
67: [ 3 5 48 52 61 69 72 73 77 79 90 ]
68: [ 27 33 83 ]
69: [ 23 24 33 35 42 58 63 67 80 93 94 100 ]
70: [ 10 11 22 28 52 80 83 88 ]
71: [ 28 43 48 54 57 64 82 85 ]
72: [ 7 20 38 43 59 66 67 77 ]
73: [ 9 14 16 28 36 44 49 52 60 66 67 76 93 96 99 ]
74: [ 28 46 47 62 75 85 88 98 ]
75: [ 4 7 13 24 56 58 74 81 86 ]
76: [ 16 21 22 35 42 46 47 53 73 79 80 81 96 ]
77: [ 1 9 15 28 62 64 67 72 97 ]
78: [ 2 10 14 28 32 51 55 56 89 97 100 ]
79: [ 17 31 35 67 76 ]
80: [ 7 22 53 69 70 76 ]
81: [ 11 17 27 29 51 75 76 91 95 ]
82: [ 2 11 27 44 46 71 83 ]
83: [ 2 12 16 23 28 37 68 70 82 93 97 ]
84: [ 19 20 45 52 98 100 ]
85: [ 1 4 9 45 49 71 74 89 ]
86: [ 2 6 9 16 28 31 52 75 97 ]
87: [ 34 40 45 47 54 88 ]
88: [ 4 8 11 33 70 74 87 91 ]
89: [ 4 17 22 28 31 36 49 66 78 85 98 ]
90: [ 6 47 48 59 67 95 97 ]
91: [ 3 4 7 11 22 25 36 38 63 65 81 88 93 95 ]
92: [ 15 23 24 39 50 53 96 97 ]
93: [ 11 48 69 73 83 91 ]
94: [ 22 66 69 ]
95: [ 10 16 20 41 63 81 90 91 ]
96: [ 25 29 48 73 76 92 97 ]
97: [ 12 29 31 34 38 53 54 59 77 78 83 86 90 92 96 ]
98: [ 1 4 48 62 74 84 89 ]
99: [ 5 21 23 32 45 73 ]
100: [ 3 15 16 27 28 37 58 69 78 84 ]
