1: [ 4 12 32 38 45 50 57 78 82 95 ]
2: [ 5 9 19 40 57 66 72 80 89 95 ]
3: [ 16 29 41 53 58 60 68 72 ]
4: [ 1 9 15 29 33 43 67 72 81 91 ]
5: [ 2 13 14 21 28 38 42 59 78 81 83 92 100 ]
6: [ 23 42 69 ]
7: [ 9 29 30 48 52 57 86 100 ]
8: [ 22 27 64 78 85 93 ]
9: [ 2 4 7 22 26 49 57 60 61 78 89 91 ]
10: [ 20 44 64 91 99 ]
11: [ 30 36 40 48 85 ]
12: [ 1 20 48 59 ]
13: [ 5 17 30 43 47 80 85 ]
14: [ 5 26 33 53 58 65 66 69 90 ]
15: [ 4 32 85 90 92 94 ]
16: [ 3 17 32 36 47 49 58 71 90 ]
17: [ 13 16 18 20 22 33 37 57 79 86 93 ]
18: [ 17 29 49 58 89 95 99 ]
19: [ 2 42 43 52 60 64 69 74 86 90 94 ]
20: [ 10 12 17 23 25 29 31 48 49 79 86 87 ]
21: [ 5 39 60 74 79 82 85 ]
22: [ 8 9 17 23 28 58 83 84 ]
23: [ 6 20 22 37 39 64 65 ]
24: [ 88 ]
25: [ 20 44 98 100 ]
26: [ 9 14 40 80 ]
27: [ 8 32 51 86 89 90 98 ]
28: [ 5 22 33 62 64 67 75 ]
29: [ 3 4 7 18 20 40 42 66 67 73 74 75 98 99 ]
30: [ 7 11 13 42 53 61 80 84 86 ]
31: [ 20 51 55 56 62 67 ]
32: [ 1 15 16 27 33 36 37 56 67 82 86 95 ]
33: [ 4 14 17 28 32 37 51 52 64 74 87 96 ]
34: [ 66 69 78 94 ]
35: [ 54 59 66 90 100 ]
36: [ 11 16 32 60 65 66 67 95 ]
37: [ 17 23 32 33 70 90 92 ]
38: [ 1 5 81 ]
39: [ 21 23 41 43 44 62 64 83 87 ]
40: [ 2 11 26 29 66 72 91 ]
41: [ 3 39 60 80 81 95 ]
42: [ 5 6 19 29 30 64 71 73 85 88 93 ]
43: [ 4 13 19 39 44 65 74 94 99 ]
44: [ 10 25 39 43 60 64 76 82 98 100 ]
45: [ 1 56 89 ]
46: [ 56 81 ]
47: [ 13 16 54 66 73 76 ]
48: [ 7 11 12 20 54 76 83 93 ]
49: [ 9 16 18 20 50 64 65 91 98 ]
50: [ 1 49 59 80 85 86 87 95 ]
51: [ 27 31 33 52 75 78 81 86 90 ]
52: [ 7 19 33 51 55 57 91 ]
53: [ 3 14 30 64 68 92 ]
54: [ 35 47 48 62 67 69 81 ]
55: [ 31 52 66 79 90 99 ]
56: [ 31 32 45 46 71 79 94 ]
57: [ 1 2 7 9 17 52 59 76 84 94 ]
58: [ 3 14 16 18 22 59 63 65 66 93 ]
59: [ 5 12 35 50 57 58 60 61 ]
60: [ 3 9 19 21 36 41 44 59 64 ]
61: [ 9 30 59 64 74 ]
62: [ 28 31 39 54 78 ]
63: [ 58 71 90 92 98 ]
64: [ 8 10 19 23 28 33 39 42 44 49 53 60 61 66 84 88 90 92 ]
65: [ 14 23 36 43 49 58 81 100 ]
66: [ 2 14 29 34 35 36 40 47 55 58 64 75 89 98 ]
67: [ 4 28 29 31 32 36 54 71 ]
68: [ 3 53 69 71 ]
69: [ 6 14 19 34 54 68 93 ]
70: [ 37 87 100 ]
71: [ 16 42 56 63 67 68 83 85 87 ]
72: [ 2 3 4 40 ]
73: [ 29 42 47 ]
74: [ 19 21 29 33 43 61 76 85 ]
75: [ 28 29 51 66 82 88 89 94 ]
76: [ 44 47 48 57 74 81 94 ]
77: [ ]
78: [ 1 5 8 9 34 51 62 83 ]
79: [ 17 20 21 55 56 96 98 ]
80: [ 2 13 26 30 41 50 84 92 93 99 ]
81: [ 4 5 38 41 46 51 54 65 76 84 94 96 ]
82: [ 1 21 32 44 75 85 87 ]
83: [ 5 22 39 48 71 78 90 93 98 ]
84: [ 22 30 57 64 80 81 86 88 ]
85: [ 8 11 13 15 21 42 50 71 74 82 ]
86: [ 7 17 19 20 27 30 32 50 51 84 92 96 ]
87: [ 20 33 39 50 70 71 82 88 ]
88: [ 24 42 64 75 84 87 99 100 ]
89: [ 2 9 18 27 45 66 75 90 ]
90: [ 14 15 16 19 27 35 37 51 55 63 64 83 89 91 ]
91: [ 4 9 10 40 49 52 90 97 ]
92: [ 5 15 37 53 63 64 80 86 100 ]
93: [ 8 17 42 48 58 69 80 83 95 ]
94: [ 15 19 34 43 56 57 75 76 81 ]
95: [ 1 2 18 32 36 41 50 93 ]
96: [ 33 79 81 86 ]
97: [ 91 ]
98: [ 25 27 29 44 49 63 66 79 83 ]
99: [ 10 18 29 43 55 80 88 ]
100: [ 5 7 25 35 44 65 70 88 92 ]
