1: [ 6 25 30 36 38 54 61 72 99 ]
2: [ 6 12 18 25 29 31 32 52 66 79 83 94 ]
3: [ 9 43 53 63 67 83 86 94 95 ]
4: [ 5 6 7 18 71 72 98 ]
5: [ 4 28 30 62 69 75 77 81 87 92 98 ]
6: [ 1 2 4 12 14 15 28 30 46 83 89 ]
7: [ 4 18 32 36 38 59 61 82 96 100 ]
8: [ 20 22 31 32 36 42 47 61 68 71 ]
9: [ 3 26 35 41 51 58 67 85 93 ]
10: [ 47 68 70 84 91 ]
11: [ 36 69 74 76 98 ]
12: [ 2 6 15 29 65 82 89 92 100 ]
13: [ 33 34 46 48 50 54 59 60 66 75 79 85 ]
14: [ 6 20 41 47 49 50 55 61 63 67 73 77 86 97 ]
15: [ 6 12 22 23 24 30 33 34 55 72 75 79 88 95 ]
16: [ 22 24 28 35 37 52 58 70 74 84 90 92 98 ]
17: [ 34 36 44 45 49 53 55 58 63 69 75 79 81 94 ]
18: [ 2 4 7 23 29 32 40 41 46 47 60 84 ]
19: [ 24 26 29 34 36 38 69 82 92 96 ]
20: [ 8 14 32 39 55 60 65 82 90 ]
21: [ 24 27 36 50 57 58 66 68 75 94 ]
22: [ 8 15 16 30 77 84 ]
23: [ 15 18 33 39 40 47 57 83 84 ]
24: [ 15 16 19 21 25 31 52 76 84 96 ]
25: [ 1 2 24 55 79 85 89 91 100 ]
26: [ 9 19 52 67 70 80 92 96 98 ]
27: [ 21 36 52 57 60 67 79 92 95 ]
28: [ 5 6 16 31 41 49 78 89 ]
29: [ 2 12 18 19 35 41 84 94 ]
30: [ 1 5 6 15 22 39 41 55 57 74 83 99 ]
31: [ 2 8 24 28 37 61 79 ]
32: [ 2 7 8 18 20 60 65 ]
33: [ 13 15 23 46 58 60 72 76 78 ]
34: [ 13 15 17 19 46 47 48 55 76 87 ]
35: [ 9 16 29 50 67 93 99 ]
36: [ 1 7 8 11 17 19 21 27 ]
37: [ 16 31 40 45 51 52 60 63 65 69 88 99 ]
38: [ 1 7 19 40 45 50 59 73 99 ]
39: [ 20 23 30 48 50 91 93 94 96 ]
40: [ 18 23 37 38 48 52 54 58 78 80 87 88 89 ]
41: [ 9 14 18 28 29 30 47 58 63 65 70 72 97 100 ]
42: [ 8 47 48 59 67 87 99 ]
43: [ 3 49 64 91 ]
44: [ 17 52 79 80 82 83 ]
45: [ 17 37 38 49 72 86 89 92 ]
46: [ 6 13 18 33 34 63 64 ]
47: [ 8 10 14 18 23 34 41 42 55 59 63 70 75 88 91 92 99 ]
48: [ 13 34 39 40 42 60 73 91 96 99 ]
49: [ 14 17 28 43 45 65 85 95 99 ]
50: [ 13 14 21 35 38 39 51 74 86 89 95 ]
51: [ 9 37 50 59 83 ]
52: [ 2 16 24 26 27 37 40 44 54 60 67 68 93 95 100 ]
53: [ 3 17 58 75 94 ]
54: [ 1 13 40 52 90 92 ]
55: [ 14 15 17 20 25 30 34 47 61 91 ]
56: [ 73 ]
57: [ 21 23 27 30 62 64 65 79 84 92 94 99 ]
58: [ 9 16 17 21 33 40 41 53 60 70 79 91 99 ]
59: [ 7 13 38 42 47 51 70 71 77 86 89 90 ]
60: [ 13 18 20 27 32 33 37 48 52 58 67 69 78 95 ]
61: [ 1 7 8 14 31 55 68 70 71 91 99 100 ]
62: [ 5 57 71 95 99 ]
63: [ 3 14 17 37 41 46 47 64 81 83 87 ]
64: [ 43 46 57 63 74 76 84 ]
65: [ 12 20 32 37 41 49 57 79 82 85 86 ]
66: [ 2 13 21 74 91 97 ]
67: [ 3 9 14 26 27 35 42 52 60 84 85 98 ]
68: [ 8 10 21 52 61 70 84 85 87 91 ]
69: [ 5 11 17 19 37 60 ]
70: [ 10 16 26 41 47 58 59 61 68 71 75 84 87 96 99 ]
71: [ 4 8 59 61 62 70 91 ]
72: [ 1 4 15 33 41 45 86 93 96 ]
73: [ 14 38 48 56 ]
74: [ 11 16 30 50 64 66 85 100 ]
75: [ 5 13 15 17 21 47 53 70 87 89 99 ]
76: [ 11 24 33 34 64 98 ]
77: [ 5 14 22 59 82 97 ]
78: [ 28 33 40 60 96 ]
79: [ 2 13 15 17 25 27 31 44 57 58 65 98 100 ]
80: [ 26 40 44 83 ]
81: [ 5 17 63 95 ]
82: [ 7 12 19 20 44 65 77 85 ]
83: [ 2 3 6 23 30 44 51 63 80 86 99 ]
84: [ 10 16 18 22 23 24 29 57 64 67 68 70 ]
85: [ 9 13 25 49 65 67 68 74 82 94 96 ]
86: [ 3 14 45 50 59 65 72 83 95 98 ]
87: [ 5 34 40 42 63 68 70 75 99 ]
88: [ 15 37 40 47 93 99 ]
89: [ 6 12 25 28 40 45 50 59 75 91 92 ]
90: [ 16 20 54 59 ]
91: [ 10 25 39 43 47 48 55 58 61 66 68 71 89 100 ]
92: [ 5 12 16 19 26 27 45 47 54 57 89 93 100 ]
93: [ 9 35 39 52 72 88 92 98 ]
94: [ 2 3 17 21 29 39 53 57 85 98 ]
95: [ 3 15 27 49 50 52 60 62 81 86 100 ]
96: [ 7 19 24 26 39 48 70 72 78 85 ]
97: [ 14 41 66 77 ]
98: [ 4 5 11 16 26 67 76 79 86 93 94 ]
99: [ 1 30 35 37 38 42 47 48 49 57 58 61 62 70 75 83 87 88 ]
100: [ 7 12 25 41 52 61 74 79 91 92 95 ]
