1: [ 8 13 29 35 41 42 48 51 54 58 59 67 71 79 83 90 96 100 ]
2: [ 16 19 21 35 37 63 66 68 69 84 87 98 99 ]
3: [ 4 6 7 17 18 35 39 45 57 62 65 92 94 ]
4: [ 3 9 11 25 39 47 50 67 84 87 ]
5: [ 37 41 46 49 64 94 98 ]
6: [ 3 17 37 39 43 45 46 52 69 74 96 ]
7: [ 3 17 20 35 51 52 54 68 84 92 100 ]
8: [ 1 31 56 64 71 92 ]
9: [ 4 13 15 20 21 30 42 44 96 ]
10: [ 35 73 81 99 ]
11: [ 4 14 22 23 25 33 40 42 51 52 56 57 62 85 97 ]
12: [ 26 34 43 57 68 92 ]
13: [ 1 9 22 24 49 73 76 77 100 ]
14: [ 11 15 25 31 33 53 59 72 94 ]
15: [ 9 14 30 68 84 86 98 ]
16: [ 2 19 23 56 64 ]
17: [ 3 6 7 25 29 30 36 63 75 92 93 ]
18: [ 3 21 38 44 48 49 68 70 77 83 86 89 92 ]
19: [ 2 16 27 29 34 38 48 53 75 80 ]
20: [ 7 9 23 45 56 61 73 86 100 ]
21: [ 2 9 18 34 42 46 56 65 66 68 ]
22: [ 11 13 36 50 57 62 69 86 ]
23: [ 11 16 20 28 29 45 51 65 88 90 92 ]
24: [ 13 38 64 66 76 86 92 ]
25: [ 4 11 14 17 31 33 34 66 ]
26: [ 12 31 45 46 59 ]
27: [ 19 28 33 37 52 ]
28: [ 23 27 61 ]
29: [ 1 17 19 23 40 73 76 87 97 99 ]
30: [ 9 15 17 39 56 68 71 79 83 98 ]
31: [ 8 14 25 26 42 47 71 79 84 89 98 ]
32: [ 35 68 ]
33: [ 11 14 25 27 46 61 73 82 ]
34: [ 12 19 21 25 56 67 83 87 ]
35: [ 1 2 3 7 10 32 53 54 65 69 97 100 ]
36: [ 17 22 43 91 ]
37: [ 2 5 6 27 38 98 ]
38: [ 18 19 24 37 42 46 47 49 87 ]
39: [ 3 4 6 30 44 45 55 70 79 90 95 ]
40: [ 11 29 79 96 100 ]
41: [ 1 5 47 70 81 92 ]
42: [ 1 9 11 21 31 38 50 67 100 ]
43: [ 6 12 36 46 58 73 77 97 98 ]
44: [ 9 18 39 67 94 ]
45: [ 3 6 20 23 26 39 57 61 80 ]
46: [ 5 6 21 26 33 38 43 48 66 72 79 88 96 ]
47: [ 4 31 38 41 48 70 71 ]
48: [ 1 18 19 46 47 49 63 66 69 72 ]
49: [ 5 13 18 38 48 69 79 100 ]
50: [ 4 22 42 56 65 66 73 82 87 88 ]
51: [ 1 7 11 23 58 69 87 93 ]
52: [ 6 7 11 27 68 69 72 80 82 96 ]
53: [ 14 19 35 67 70 ]
54: [ 1 7 35 69 78 84 90 95 ]
55: [ 39 59 77 81 90 ]
56: [ 8 11 16 20 21 30 34 50 66 78 88 90 ]
57: [ 3 11 12 22 45 64 69 70 75 84 87 98 ]
58: [ 1 43 51 71 91 ]
59: [ 1 14 26 55 62 85 89 ]
60: [ 62 70 76 ]
61: [ 20 28 33 45 63 71 73 78 84 96 ]
62: [ 3 11 22 59 60 65 98 ]
63: [ 2 17 48 61 70 72 85 88 90 92 ]
64: [ 5 8 16 24 57 67 69 80 96 ]
65: [ 3 21 23 35 50 62 90 100 ]
66: [ 2 21 24 25 46 48 50 56 73 85 ]
67: [ 1 4 34 42 44 53 64 71 73 86 ]
68: [ 2 7 12 15 18 21 30 32 52 ]
69: [ 2 6 22 35 48 49 51 52 54 57 64 73 92 ]
70: [ 18 39 41 47 53 57 60 63 72 73 74 86 ]
71: [ 1 8 30 31 47 58 61 67 ]
72: [ 14 46 48 52 63 70 75 87 90 92 ]
73: [ 10 13 20 29 33 43 50 61 66 67 69 70 80 ]
74: [ 6 70 75 80 100 ]
75: [ 17 19 57 72 74 98 ]
76: [ 13 24 29 60 79 95 ]
77: [ 13 18 43 55 94 ]
78: [ 54 56 61 98 ]
79: [ 1 30 31 39 40 46 49 76 100 ]
80: [ 19 45 52 64 73 74 92 ]
81: [ 10 41 55 85 99 ]
82: [ 33 50 52 ]
83: [ 1 18 30 34 ]
84: [ 2 4 7 15 31 54 57 61 94 96 ]
85: [ 11 59 63 66 81 94 ]
86: [ 15 18 20 22 24 67 70 ]
87: [ 2 4 29 34 38 50 51 57 72 90 ]
88: [ 23 46 50 56 63 98 ]
89: [ 18 31 59 92 97 ]
90: [ 1 23 39 54 55 56 63 65 72 87 99 ]
91: [ 36 58 ]
92: [ 3 7 8 12 17 18 23 24 41 63 69 72 80 89 ]
93: [ 17 51 ]
94: [ 3 5 14 44 77 84 85 97 99 ]
95: [ 39 54 76 99 ]
96: [ 1 6 9 40 46 52 61 64 84 ]
97: [ 11 29 35 43 89 94 ]
98: [ 2 5 15 30 31 37 43 57 62 75 78 88 ]
99: [ 2 10 29 81 90 94 95 ]
100: [ 1 7 13 20 35 40 42 49 65 74 79 ]
