1: [ 12 20 28 30 45 62 79 81 83 88 90 ]
2: [ 24 34 46 48 59 64 80 ]
3: [ 31 35 45 47 51 57 79 95 ]
4: [ 8 19 27 50 54 55 59 61 95 ]
5: [ 22 24 28 36 44 47 59 64 ]
6: [ 15 25 41 42 50 63 65 78 81 87 92 ]
7: [ 18 19 28 33 50 53 89 93 96 ]
8: [ 4 11 47 57 82 ]
9: [ 37 71 86 99 ]
10: [ 12 19 22 34 36 52 56 61 67 77 82 89 98 ]
11: [ 8 95 ]
12: [ 1 10 19 73 89 ]
13: [ 16 ]
14: [ 30 43 44 48 58 70 71 77 81 86 91 ]
15: [ 6 24 36 41 51 52 74 89 ]
16: [ 13 22 33 34 62 80 100 ]
17: [ 35 61 76 83 90 ]
18: [ 7 20 22 23 25 29 35 57 66 78 87 94 ]
19: [ 4 7 10 12 21 29 31 51 53 60 100 ]
20: [ 1 18 34 38 62 67 76 85 97 99 ]
21: [ 19 31 ]
22: [ 5 10 16 18 28 42 43 44 60 69 78 79 88 ]
23: [ 18 37 38 52 64 79 82 83 ]
24: [ 2 5 15 44 51 52 53 60 64 74 84 90 96 ]
25: [ 6 18 27 32 44 59 60 68 72 83 ]
26: [ 32 43 70 80 83 88 93 ]
27: [ 4 25 32 41 63 85 ]
28: [ 1 5 7 22 31 37 39 52 57 79 80 86 88 99 ]
29: [ 18 19 31 35 55 64 67 73 81 82 91 94 ]
30: [ 1 14 35 58 98 ]
31: [ 3 19 21 28 29 36 49 54 74 ]
32: [ 25 26 27 34 41 48 49 64 66 71 92 96 ]
33: [ 7 16 37 49 ]
34: [ 2 10 16 20 32 40 51 58 69 75 98 99 ]
35: [ 3 17 18 29 30 36 43 44 46 76 85 95 98 ]
36: [ 5 10 15 31 35 41 44 55 60 62 68 76 85 99 ]
37: [ 9 23 28 33 54 64 78 85 87 98 ]
38: [ 20 23 41 61 77 99 ]
39: [ 28 45 60 65 66 ]
40: [ 34 47 77 93 ]
41: [ 6 15 27 32 36 38 52 68 83 92 ]
42: [ 6 22 57 79 87 ]
43: [ 14 22 26 35 52 54 58 62 64 81 87 ]
44: [ 5 14 22 24 25 35 36 46 47 48 49 57 63 66 73 91 99 ]
45: [ 1 3 39 65 76 79 89 ]
46: [ 2 35 44 64 68 70 72 79 82 97 ]
47: [ 3 5 8 40 44 50 73 ]
48: [ 2 14 32 44 49 72 84 91 97 ]
49: [ 31 32 33 44 48 70 77 95 ]
50: [ 4 6 7 47 61 74 85 90 ]
51: [ 3 15 19 24 34 60 71 75 77 82 88 ]
52: [ 10 15 23 24 28 41 43 55 68 70 93 94 ]
53: [ 7 19 24 60 65 ]
54: [ 4 31 37 43 57 60 62 63 75 89 ]
55: [ 4 29 36 52 76 ]
56: [ 10 ]
57: [ 3 8 18 28 42 44 54 59 67 74 78 83 90 ]
58: [ 14 30 34 43 75 79 98 ]
59: [ 2 4 5 25 57 60 69 71 77 79 81 85 88 90 93 ]
60: [ 19 22 24 25 36 39 51 53 54 59 84 91 ]
61: [ 4 10 17 38 50 79 95 ]
62: [ 1 16 20 36 43 54 65 81 84 89 92 ]
63: [ 6 27 44 54 69 80 ]
64: [ 2 5 23 24 29 32 37 43 46 77 80 88 89 ]
65: [ 6 39 45 53 62 74 89 92 ]
66: [ 18 32 39 44 76 ]
67: [ 10 20 29 57 77 84 90 98 ]
68: [ 25 36 41 46 52 85 98 ]
69: [ 22 34 59 63 79 86 ]
70: [ 14 26 46 49 52 ]
71: [ 9 14 32 51 59 98 ]
72: [ 25 46 48 78 ]
73: [ 12 29 44 47 75 78 81 86 93 ]
74: [ 15 24 31 50 57 65 76 81 87 ]
75: [ 34 51 54 58 73 ]
76: [ 17 20 35 36 45 55 66 74 82 83 88 ]
77: [ 10 14 38 40 49 51 59 64 67 88 ]
78: [ 6 18 22 37 57 72 73 89 ]
79: [ 1 3 22 23 28 42 45 46 58 59 61 69 88 ]
80: [ 2 16 26 28 63 64 82 84 96 ]
81: [ 1 6 14 29 43 59 62 73 74 92 97 ]
82: [ 8 10 23 29 46 51 76 80 85 95 ]
83: [ 1 17 23 25 26 41 57 76 96 ]
84: [ 24 48 60 62 67 80 ]
85: [ 20 27 35 36 37 50 59 68 82 ]
86: [ 9 14 28 69 73 91 ]
87: [ 6 18 37 42 43 74 89 ]
88: [ 1 22 26 28 51 59 64 76 77 79 ]
89: [ 7 10 12 15 45 54 62 64 65 78 87 98 ]
90: [ 1 17 24 50 57 59 67 ]
91: [ 14 29 44 48 60 86 92 96 ]
92: [ 6 32 41 62 65 81 91 93 98 ]
93: [ 7 26 40 52 59 73 92 97 ]
94: [ 18 29 52 ]
95: [ 3 4 11 35 49 61 82 ]
96: [ 7 24 32 80 83 91 98 ]
97: [ 20 46 48 81 93 99 ]
98: [ 10 30 34 35 37 58 67 68 71 89 92 96 ]
99: [ 9 20 28 34 36 38 44 97 100 ]
100: [ 16 19 99 ]
