1: [ 11 15 36 48 57 67 ]
2: [ 5 47 86 ]
3: [ 7 24 47 57 80 84 96 97 98 ]
4: [ 35 39 53 57 86 ]
5: [ 2 15 16 21 31 41 64 67 74 82 87 ]
6: [ 52 72 82 ]
7: [ 3 17 27 47 53 58 61 77 90 93 98 ]
8: [ 11 18 46 49 51 54 59 74 91 96 ]
9: [ 45 50 60 65 ]
10: [ 28 63 67 68 85 87 100 ]
11: [ 1 8 19 26 59 62 71 79 87 88 ]
12: [ 13 15 19 26 35 37 40 77 83 92 ]
13: [ 12 17 53 61 79 85 92 ]
14: [ 15 20 49 67 85 ]
15: [ 1 5 12 14 18 19 39 49 51 52 59 63 81 86 89 90 ]
16: [ 5 18 20 60 61 66 67 70 74 78 79 91 95 97 ]
17: [ 7 13 18 35 40 48 62 75 96 ]
18: [ 8 15 16 17 20 26 28 29 44 47 65 74 94 ]
19: [ 11 12 15 22 26 27 33 47 49 51 65 68 72 91 92 98 99 ]
20: [ 14 16 18 23 39 59 61 66 72 76 77 86 87 88 ]
21: [ 5 45 55 68 91 ]
22: [ 19 34 66 77 91 ]
23: [ 20 60 82 ]
24: [ 3 25 26 30 32 42 47 75 95 97 ]
25: [ 24 35 41 58 59 60 64 66 68 ]
26: [ 11 12 18 19 24 32 33 44 68 83 84 95 ]
27: [ 7 19 46 77 93 96 98 ]
28: [ 10 18 41 45 49 50 53 64 69 73 98 ]
29: [ 18 38 43 52 55 79 84 ]
30: [ 24 46 62 67 68 69 75 76 77 92 96 100 ]
31: [ 5 42 59 71 82 94 95 ]
32: [ 24 26 45 60 66 71 77 84 94 ]
33: [ 19 26 38 49 55 60 63 68 69 84 86 87 92 ]
34: [ 22 78 87 93 ]
35: [ 4 12 17 25 45 48 61 72 73 92 97 ]
36: [ 1 39 50 54 68 69 76 80 87 92 100 ]
37: [ 12 42 43 52 61 86 98 ]
38: [ 29 33 55 74 ]
39: [ 4 15 20 36 43 49 54 55 60 79 81 82 88 91 ]
40: [ 12 17 51 61 77 100 ]
41: [ 5 25 28 56 90 100 ]
42: [ 24 31 37 57 64 72 89 96 ]
43: [ 29 37 39 45 64 68 69 72 73 93 95 97 99 ]
44: [ 18 26 51 59 62 65 69 71 73 87 91 98 ]
45: [ 9 21 28 32 35 43 47 51 64 90 92 96 ]
46: [ 8 27 30 58 61 62 71 93 ]
47: [ 2 3 7 18 19 24 45 64 69 72 76 82 89 ]
48: [ 1 17 35 62 63 69 76 83 91 100 ]
49: [ 8 14 15 19 28 33 39 82 88 96 98 100 ]
50: [ 9 28 36 62 86 ]
51: [ 8 15 19 40 44 45 82 84 ]
52: [ 6 15 29 37 65 74 89 92 ]
53: [ 4 7 13 28 62 76 86 ]
54: [ 8 36 39 72 ]
55: [ 21 29 33 38 39 68 ]
56: [ 41 58 61 85 ]
57: [ 1 3 4 42 61 85 87 ]
58: [ 7 25 46 56 62 69 70 73 75 99 ]
59: [ 8 11 15 20 25 31 44 63 69 83 89 91 99 ]
60: [ 9 16 23 25 32 33 39 64 72 88 97 100 ]
61: [ 7 13 16 20 35 37 40 46 56 57 67 76 83 95 ]
62: [ 11 17 30 44 46 48 50 53 58 79 80 91 ]
63: [ 10 15 33 48 59 91 ]
64: [ 5 25 28 42 43 45 47 60 66 78 83 87 100 ]
65: [ 9 18 19 44 52 ]
66: [ 16 20 22 25 32 64 73 86 ]
67: [ 1 5 10 14 16 30 61 80 83 85 95 ]
68: [ 10 19 21 25 26 30 33 36 43 55 71 82 95 ]
69: [ 28 30 33 36 43 44 47 48 58 59 70 74 83 ]
70: [ 16 58 69 78 97 ]
71: [ 11 31 32 44 46 68 92 ]
72: [ 6 19 20 35 42 43 47 54 60 78 91 100 ]
73: [ 28 35 43 44 58 66 79 ]
74: [ 5 8 16 18 38 52 69 83 ]
75: [ 17 24 30 58 81 90 ]
76: [ 20 30 36 47 48 53 61 82 83 84 99 ]
77: [ 7 12 20 22 27 30 32 40 85 89 ]
78: [ 16 34 64 70 72 79 90 96 ]
79: [ 11 13 16 29 39 62 73 78 84 93 94 98 ]
80: [ 3 36 62 67 ]
81: [ 15 39 75 96 97 ]
82: [ 5 6 23 31 39 47 49 51 68 76 ]
83: [ 12 26 48 59 61 64 67 69 74 76 ]
84: [ 3 26 29 32 33 51 76 79 99 ]
85: [ 10 13 14 56 57 67 77 ]
86: [ 2 4 15 20 33 37 50 53 66 92 ]
87: [ 5 10 11 20 33 34 36 44 57 64 90 ]
88: [ 11 20 39 49 60 ]
89: [ 15 42 47 52 59 77 94 97 98 ]
90: [ 7 15 41 45 75 78 87 96 ]
91: [ 8 16 19 21 22 39 44 48 59 62 63 72 ]
92: [ 12 13 19 30 33 35 36 45 52 71 86 ]
93: [ 7 27 34 43 46 79 96 ]
94: [ 18 31 32 79 89 ]
95: [ 16 24 26 31 43 61 67 68 99 ]
96: [ 3 8 17 27 30 42 45 49 78 81 90 93 ]
97: [ 3 16 24 35 43 60 70 81 89 ]
98: [ 3 7 19 27 28 37 44 49 79 89 ]
99: [ 19 43 58 59 76 84 95 ]
100: [ 10 30 36 40 41 48 49 60 64 72 ]
