1: [ 4 8 12 ]
2: [ 8 17 23 30 51 73 76 85 88 92 97 ]
3: [ 5 18 31 70 ]
4: [ 1 22 33 44 55 68 74 82 90 ]
5: [ 3 8 9 15 31 33 40 48 49 50 63 70 86 ]
6: [ 8 11 20 21 60 90 ]
7: [ 12 37 42 74 99 ]
8: [ 1 2 5 6 14 19 20 41 42 46 47 72 78 90 92 97 ]
9: [ 5 12 15 27 39 55 72 77 80 90 100 ]
10: [ 36 52 80 98 ]
11: [ 6 12 53 78 ]
12: [ 1 7 9 11 22 49 52 64 65 71 80 ]
13: [ 20 30 37 40 71 78 82 90 94 ]
14: [ 8 20 23 33 48 49 53 64 72 74 75 78 ]
15: [ 5 9 26 51 58 61 67 73 78 88 90 94 ]
16: [ 34 41 47 50 60 64 73 86 87 96 98 ]
17: [ 2 25 26 29 50 60 69 70 77 ]
18: [ 3 23 31 46 51 55 56 61 70 74 75 79 84 97 98 99 ]
19: [ 8 33 54 78 89 ]
20: [ 6 8 13 14 25 50 57 ]
21: [ 6 25 29 57 63 ]
22: [ 4 12 25 28 55 57 58 87 98 ]
23: [ 2 14 18 41 44 46 48 50 55 57 85 88 90 99 ]
24: [ 32 57 68 71 ]
25: [ 17 20 21 22 28 30 41 42 45 47 54 61 70 78 ]
26: [ 15 17 35 50 67 73 82 97 98 ]
27: [ 9 38 44 60 62 69 87 ]
28: [ 22 25 40 47 80 87 88 90 98 99 ]
29: [ 17 21 32 36 55 78 80 86 ]
30: [ 2 13 25 50 55 85 91 96 ]
31: [ 3 5 18 44 ]
32: [ 24 29 37 60 65 71 79 95 97 ]
33: [ 4 5 14 19 34 46 49 85 86 96 ]
34: [ 16 33 44 48 60 65 70 71 83 86 89 90 97 ]
35: [ 26 44 52 79 ]
36: [ 10 29 54 59 ]
37: [ 7 13 32 47 69 74 87 ]
38: [ 27 58 67 71 78 95 ]
39: [ 9 40 65 72 ]
40: [ 5 13 28 39 41 49 53 66 69 80 94 99 100 ]
41: [ 8 16 23 25 40 55 66 67 68 70 72 82 90 92 95 ]
42: [ 7 8 25 50 69 70 75 97 ]
43: [ 50 61 69 91 98 ]
44: [ 4 23 27 31 34 35 46 67 74 77 91 93 ]
45: [ 25 54 57 67 72 74 98 ]
46: [ 8 18 23 33 44 49 52 73 83 88 90 98 ]
47: [ 8 16 25 28 37 68 ]
48: [ 5 14 23 34 50 73 82 93 ]
49: [ 5 12 14 33 40 46 52 90 ]
50: [ 5 16 17 20 23 26 30 42 43 48 55 73 80 88 90 91 ]
51: [ 2 15 18 70 82 88 91 ]
52: [ 10 12 35 46 49 60 61 63 65 78 84 92 ]
53: [ 11 14 40 90 99 ]
54: [ 19 25 36 45 83 94 ]
55: [ 4 9 18 22 23 29 30 41 50 58 69 78 84 85 87 ]
56: [ 18 57 65 67 79 81 87 88 98 ]
57: [ 20 21 22 23 24 45 56 79 83 ]
58: [ 15 22 38 55 65 89 ]
59: [ 36 72 ]
60: [ 6 16 17 27 32 34 52 61 84 ]
61: [ 15 18 25 43 52 60 63 64 66 70 74 82 87 92 ]
62: [ 27 ]
63: [ 5 21 52 61 ]
64: [ 12 14 16 61 ]
65: [ 12 32 34 39 52 56 58 67 79 83 100 ]
66: [ 40 41 61 83 ]
67: [ 15 26 38 41 44 45 56 65 98 99 ]
68: [ 4 24 41 47 82 87 ]
69: [ 17 27 37 40 42 43 55 81 83 ]
70: [ 3 5 17 18 25 34 41 42 51 61 75 76 78 ]
71: [ 12 13 24 32 34 38 77 84 98 ]
72: [ 8 9 14 39 41 45 59 90 ]
73: [ 2 15 16 26 46 48 50 86 88 97 ]
74: [ 4 7 14 18 37 44 45 61 76 78 93 96 ]
75: [ 14 18 42 70 ]
76: [ 2 70 74 79 84 91 98 99 ]
77: [ 9 17 44 71 86 94 99 ]
78: [ 8 11 13 14 15 19 25 29 38 52 55 70 74 81 93 ]
79: [ 18 32 35 56 57 65 76 96 ]
80: [ 9 10 12 28 29 40 50 81 84 88 ]
81: [ 56 69 78 80 97 99 ]
82: [ 4 13 26 41 48 51 61 68 83 87 89 92 ]
83: [ 34 46 54 57 65 66 69 82 ]
84: [ 18 52 55 60 71 76 80 98 ]
85: [ 2 23 30 33 55 ]
86: [ 5 16 29 33 34 73 77 97 ]
87: [ 16 22 27 28 37 55 56 61 68 82 ]
88: [ 2 15 23 28 46 50 51 56 73 80 99 ]
89: [ 19 34 58 82 ]
90: [ 4 6 8 9 13 15 23 28 34 41 46 49 50 53 72 94 99 ]
91: [ 30 43 44 50 51 76 ]
92: [ 2 8 41 52 61 82 ]
93: [ 44 48 74 78 ]
94: [ 13 15 40 54 77 90 ]
95: [ 32 38 41 ]
96: [ 16 30 33 74 79 ]
97: [ 2 8 18 26 32 34 42 73 81 86 ]
98: [ 10 16 18 22 26 28 43 45 46 56 67 71 76 84 ]
99: [ 7 18 23 28 40 53 67 76 77 81 88 90 ]
100: [ 9 40 65 ]
