1: [ 9 14 18 22 59 69 86 90 ]
2: [ 38 71 ]
3: [ 15 30 79 92 98 ]
4: [ 10 14 16 19 29 34 50 51 64 74 79 ]
5: [ 29 34 40 41 73 78 79 82 85 99 ]
6: [ 89 ]
7: [ 8 23 37 38 40 43 48 55 56 57 80 96 97 100 ]
8: [ 7 12 20 34 47 51 54 82 ]
9: [ 1 10 21 44 54 68 73 94 95 ]
10: [ 4 9 16 17 18 24 26 30 35 63 64 73 ]
11: [ 12 16 19 64 90 ]
12: [ 8 11 16 18 20 27 38 40 45 55 56 59 67 75 92 ]
13: [ 14 15 16 22 31 34 73 85 90 92 97 ]
14: [ 1 4 13 17 23 29 32 33 35 61 64 69 74 75 78 79 ]
15: [ 3 13 24 30 40 41 57 59 67 68 87 99 ]
16: [ 4 10 11 12 13 18 23 33 51 69 72 90 93 95 97 98 ]
17: [ 10 14 19 21 24 38 49 50 60 68 87 90 100 ]
18: [ 1 10 12 16 36 39 47 74 94 ]
19: [ 4 11 17 27 62 69 ]
20: [ 8 12 29 43 54 76 78 81 98 ]
21: [ 9 17 35 59 66 68 70 94 98 ]
22: [ 1 13 47 55 75 90 ]
23: [ 7 14 16 25 26 34 38 40 44 47 63 85 94 96 99 ]
24: [ 10 15 17 43 44 63 72 90 91 99 ]
25: [ 23 50 74 75 98 100 ]
26: [ 10 23 48 76 78 94 ]
27: [ 12 19 32 55 58 59 60 70 71 77 92 ]
28: [ 38 ]
29: [ 4 5 14 20 41 58 66 69 81 94 ]
30: [ 3 10 15 32 44 66 67 74 99 ]
31: [ 13 32 34 41 47 63 64 69 94 ]
32: [ 14 27 30 31 38 54 74 77 83 ]
33: [ 14 16 36 37 38 51 56 60 62 80 83 ]
34: [ 4 5 8 13 23 31 38 53 61 81 ]
35: [ 10 14 21 38 71 89 94 100 ]
36: [ 18 33 58 82 95 98 ]
37: [ 7 33 58 67 82 87 92 98 ]
38: [ 2 7 12 17 23 28 32 33 34 35 44 47 50 98 ]
39: [ 18 51 55 56 67 73 75 82 91 ]
40: [ 5 7 12 15 23 42 59 66 71 81 ]
41: [ 5 15 29 31 42 65 72 78 79 81 92 ]
42: [ 40 41 47 48 51 60 82 ]
43: [ 7 20 24 54 55 58 84 87 92 100 ]
44: [ 9 23 24 30 38 53 54 60 84 85 89 95 97 ]
45: [ 12 94 ]
46: [ 52 64 ]
47: [ 8 18 22 23 31 38 42 70 74 99 ]
48: [ 7 26 42 51 74 81 86 91 99 ]
49: [ 17 55 88 ]
50: [ 4 17 25 38 63 69 87 92 95 ]
51: [ 4 8 16 33 39 42 48 54 68 74 75 77 85 94 ]
52: [ 46 71 73 76 95 98 ]
53: [ 34 44 67 71 75 ]
54: [ 8 9 20 32 43 44 51 72 82 98 ]
55: [ 7 12 22 27 39 43 49 71 74 87 96 ]
56: [ 7 12 33 39 58 59 63 86 93 100 ]
57: [ 7 15 61 64 93 97 ]
58: [ 27 29 36 37 43 56 81 89 97 98 ]
59: [ 1 12 15 21 27 40 56 61 80 86 ]
60: [ 17 27 33 42 44 65 ]
61: [ 14 34 57 59 67 72 ]
62: [ 19 33 100 ]
63: [ 10 23 24 31 50 56 87 94 95 99 ]
64: [ 4 10 11 14 31 46 57 67 73 75 92 ]
65: [ 41 60 91 98 ]
66: [ 21 29 30 40 76 85 89 92 100 ]
67: [ 12 15 30 37 39 53 61 64 94 95 97 100 ]
68: [ 9 15 17 21 51 78 86 88 ]
69: [ 1 14 16 19 29 31 50 73 90 97 ]
70: [ 21 27 47 90 91 95 97 ]
71: [ 2 27 35 40 52 53 55 77 ]
72: [ 16 24 41 54 61 95 ]
73: [ 5 9 10 13 39 52 64 69 86 ]
74: [ 4 14 18 25 30 32 47 48 51 55 88 89 97 ]
75: [ 12 14 22 25 39 51 53 64 82 91 99 ]
76: [ 20 26 52 66 88 ]
77: [ 27 32 51 71 ]
78: [ 5 14 20 26 41 68 79 81 85 88 89 ]
79: [ 3 4 5 14 41 78 82 100 ]
80: [ 7 33 59 86 ]
81: [ 20 29 34 40 41 48 58 78 90 94 97 ]
82: [ 5 8 36 37 39 42 54 75 79 92 96 ]
83: [ 32 33 98 ]
84: [ 43 44 95 ]
85: [ 5 13 23 44 51 66 78 ]
86: [ 1 48 56 59 68 73 80 ]
87: [ 15 17 37 43 50 55 63 93 94 96 ]
88: [ 49 68 74 76 78 100 ]
89: [ 6 35 44 58 66 74 78 ]
90: [ 1 11 13 16 17 22 24 69 70 81 95 ]
91: [ 24 39 48 65 70 75 98 ]
92: [ 3 12 13 27 37 41 43 50 64 66 82 99 ]
93: [ 16 56 57 87 96 ]
94: [ 9 18 21 23 26 29 31 35 45 51 63 67 81 87 ]
95: [ 9 16 36 44 50 52 63 67 70 72 84 90 ]
96: [ 7 23 55 82 87 93 ]
97: [ 7 13 16 44 57 58 67 69 70 74 81 ]
98: [ 3 16 20 21 25 36 37 38 52 54 58 65 83 91 100 ]
99: [ 5 15 23 24 30 47 48 63 75 92 ]
100: [ 7 17 25 35 43 56 62 66 67 79 88 98 ]
