1: [ 7 14 18 19 37 42 59 65 68 75 83 85 ]
2: [ 9 13 31 33 49 62 66 69 84 96 ]
3: [ 36 38 73 78 83 ]
4: [ 23 33 63 68 100 ]
5: [ 13 18 19 21 22 23 55 56 58 77 79 82 ]
6: [ 42 46 67 ]
7: [ 1 22 27 30 34 46 49 51 57 62 88 94 ]
8: [ 31 41 51 61 81 96 ]
9: [ 2 23 34 88 ]
10: [ 17 31 34 46 49 51 60 74 86 87 ]
11: [ 14 21 23 38 39 70 71 87 93 94 97 100 ]
12: [ 20 26 36 62 81 93 ]
13: [ 2 5 15 19 27 40 56 88 94 99 ]
14: [ 1 11 15 16 28 57 61 65 66 93 ]
15: [ 13 14 22 32 38 42 60 65 80 84 96 ]
16: [ 14 19 20 26 34 56 61 64 88 94 ]
17: [ 10 47 51 52 64 69 76 90 96 98 ]
18: [ 1 5 29 58 60 67 74 75 88 95 98 ]
19: [ 1 5 13 16 34 37 43 59 70 79 83 ]
20: [ 12 16 38 39 81 83 ]
21: [ 5 11 24 45 49 65 73 90 ]
22: [ 5 7 15 38 49 61 67 73 75 81 89 98 ]
23: [ 4 5 9 11 25 28 35 38 40 42 60 91 93 98 ]
24: [ 21 25 28 38 40 51 62 75 76 90 93 ]
25: [ 23 24 26 34 49 65 73 78 80 ]
26: [ 12 16 25 32 39 47 53 61 62 76 80 93 ]
27: [ 7 13 29 46 49 62 69 78 88 89 98 ]
28: [ 14 23 24 44 52 53 68 77 80 92 ]
29: [ 18 27 40 45 53 61 71 99 ]
30: [ 7 34 36 53 60 74 78 81 86 88 94 ]
31: [ 2 8 10 38 45 65 78 ]
32: [ 15 26 45 60 71 95 97 99 ]
33: [ 2 4 40 89 ]
34: [ 7 9 10 16 19 25 30 40 58 59 69 78 84 94 ]
35: [ 23 38 43 49 62 97 98 ]
36: [ 3 12 30 37 49 73 ]
37: [ 1 19 36 39 50 58 62 95 96 97 100 ]
38: [ 3 11 15 20 22 23 24 31 35 41 55 73 97 ]
39: [ 11 20 26 37 49 62 99 100 ]
40: [ 13 23 24 29 33 34 73 79 89 ]
41: [ 8 38 55 59 77 88 ]
42: [ 1 6 15 23 62 64 65 69 72 73 78 82 90 ]
43: [ 19 35 51 58 77 80 83 ]
44: [ 28 59 67 72 97 ]
45: [ 21 29 31 32 56 58 60 61 68 71 79 95 96 ]
46: [ 6 7 10 27 50 66 67 74 ]
47: [ 17 26 ]
48: [ 49 80 83 ]
49: [ 2 7 10 21 22 25 27 35 36 39 48 72 77 92 95 ]
50: [ 37 46 61 67 77 81 ]
51: [ 7 8 10 17 24 43 59 66 72 75 84 98 ]
52: [ 17 28 55 83 98 ]
53: [ 26 28 29 30 60 62 64 65 78 ]
54: [ 65 ]
55: [ 5 38 41 52 91 100 ]
56: [ 5 13 16 45 90 ]
57: [ 7 14 58 77 91 99 ]
58: [ 5 18 34 37 43 45 57 62 67 68 77 92 ]
59: [ 1 19 34 41 44 51 72 76 80 83 95 ]
60: [ 10 15 18 23 30 32 45 53 84 90 99 ]
61: [ 8 14 16 22 26 29 45 50 63 72 81 89 95 ]
62: [ 2 7 12 24 26 27 35 37 39 42 53 58 73 74 82 ]
63: [ 4 61 69 90 ]
64: [ 16 17 42 53 69 74 79 89 90 96 ]
65: [ 1 14 15 21 25 31 42 53 54 76 81 89 90 ]
66: [ 2 14 46 51 69 79 82 ]
67: [ 6 18 22 44 46 50 58 73 75 89 93 96 100 ]
68: [ 1 4 28 45 58 86 96 97 99 ]
69: [ 2 17 27 34 42 63 64 66 90 ]
70: [ 11 19 ]
71: [ 11 29 32 45 73 78 81 96 ]
72: [ 42 44 49 51 59 61 76 84 ]
73: [ 3 21 22 25 36 38 40 42 62 67 71 77 80 94 95 100 ]
74: [ 10 18 30 46 62 64 93 ]
75: [ 1 18 22 24 51 67 83 ]
76: [ 17 24 26 59 65 72 77 78 80 84 ]
77: [ 5 28 41 43 49 50 57 58 73 76 82 90 95 98 100 ]
78: [ 3 25 27 30 31 34 42 53 71 76 ]
79: [ 5 19 40 45 64 66 81 90 97 98 ]
80: [ 15 25 26 28 43 48 59 73 76 84 99 100 ]
81: [ 8 12 20 22 30 50 61 65 71 79 82 97 98 ]
82: [ 5 42 62 66 77 81 90 97 99 ]
83: [ 1 3 19 20 43 48 52 59 75 ]
84: [ 2 15 34 51 60 72 76 80 88 94 95 ]
85: [ 1 ]
86: [ 10 30 68 ]
87: [ 10 11 ]
88: [ 7 9 13 16 18 27 30 41 84 97 ]
89: [ 22 27 33 40 61 64 65 67 94 99 ]
90: [ 17 21 24 42 56 60 63 64 65 69 77 79 82 96 ]
91: [ 23 55 57 ]
92: [ 28 49 58 96 ]
93: [ 11 12 14 23 24 26 67 74 94 96 97 98 ]
94: [ 7 11 13 16 30 34 73 84 89 93 95 96 ]
95: [ 18 32 37 45 49 59 61 73 77 84 94 ]
96: [ 2 8 15 17 37 45 64 67 68 71 90 92 93 94 ]
97: [ 11 32 35 37 38 44 68 79 81 82 88 93 ]
98: [ 17 18 22 23 27 35 51 52 77 79 81 93 99 ]
99: [ 13 29 32 39 57 60 68 80 82 89 98 ]
100: [ 4 11 37 39 55 67 73 77 80 ]
