1: [ 12 37 38 82 86 92 93 95 100 ]
2: [ 17 38 47 55 71 80 85 98 ]
3: [ 15 19 25 47 56 57 77 92 ]
4: [ 22 28 30 35 38 57 60 ]
5: [ 14 42 57 76 83 ]
6: [ 10 79 80 ]
7: [ 11 24 29 48 49 70 76 87 ]
8: [ 17 35 44 52 53 58 62 67 74 75 98 ]
9: [ 19 21 27 31 43 68 73 85 98 ]
10: [ 6 15 17 20 22 29 30 39 63 74 85 ]
11: [ 7 21 25 29 37 45 62 77 81 94 ]
12: [ 1 81 ]
13: [ 22 31 71 79 ]
14: [ 5 42 45 55 60 78 82 88 97 100 ]
15: [ 3 10 20 25 39 48 52 53 59 80 81 86 90 99 ]
16: [ 17 22 26 28 30 52 ]
17: [ 2 8 10 16 24 25 26 31 32 34 56 62 72 74 88 ]
18: [ 27 39 40 43 66 82 ]
19: [ 3 9 27 43 57 60 62 74 78 86 93 ]
20: [ 10 15 38 39 63 73 77 ]
21: [ 9 11 43 44 56 63 68 96 ]
22: [ 4 10 13 16 28 30 37 39 67 78 84 87 95 ]
23: [ 24 26 33 48 63 69 ]
24: [ 7 17 23 66 72 87 92 ]
25: [ 3 11 15 17 49 60 77 85 87 93 95 ]
26: [ 16 17 23 36 61 71 72 82 98 ]
27: [ 9 18 19 28 31 35 38 41 55 60 70 73 99 ]
28: [ 4 16 22 27 31 44 70 78 80 95 96 100 ]
29: [ 7 10 11 49 52 67 82 100 ]
30: [ 4 10 16 22 48 57 60 64 73 99 ]
31: [ 9 13 17 27 28 56 65 74 77 81 91 ]
32: [ 17 35 74 86 98 ]
33: [ 23 48 ]
34: [ 17 48 58 61 73 75 100 ]
35: [ 4 8 27 32 41 54 60 71 76 90 98 ]
36: [ 26 48 51 56 69 81 86 95 ]
37: [ 1 11 22 38 45 55 66 74 77 78 ]
38: [ 1 2 4 20 27 37 56 82 83 84 93 98 ]
39: [ 10 15 18 20 22 65 66 69 79 80 82 85 94 ]
40: [ 18 66 80 93 ]
41: [ 27 35 43 58 72 77 85 ]
42: [ 5 14 60 75 82 86 94 ]
43: [ 9 18 19 21 41 51 52 61 62 69 70 71 77 80 84 ]
44: [ 8 21 28 49 67 76 78 87 94 97 ]
45: [ 11 14 37 53 56 63 65 66 81 97 ]
46: [ 93 98 ]
47: [ 2 3 49 57 62 75 82 98 100 ]
48: [ 7 15 23 30 33 34 36 51 57 63 68 75 76 86 95 ]
49: [ 7 25 29 44 47 52 63 74 75 85 91 92 ]
50: [ 73 ]
51: [ 36 43 48 56 61 73 80 81 83 84 85 92 ]
52: [ 8 15 16 29 43 49 58 64 76 84 ]
53: [ 8 15 45 92 ]
54: [ 35 64 84 95 97 ]
55: [ 2 14 27 37 72 87 ]
56: [ 3 17 21 31 36 38 45 51 57 60 70 72 75 ]
57: [ 3 4 5 19 30 47 48 56 84 ]
58: [ 8 34 41 52 68 82 ]
59: [ 15 75 85 97 98 ]
60: [ 4 14 19 25 27 30 35 42 56 62 83 89 ]
61: [ 26 34 43 51 78 85 88 96 ]
62: [ 8 11 17 19 43 47 60 72 78 79 86 92 ]
63: [ 10 20 21 23 45 48 49 68 77 90 ]
64: [ 30 52 54 100 ]
65: [ 31 39 45 67 76 85 87 ]
66: [ 18 24 37 39 40 45 69 ]
67: [ 8 22 29 44 65 92 95 99 ]
68: [ 9 21 48 58 63 75 79 ]
69: [ 23 36 39 43 66 72 94 ]
70: [ 7 27 28 43 56 71 75 78 79 80 86 ]
71: [ 2 13 26 35 43 70 74 86 91 95 97 ]
72: [ 17 24 26 41 55 56 62 69 97 ]
73: [ 9 20 27 30 34 50 51 ]
74: [ 8 10 17 19 31 32 37 49 71 90 93 ]
75: [ 8 34 42 47 48 49 56 59 68 70 76 84 88 95 ]
76: [ 5 7 35 44 48 52 65 75 79 88 100 ]
77: [ 3 11 20 25 31 37 41 43 63 82 94 95 100 ]
78: [ 14 19 22 28 37 44 61 62 70 81 85 87 ]
79: [ 6 13 39 62 68 70 76 82 84 99 ]
80: [ 2 6 15 28 39 40 43 51 70 91 95 ]
81: [ 11 12 15 31 36 45 51 78 99 100 ]
82: [ 1 14 18 26 29 38 39 42 47 58 77 79 95 99 ]
83: [ 5 38 51 60 98 ]
84: [ 22 38 43 51 52 54 57 75 79 89 100 ]
85: [ 2 9 10 25 39 41 49 51 59 61 65 78 87 97 ]
86: [ 1 15 19 32 36 42 48 62 70 71 99 ]
87: [ 7 22 24 25 44 55 65 78 85 ]
88: [ 14 17 61 75 76 91 100 ]
89: [ 60 84 93 ]
90: [ 15 35 63 74 94 ]
91: [ 31 49 71 80 88 ]
92: [ 1 3 24 49 51 53 62 67 97 98 ]
93: [ 1 19 25 38 40 46 74 89 98 100 ]
94: [ 11 39 42 44 69 77 90 ]
95: [ 1 22 25 28 36 48 54 67 71 75 77 80 82 100 ]
96: [ 21 28 61 ]
97: [ 14 44 45 54 59 71 72 85 92 ]
98: [ 2 8 9 26 32 35 38 46 47 59 83 92 93 ]
99: [ 15 27 30 67 79 81 82 86 100 ]
100: [ 1 14 28 29 34 47 64 76 77 81 84 88 93 95 99 ]
