1: [ 23 33 49 61 65 70 87 91 ]
2: [ 5 13 17 36 44 45 66 80 86 ]
3: [ 9 13 22 38 56 ]
4: [ 12 24 25 30 46 54 81 82 98 ]
5: [ 2 8 22 29 35 48 65 67 82 87 93 99 100 ]
6: [ 21 23 42 50 68 69 80 91 94 98 99 100 ]
7: [ 25 59 85 97 ]
8: [ 5 14 28 30 37 69 74 91 95 ]
9: [ 3 10 30 33 34 60 71 80 94 95 ]
10: [ 9 14 17 21 25 33 54 69 70 99 ]
11: [ 31 48 57 69 94 97 ]
12: [ 4 17 19 23 52 55 69 99 ]
13: [ 2 3 20 30 39 45 50 51 52 66 80 81 85 92 ]
14: [ 8 10 23 28 34 39 54 57 74 94 ]
15: [ 22 29 42 48 49 54 64 79 81 89 ]
16: [ 27 43 69 83 ]
17: [ 2 10 12 23 37 52 64 65 89 98 ]
18: [ 34 41 49 83 ]
19: [ 12 26 27 ]
20: [ 13 21 75 80 95 ]
21: [ 6 10 20 26 35 45 54 63 93 ]
22: [ 3 5 15 40 41 66 ]
23: [ 1 6 12 14 17 34 40 51 63 65 69 89 96 ]
24: [ 4 26 27 45 57 60 72 74 79 80 88 94 ]
25: [ 4 7 10 26 27 38 45 47 53 54 71 76 84 ]
26: [ 19 21 24 25 37 67 70 74 85 ]
27: [ 16 19 24 25 43 77 85 86 ]
28: [ 8 14 30 40 52 62 80 82 88 97 99 ]
29: [ 5 15 35 36 37 38 46 47 61 64 70 74 90 ]
30: [ 4 8 9 13 28 38 41 44 61 64 85 91 ]
31: [ 11 42 48 52 66 86 ]
32: [ 35 55 70 ]
33: [ 1 9 10 48 55 87 88 ]
34: [ 9 14 18 23 41 47 73 79 81 86 ]
35: [ 5 21 29 32 36 38 41 55 64 74 81 94 98 ]
36: [ 2 29 35 38 61 67 75 85 89 ]
37: [ 8 17 26 29 65 74 98 99 100 ]
38: [ 3 25 29 30 35 36 41 58 60 67 70 81 88 95 ]
39: [ 13 14 49 68 76 84 88 91 95 ]
40: [ 22 23 28 ]
41: [ 18 22 30 34 35 38 43 49 68 72 91 ]
42: [ 6 15 31 47 84 88 97 ]
43: [ 16 27 41 44 46 49 59 74 75 77 84 86 92 ]
44: [ 2 30 43 46 50 76 82 ]
45: [ 2 13 21 24 25 47 49 61 62 66 71 73 74 79 98 ]
46: [ 4 29 43 44 50 59 63 76 83 88 99 ]
47: [ 25 29 34 42 45 57 58 59 65 ]
48: [ 5 11 15 31 33 60 67 69 72 89 ]
49: [ 1 15 18 39 41 43 45 62 86 93 94 99 ]
50: [ 6 13 44 46 52 56 69 80 96 ]
51: [ 13 23 54 67 76 84 88 100 ]
52: [ 12 13 17 28 31 50 61 70 88 96 ]
53: [ 25 69 70 71 89 100 ]
54: [ 4 10 14 15 21 25 51 64 68 73 86 ]
55: [ 12 32 33 35 61 63 88 99 ]
56: [ 3 50 64 68 78 93 ]
57: [ 11 14 24 47 73 76 82 83 ]
58: [ 38 47 80 95 ]
59: [ 7 43 46 47 75 93 94 ]
60: [ 9 24 38 48 67 77 90 92 ]
61: [ 1 29 30 36 45 52 55 73 89 95 ]
62: [ 28 45 49 94 ]
63: [ 21 23 46 55 64 76 97 ]
64: [ 15 17 29 30 35 54 56 63 73 85 87 91 ]
65: [ 1 5 17 23 37 47 76 88 ]
66: [ 2 13 22 31 45 94 98 99 ]
67: [ 5 26 36 38 48 51 60 74 77 78 86 ]
68: [ 6 39 41 54 56 71 79 87 ]
69: [ 6 8 10 11 12 16 23 48 50 53 88 91 ]
70: [ 1 10 26 29 32 38 52 53 ]
71: [ 9 25 45 53 68 75 ]
72: [ 24 41 48 79 80 83 96 ]
73: [ 34 45 54 57 61 64 87 88 ]
74: [ 8 14 24 26 29 35 37 43 45 67 81 84 91 ]
75: [ 20 36 43 59 71 79 84 88 89 ]
76: [ 25 39 44 46 51 57 63 65 86 ]
77: [ 27 43 60 67 81 99 ]
78: [ 56 67 ]
79: [ 15 24 34 45 68 72 75 84 87 ]
80: [ 2 6 9 13 20 24 28 50 58 72 89 90 ]
81: [ 4 13 15 34 35 38 74 77 ]
82: [ 4 5 28 44 57 83 94 ]
83: [ 16 18 46 57 72 82 ]
84: [ 25 39 42 43 51 74 75 79 86 93 97 ]
85: [ 7 13 26 27 30 36 64 90 96 ]
86: [ 2 27 31 34 43 49 54 67 76 84 88 99 ]
87: [ 1 5 33 64 68 73 79 95 ]
88: [ 24 28 33 38 39 42 46 51 52 55 65 69 73 75 86 ]
89: [ 15 17 23 36 48 53 61 75 80 94 99 ]
90: [ 29 60 80 85 ]
91: [ 1 6 8 30 39 41 64 69 74 ]
92: [ 13 43 60 ]
93: [ 5 21 49 56 59 84 ]
94: [ 6 9 11 14 24 35 49 59 62 66 82 89 ]
95: [ 8 9 20 38 39 58 61 87 ]
96: [ 23 50 52 72 85 ]
97: [ 7 11 28 42 63 84 ]
98: [ 4 6 17 35 37 45 66 ]
99: [ 5 6 10 12 28 37 46 49 55 66 77 86 89 ]
100: [ 5 6 37 51 53 ]
