1: [ 8 13 53 58 65 75 76 80 82 84 99 ]
2: [ 5 20 33 71 72 74 86 ]
3: [ 14 38 47 ]
4: [ 55 66 76 ]
5: [ 2 7 18 50 63 71 77 84 91 98 ]
6: [ 12 16 36 45 61 76 85 97 ]
7: [ 5 43 52 56 66 74 ]
8: [ 1 21 22 23 35 95 ]
9: [ 25 28 33 38 40 99 ]
10: [ 14 25 35 38 43 46 64 67 68 100 ]
11: [ 37 68 72 ]
12: [ 6 19 27 28 39 45 47 65 75 81 ]
13: [ 1 16 46 55 57 94 96 ]
14: [ 3 10 21 25 36 42 59 61 64 68 76 80 87 88 94 ]
15: [ 41 43 52 62 65 68 74 79 84 ]
16: [ 6 13 32 35 37 38 45 46 71 75 77 84 88 90 ]
17: [ 36 44 52 76 85 88 ]
18: [ 5 25 32 33 40 45 56 65 67 70 84 ]
19: [ 12 79 ]
20: [ 2 83 90 96 ]
21: [ 8 14 27 34 36 40 41 43 49 75 78 91 93 96 ]
22: [ 8 25 35 52 56 58 63 66 83 87 97 ]
23: [ 8 27 32 41 48 50 55 70 73 87 88 93 94 ]
24: [ 38 43 95 ]
25: [ 9 10 14 18 22 41 47 48 49 67 68 84 87 97 ]
26: [ 27 59 62 64 70 74 93 ]
27: [ 12 21 23 26 33 56 69 72 75 82 84 91 95 98 ]
28: [ 9 12 41 42 66 85 96 ]
29: [ 43 51 62 64 74 88 ]
30: [ 32 37 41 87 ]
31: [ 36 50 73 ]
32: [ 16 18 23 30 41 49 63 71 76 ]
33: [ 2 9 18 27 49 55 64 68 75 76 93 ]
34: [ 21 47 61 78 80 99 ]
35: [ 8 10 16 22 38 41 48 62 63 68 83 87 ]
36: [ 6 14 17 21 31 40 58 66 73 90 99 ]
37: [ 11 16 30 41 67 93 ]
38: [ 3 9 10 16 24 35 52 59 70 85 96 97 ]
39: [ 12 57 65 71 77 91 ]
40: [ 9 18 21 36 43 44 50 54 61 65 98 ]
41: [ 15 21 23 25 28 30 32 35 37 46 54 61 72 76 77 79 87 100 ]
42: [ 14 28 65 86 87 ]
43: [ 7 10 15 21 24 29 40 58 65 71 78 ]
44: [ 17 40 58 62 80 94 ]
45: [ 6 12 16 18 48 84 92 ]
46: [ 10 13 16 41 47 49 53 64 72 81 84 85 90 ]
47: [ 3 12 25 34 46 51 54 66 70 76 84 87 ]
48: [ 23 25 35 45 54 73 91 97 ]
49: [ 21 25 32 33 46 60 74 90 92 ]
50: [ 5 23 31 40 81 84 ]
51: [ 29 47 80 97 ]
52: [ 7 15 17 22 38 61 62 64 72 73 92 95 100 ]
53: [ 1 46 55 74 95 100 ]
54: [ 40 41 47 48 63 72 92 96 ]
55: [ 4 13 23 33 53 68 69 76 86 90 ]
56: [ 7 18 22 27 57 79 ]
57: [ 13 39 56 65 71 81 100 ]
58: [ 1 22 36 43 44 59 90 98 ]
59: [ 14 26 38 58 61 69 79 88 94 97 ]
60: [ 49 63 80 ]
61: [ 6 14 34 40 41 52 59 68 70 72 ]
62: [ 15 26 29 35 44 52 63 74 75 76 79 91 92 95 ]
63: [ 5 22 32 35 54 60 62 72 81 95 ]
64: [ 10 14 26 29 33 46 52 81 88 93 ]
65: [ 1 12 15 18 39 40 42 43 57 70 82 ]
66: [ 4 7 22 28 36 47 68 79 80 ]
67: [ 10 18 25 37 ]
68: [ 10 11 14 15 25 33 35 55 61 66 74 76 79 89 ]
69: [ 27 55 59 72 76 79 86 ]
70: [ 18 23 26 38 47 61 65 72 91 ]
71: [ 2 5 16 32 39 43 57 ]
72: [ 2 11 27 41 46 52 54 61 63 69 70 77 82 ]
73: [ 23 31 36 48 52 77 86 ]
74: [ 2 7 15 26 29 49 53 62 68 75 85 87 ]
75: [ 1 12 16 21 27 33 62 74 76 87 90 ]
76: [ 1 4 6 14 17 32 33 41 47 55 62 68 69 75 79 98 ]
77: [ 5 16 39 41 72 73 90 ]
78: [ 21 34 43 94 ]
79: [ 15 19 41 56 59 62 66 68 69 76 100 ]
80: [ 1 14 34 44 51 60 66 ]
81: [ 12 46 50 57 63 64 87 ]
82: [ 1 27 65 72 ]
83: [ 20 22 35 ]
84: [ 1 5 15 16 18 25 27 45 46 47 50 94 ]
85: [ 6 17 28 38 46 74 90 94 ]
86: [ 2 42 55 69 73 ]
87: [ 14 22 23 25 30 35 41 42 47 74 75 81 91 97 100 ]
88: [ 14 16 17 23 29 59 64 90 ]
89: [ 68 91 100 ]
90: [ 16 20 36 46 49 55 58 75 77 85 88 91 ]
91: [ 5 21 27 39 48 62 70 87 89 90 92 95 98 ]
92: [ 45 49 52 54 62 91 ]
93: [ 21 23 26 33 37 64 95 ]
94: [ 13 14 23 44 59 78 84 85 98 ]
95: [ 8 24 27 52 53 62 63 91 93 ]
96: [ 13 20 21 28 38 54 99 ]
97: [ 6 22 25 38 48 51 59 87 ]
98: [ 5 27 40 58 76 91 94 ]
99: [ 1 9 34 36 96 ]
100: [ 10 41 52 53 57 79 87 89 ]
