1: [ 20 25 36 46 48 62 94 ]
2: [ 15 29 34 59 62 69 88 89 ]
3: [ 8 11 52 56 68 98 ]
4: [ 6 17 31 41 53 62 81 82 84 ]
5: [ 50 ]
6: [ 4 17 33 36 50 69 70 77 94 100 ]
7: [ 21 26 77 94 100 ]
8: [ 3 10 19 25 26 41 47 62 64 73 84 ]
9: [ 27 54 74 85 90 ]
10: [ 8 11 20 23 28 32 35 52 63 ]
11: [ 3 10 37 52 61 64 68 97 ]
12: [ 25 28 34 39 53 60 62 64 66 67 85 91 99 ]
13: [ 20 33 52 71 83 ]
14: [ 25 34 45 58 69 74 86 87 ]
15: [ 2 35 46 58 74 96 ]
16: [ 22 24 25 28 36 56 70 74 ]
17: [ 4 6 19 25 28 40 41 44 52 53 61 64 68 82 91 ]
18: [ 31 33 53 60 64 69 74 ]
19: [ 8 17 32 39 83 91 ]
20: [ 1 10 13 22 27 38 45 50 51 67 70 81 ]
21: [ 7 26 35 38 60 71 98 ]
22: [ 16 20 43 52 55 75 89 94 100 ]
23: [ 10 26 29 31 51 58 64 70 72 76 80 87 93 100 ]
24: [ 16 26 49 59 67 76 77 82 84 99 ]
25: [ 1 8 12 14 16 17 31 65 73 81 84 95 100 ]
26: [ 7 8 21 23 24 62 75 80 96 100 ]
27: [ 9 20 51 71 80 91 92 93 ]
28: [ 10 12 16 17 54 59 64 65 71 76 80 90 ]
29: [ 2 23 32 34 47 56 58 59 62 73 93 ]
30: [ 37 51 62 72 ]
31: [ 4 18 23 25 33 37 48 53 54 60 86 91 92 ]
32: [ 10 19 29 33 53 55 60 62 63 70 74 78 ]
33: [ 6 13 18 31 32 43 52 62 78 82 85 97 ]
34: [ 2 12 14 29 49 52 58 77 80 81 92 95 ]
35: [ 10 15 21 42 49 72 91 95 96 99 ]
36: [ 1 6 16 40 56 ]
37: [ 11 30 31 45 61 78 80 ]
38: [ 20 21 43 46 55 66 73 80 82 94 96 97 ]
39: [ 12 19 40 48 49 52 59 63 64 85 98 100 ]
40: [ 17 36 39 64 83 ]
41: [ 4 8 17 42 49 50 71 82 93 ]
42: [ 35 41 92 96 ]
43: [ 22 33 38 88 95 ]
44: [ 17 46 48 53 54 59 60 80 82 ]
45: [ 14 20 37 48 56 62 78 88 90 91 ]
46: [ 1 15 38 44 54 60 66 72 93 ]
47: [ 8 29 50 73 78 80 89 95 ]
48: [ 1 31 39 44 45 49 53 76 77 78 81 91 97 ]
49: [ 24 34 35 39 41 48 55 66 90 ]
50: [ 5 6 20 41 47 56 58 59 69 97 ]
51: [ 20 23 27 30 54 57 80 85 89 ]
52: [ 3 10 11 13 17 22 33 34 39 68 88 96 97 100 ]
53: [ 4 12 17 18 31 32 44 48 60 73 85 ]
54: [ 9 28 31 44 46 51 69 91 100 ]
55: [ 22 32 38 49 59 62 63 69 72 76 77 85 92 95 96 ]
56: [ 3 16 29 36 45 50 77 81 ]
57: [ 51 68 69 72 74 82 90 97 ]
58: [ 14 15 23 29 34 50 70 83 87 ]
59: [ 2 24 28 29 39 44 50 55 81 92 ]
60: [ 12 18 21 31 32 44 46 53 70 96 98 ]
61: [ 11 17 37 71 85 89 ]
62: [ 1 2 4 8 12 26 29 30 32 33 45 55 64 68 69 74 84 87 ]
63: [ 10 32 39 55 74 81 ]
64: [ 8 11 12 17 18 23 28 39 40 62 87 89 93 98 ]
65: [ 25 28 78 ]
66: [ 12 38 46 49 72 80 ]
67: [ 12 20 24 73 92 ]
68: [ 3 11 17 52 57 62 87 ]
69: [ 2 6 14 18 50 54 55 57 62 75 84 96 100 ]
70: [ 6 16 20 23 32 58 60 79 84 ]
71: [ 13 21 27 28 41 61 83 90 98 ]
72: [ 23 30 35 46 55 57 66 88 ]
73: [ 8 25 29 38 47 53 67 ]
74: [ 9 14 15 16 18 32 57 62 63 78 83 86 93 98 ]
75: [ 22 26 69 77 93 96 100 ]
76: [ 23 24 28 48 55 77 80 82 ]
77: [ 6 7 24 34 48 55 56 75 76 84 86 100 ]
78: [ 32 33 37 45 47 48 65 74 81 85 ]
79: [ 70 ]
80: [ 23 26 27 28 34 37 38 44 47 51 66 76 85 90 91 ]
81: [ 4 20 25 34 48 56 59 63 78 88 ]
82: [ 4 17 24 33 38 41 44 57 76 85 ]
83: [ 13 19 40 58 71 74 87 89 97 ]
84: [ 4 8 24 25 62 69 70 77 ]
85: [ 9 12 33 39 51 53 55 61 78 80 82 98 ]
86: [ 14 31 74 77 88 ]
87: [ 14 23 58 62 64 68 83 ]
88: [ 2 43 45 52 72 81 86 ]
89: [ 2 22 47 51 61 64 83 93 94 ]
90: [ 9 28 45 49 57 71 80 ]
91: [ 12 17 19 27 31 35 45 48 54 80 93 95 99 ]
92: [ 27 31 34 42 55 59 67 ]
93: [ 23 27 29 41 46 64 74 75 89 91 ]
94: [ 1 6 7 22 38 89 ]
95: [ 25 34 35 43 47 55 91 100 ]
96: [ 15 26 35 38 42 52 55 60 69 75 100 ]
97: [ 11 33 38 48 50 52 57 83 ]
98: [ 3 21 39 60 64 71 74 85 ]
99: [ 12 24 35 91 ]
100: [ 6 7 22 23 25 26 39 52 54 69 75 77 95 96 ]
