1: [ 23 33 57 66 82 96 ]
2: [ 32 35 38 39 48 57 64 85 95 96 ]
3: [ 23 27 28 35 52 74 84 99 ]
4: [ 9 29 54 59 61 77 86 88 91 97 100 ]
5: [ 17 40 59 84 91 93 ]
6: [ 8 9 23 28 32 34 36 46 56 58 67 73 74 84 93 ]
7: [ 24 28 63 67 69 75 80 89 ]
8: [ 6 11 19 40 49 56 61 ]
9: [ 4 6 11 26 29 31 33 38 39 51 54 70 75 77 91 100 ]
10: [ 52 54 55 59 62 65 74 80 ]
11: [ 8 9 12 23 26 31 32 39 43 53 55 66 ]
12: [ 11 29 36 38 40 47 64 82 ]
13: [ 18 55 70 77 85 ]
14: [ 39 82 87 ]
15: [ 19 21 25 33 42 46 55 56 70 87 91 ]
16: [ 31 49 51 53 66 71 80 86 96 100 ]
17: [ 5 21 33 66 73 87 91 ]
18: [ 13 27 57 65 66 71 73 ]
19: [ 8 15 24 28 41 61 64 67 75 76 80 82 87 93 96 ]
20: [ 48 68 84 98 ]
21: [ 15 17 33 40 45 58 59 78 80 85 91 96 100 ]
22: [ 27 41 49 50 56 68 73 75 91 93 98 ]
23: [ 1 3 6 11 35 62 67 78 82 88 92 98 ]
24: [ 7 19 25 29 43 47 50 57 66 74 100 ]
25: [ 15 24 26 27 32 37 70 73 75 83 89 97 99 ]
26: [ 9 11 25 36 37 54 67 86 87 95 100 ]
27: [ 3 18 22 25 29 88 97 100 ]
28: [ 3 6 7 19 45 60 67 ]
29: [ 4 9 12 24 27 32 40 50 54 71 ]
30: [ 38 74 ]
31: [ 9 11 16 44 48 68 73 75 84 95 ]
32: [ 2 6 11 25 29 36 41 48 56 61 74 84 86 88 91 95 ]
33: [ 1 9 15 17 21 57 59 ]
34: [ 6 36 44 52 61 66 69 70 77 92 99 ]
35: [ 2 3 23 37 42 54 71 77 85 91 98 ]
36: [ 6 12 26 32 34 49 55 58 63 71 78 81 84 89 94 ]
37: [ 25 26 35 39 73 78 ]
38: [ 2 9 12 30 43 50 55 65 67 69 73 88 ]
39: [ 2 9 11 14 37 43 62 69 87 92 100 ]
40: [ 5 8 12 21 29 65 68 70 73 82 96 100 ]
41: [ 19 22 32 65 71 77 84 87 97 ]
42: [ 15 35 58 60 63 72 85 98 ]
43: [ 11 24 38 39 45 50 71 72 98 ]
44: [ 31 34 54 57 91 93 95 ]
45: [ 21 28 43 67 89 ]
46: [ 6 15 50 71 80 94 ]
47: [ 12 24 48 51 59 61 72 93 ]
48: [ 2 20 31 32 47 61 69 ]
49: [ 8 16 22 36 56 60 68 74 75 81 82 84 98 ]
50: [ 22 24 29 38 43 46 ]
51: [ 9 16 47 69 88 ]
52: [ 3 10 34 63 66 92 95 100 ]
53: [ 11 16 56 63 71 73 82 89 ]
54: [ 4 9 10 26 29 35 44 85 95 ]
55: [ 10 11 13 15 36 38 63 68 78 86 94 98 ]
56: [ 6 8 15 22 32 49 53 57 62 85 87 89 90 ]
57: [ 1 2 18 24 33 44 56 89 90 95 ]
58: [ 6 21 36 42 67 91 100 ]
59: [ 4 5 10 21 33 47 68 70 71 95 99 ]
60: [ 28 42 49 ]
61: [ 4 8 19 32 34 47 48 66 69 73 76 98 ]
62: [ 10 23 39 56 66 70 80 ]
63: [ 7 36 42 52 53 55 73 74 ]
64: [ 2 12 19 99 ]
65: [ 10 18 38 40 41 69 89 93 ]
66: [ 1 11 16 17 18 24 34 52 61 62 68 73 99 ]
67: [ 6 7 19 23 26 28 38 45 58 71 86 100 ]
68: [ 20 22 31 40 49 55 59 66 76 83 86 90 91 94 96 100 ]
69: [ 7 34 38 39 48 51 61 65 81 89 ]
70: [ 9 13 15 25 34 40 59 62 76 78 86 100 ]
71: [ 16 18 29 35 36 41 43 46 53 59 67 ]
72: [ 42 43 47 73 88 93 ]
73: [ 6 17 18 22 25 31 37 38 40 53 61 63 66 72 81 88 90 92 100 ]
74: [ 3 6 10 24 30 32 49 63 80 82 87 ]
75: [ 7 9 19 22 25 31 49 77 88 94 ]
76: [ 19 61 68 70 94 ]
77: [ 4 9 13 34 35 41 75 80 83 89 ]
78: [ 21 23 36 37 55 70 89 93 95 98 ]
79: [ ]
80: [ 7 10 16 19 21 46 62 74 77 82 98 ]
81: [ 36 49 69 73 ]
82: [ 1 12 14 19 23 40 49 53 74 80 83 ]
83: [ 25 68 77 82 84 ]
84: [ 3 5 6 20 31 32 36 41 49 83 87 97 98 ]
85: [ 2 13 21 35 42 54 56 91 95 ]
86: [ 4 16 26 32 55 67 68 70 ]
87: [ 14 15 17 19 26 39 41 56 74 84 88 89 ]
88: [ 4 23 27 32 38 51 72 73 75 87 99 ]
89: [ 7 25 36 45 53 56 57 65 69 77 78 87 92 ]
90: [ 56 57 68 73 ]
91: [ 4 5 9 15 17 21 22 32 35 44 58 68 85 95 96 99 ]
92: [ 23 34 39 52 73 89 ]
93: [ 5 6 19 22 44 47 65 72 78 95 97 ]
94: [ 36 46 55 68 75 76 ]
95: [ 2 26 31 32 44 52 54 57 59 78 85 91 93 96 99 ]
96: [ 1 2 16 19 21 40 68 91 95 100 ]
97: [ 4 25 27 41 84 93 ]
98: [ 20 22 23 35 42 43 49 55 61 78 80 84 ]
99: [ 3 25 34 59 64 66 88 91 95 100 ]
100: [ 4 9 16 21 24 26 27 39 40 52 58 67 68 70 73 96 99 ]
