1: [ 9 22 35 75 78 88 89 ]
2: [ 3 18 20 24 39 55 56 74 75 81 91 93 97 ]
3: [ 2 20 23 29 30 36 40 52 55 73 92 95 ]
4: [ 9 14 19 22 27 31 40 ]
5: [ 19 20 35 37 76 94 ]
6: [ 11 43 71 76 78 81 85 ]
7: [ 14 51 69 73 ]
8: [ 36 38 52 59 60 68 ]
9: [ 1 4 16 19 21 34 39 42 48 52 60 65 68 75 78 79 81 82 88 93 ]
10: [ 23 43 44 54 56 ]
11: [ 6 17 22 49 50 64 72 92 94 97 ]
12: [ 17 21 24 42 60 64 85 88 89 92 96 97 ]
13: [ 26 28 34 39 87 96 ]
14: [ 4 7 21 27 37 41 44 46 48 51 71 78 92 95 ]
15: [ 17 38 50 66 90 ]
16: [ 9 17 20 33 42 78 83 87 90 97 ]
17: [ 11 12 15 16 18 43 59 70 86 89 ]
18: [ 2 17 25 31 34 57 77 78 88 89 96 ]
19: [ 4 5 9 25 31 34 67 86 88 97 ]
20: [ 2 3 5 16 26 41 51 67 72 88 98 99 ]
21: [ 9 12 14 26 29 30 34 42 43 61 66 ]
22: [ 1 4 11 50 59 64 69 70 96 99 ]
23: [ 3 10 33 61 67 75 81 ]
24: [ 2 12 34 62 ]
25: [ 18 19 31 32 41 58 69 87 ]
26: [ 13 20 21 31 34 40 56 63 65 72 82 83 87 97 ]
27: [ 4 14 37 41 58 66 75 90 ]
28: [ 13 35 42 47 81 85 92 93 98 ]
29: [ 3 21 39 62 63 71 87 88 90 100 ]
30: [ 3 21 49 59 83 91 95 96 ]
31: [ 4 18 19 25 26 52 56 71 72 74 76 86 93 ]
32: [ 25 67 89 92 100 ]
33: [ 16 23 35 38 43 49 52 56 58 69 79 84 ]
34: [ 9 13 18 19 21 24 26 40 46 50 80 99 ]
35: [ 1 5 28 33 40 50 59 70 78 90 ]
36: [ 3 8 67 78 88 93 ]
37: [ 5 14 27 57 59 66 71 72 74 79 81 89 93 98 ]
38: [ 8 15 33 41 45 60 69 ]
39: [ 2 9 13 29 72 ]
40: [ 3 4 26 34 35 42 48 62 64 68 98 100 ]
41: [ 14 20 25 27 38 54 59 71 ]
42: [ 9 12 16 21 28 40 46 61 65 ]
43: [ 6 10 17 21 33 44 61 66 73 81 99 ]
44: [ 10 14 43 49 55 68 70 87 98 ]
45: [ 38 49 72 78 83 92 93 ]
46: [ 14 34 42 70 80 83 97 ]
47: [ 28 68 74 77 ]
48: [ 9 14 40 57 59 88 92 100 ]
49: [ 11 30 33 44 45 57 63 67 91 ]
50: [ 11 15 22 34 35 60 62 66 69 86 ]
51: [ 7 14 20 64 65 67 75 91 96 ]
52: [ 3 8 9 31 33 63 67 76 92 ]
53: [ 61 97 ]
54: [ 10 41 70 72 75 ]
55: [ 2 3 44 61 100 ]
56: [ 2 10 26 31 33 58 67 71 74 ]
57: [ 18 37 48 49 59 61 75 ]
58: [ 25 27 33 56 61 98 ]
59: [ 8 17 22 30 35 37 41 48 57 62 94 ]
60: [ 8 9 12 38 50 61 67 93 ]
61: [ 21 23 42 43 53 55 57 58 60 70 71 ]
62: [ 24 29 40 50 59 70 72 83 ]
63: [ 26 29 49 52 98 ]
64: [ 11 12 22 40 51 77 86 97 ]
65: [ 9 26 42 51 98 ]
66: [ 15 21 27 37 43 50 ]
67: [ 19 20 23 32 36 49 51 52 56 60 68 89 ]
68: [ 8 9 40 44 47 67 69 75 79 ]
69: [ 7 22 25 33 38 50 68 84 88 ]
70: [ 17 22 35 44 46 54 61 62 90 ]
71: [ 6 14 29 31 37 41 56 61 75 81 94 96 ]
72: [ 11 20 26 31 37 39 45 54 62 ]
73: [ 3 7 43 74 81 84 90 98 ]
74: [ 2 31 37 47 56 73 94 98 ]
75: [ 1 2 9 23 27 51 54 57 68 71 78 82 89 95 ]
76: [ 5 6 31 52 ]
77: [ 18 47 64 84 90 ]
78: [ 1 6 9 14 16 18 35 36 45 75 90 92 99 ]
79: [ 9 33 37 68 81 86 92 ]
80: [ 34 46 81 ]
81: [ 2 6 9 23 28 37 43 71 73 79 80 86 ]
82: [ 9 26 75 83 ]
83: [ 16 26 30 45 46 62 82 86 89 ]
84: [ 33 69 73 77 94 96 ]
85: [ 6 12 28 88 94 ]
86: [ 17 19 31 50 64 79 81 83 88 ]
87: [ 13 16 25 26 29 44 ]
88: [ 1 9 12 18 19 20 29 36 48 69 85 86 93 96 ]
89: [ 1 12 17 18 32 37 67 75 83 ]
90: [ 15 16 27 29 35 70 73 77 78 ]
91: [ 2 30 49 51 ]
92: [ 3 11 12 14 28 32 45 48 52 78 79 ]
93: [ 2 9 28 31 36 37 45 60 88 ]
94: [ 5 11 59 71 74 84 85 95 ]
95: [ 3 14 30 75 94 97 ]
96: [ 12 13 18 22 30 51 71 84 88 97 ]
97: [ 2 11 12 16 19 26 46 53 64 95 96 ]
98: [ 20 28 37 40 44 58 63 65 73 74 100 ]
99: [ 20 22 34 43 78 ]
100: [ 29 32 40 48 55 98 ]
