1: [ 4 6 17 94 ]
2: [ 6 13 25 26 27 49 68 86 90 91 ]
3: [ 9 12 19 22 30 33 44 54 56 60 66 72 90 91 ]
4: [ 1 15 17 24 38 62 69 82 91 94 95 ]
5: [ 10 19 35 39 43 47 55 75 98 ]
6: [ 1 2 22 30 33 47 48 55 66 71 84 ]
7: [ 12 39 41 48 67 70 72 77 94 95 ]
8: [ 29 66 75 ]
9: [ 3 15 27 37 54 61 66 70 86 90 ]
10: [ 5 43 54 84 88 ]
11: [ 27 36 46 78 89 91 ]
12: [ 3 7 13 27 39 42 46 52 55 60 65 68 76 77 78 87 ]
13: [ 2 12 14 15 56 61 64 79 96 97 ]
14: [ 13 20 21 26 47 57 60 62 70 76 ]
15: [ 4 9 13 19 43 44 47 51 59 76 78 85 99 ]
16: [ 18 66 80 87 88 99 ]
17: [ 1 4 37 41 48 49 83 94 ]
18: [ 16 22 42 64 68 88 89 93 ]
19: [ 3 5 15 30 57 66 72 78 84 86 93 ]
20: [ 14 22 23 28 29 38 54 62 65 77 86 ]
21: [ 14 34 35 45 46 56 72 86 91 92 ]
22: [ 3 6 18 20 23 38 46 57 68 77 83 ]
23: [ 20 22 43 44 51 59 100 ]
24: [ 4 37 53 61 73 78 79 90 96 ]
25: [ 2 26 30 42 49 52 60 66 72 94 97 ]
26: [ 2 14 25 27 28 42 43 52 63 79 85 ]
27: [ 2 9 11 12 26 33 34 39 56 64 83 ]
28: [ 20 26 63 87 96 ]
29: [ 8 20 35 38 50 90 93 ]
30: [ 3 6 19 25 43 55 71 96 ]
31: [ 42 58 76 78 79 ]
32: [ 57 ]
33: [ 3 6 27 49 60 82 84 87 92 ]
34: [ 21 27 36 56 57 84 92 ]
35: [ 5 21 29 54 ]
36: [ 11 34 38 54 56 74 83 98 ]
37: [ 9 17 24 62 63 83 91 ]
38: [ 4 20 22 29 36 44 61 64 ]
39: [ 5 7 12 27 46 50 56 61 63 75 ]
40: [ 77 88 ]
41: [ 7 17 55 65 68 ]
42: [ 12 18 25 26 31 70 78 82 94 ]
43: [ 5 10 15 23 26 30 44 60 79 95 ]
44: [ 3 15 23 38 43 58 62 65 67 74 88 ]
45: [ 21 77 96 ]
46: [ 11 12 21 22 39 56 65 66 100 ]
47: [ 5 6 14 15 52 59 61 81 84 87 98 ]
48: [ 6 7 17 57 88 90 ]
49: [ 2 17 25 33 62 ]
50: [ 29 39 55 57 60 86 94 99 ]
51: [ 15 23 55 78 ]
52: [ 12 25 26 47 66 88 ]
53: [ 24 65 94 ]
54: [ 3 9 10 20 35 36 57 58 78 80 ]
55: [ 5 6 12 30 41 50 51 70 71 72 73 77 88 90 ]
56: [ 3 13 21 27 34 36 39 46 75 79 80 87 88 96 ]
57: [ 14 19 22 32 34 48 50 54 61 72 95 96 97 ]
58: [ 31 44 54 66 72 ]
59: [ 15 23 47 98 100 ]
60: [ 3 12 14 25 33 43 50 62 64 66 69 86 91 93 ]
61: [ 9 13 24 38 39 47 57 76 91 96 98 99 ]
62: [ 4 14 20 37 44 49 60 67 76 88 ]
63: [ 26 28 37 39 91 100 ]
64: [ 13 18 27 38 60 84 86 93 ]
65: [ 12 20 41 44 46 53 88 90 93 95 ]
66: [ 3 6 8 9 16 19 25 46 52 58 60 83 84 95 ]
67: [ 7 44 62 83 ]
68: [ 2 12 18 22 41 76 84 97 ]
69: [ 4 60 100 ]
70: [ 7 9 14 42 55 85 ]
71: [ 6 30 55 ]
72: [ 3 7 19 21 25 55 57 58 80 ]
73: [ 24 55 79 82 84 ]
74: [ 36 44 ]
75: [ 5 8 39 56 76 89 ]
76: [ 12 14 15 31 61 62 68 75 99 ]
77: [ 7 12 20 22 40 45 55 ]
78: [ 11 12 15 19 24 31 42 51 54 85 86 90 ]
79: [ 13 24 26 31 43 56 73 82 87 98 ]
80: [ 16 54 56 72 98 ]
81: [ 47 86 93 ]
82: [ 4 33 42 73 79 95 99 ]
83: [ 17 22 27 36 37 66 67 86 ]
84: [ 6 10 19 33 34 47 64 66 68 73 88 92 93 ]
85: [ 15 26 70 78 ]
86: [ 2 9 19 20 21 50 60 64 78 81 83 100 ]
87: [ 12 16 28 33 47 56 79 89 92 ]
88: [ 10 16 18 40 44 48 52 55 56 62 65 84 ]
89: [ 11 18 75 87 90 93 ]
90: [ 2 3 9 24 29 48 55 65 78 89 91 94 95 96 98 ]
91: [ 2 3 4 11 21 37 60 61 63 90 ]
92: [ 21 33 34 84 87 98 ]
93: [ 18 19 29 60 64 65 81 84 89 98 ]
94: [ 1 4 7 17 25 42 50 53 90 96 ]
95: [ 4 7 43 57 65 66 82 90 ]
96: [ 13 24 28 30 45 56 57 61 90 94 97 ]
97: [ 13 25 57 68 96 ]
98: [ 5 36 47 59 61 79 80 90 92 93 99 ]
99: [ 15 16 50 61 76 82 98 ]
100: [ 23 46 59 63 69 86 ]
