1: [ 2 26 30 41 43 45 65 81 96 ]
2: [ 1 11 22 67 69 ]
3: [ 4 35 49 55 64 78 ]
4: [ 3 43 49 67 68 ]
5: [ 6 15 25 35 40 42 45 52 64 68 79 80 81 92 ]
6: [ 5 17 21 29 30 31 40 42 43 65 74 93 94 ]
7: [ 16 31 34 41 76 81 83 ]
8: [ 14 23 25 35 59 65 81 90 100 ]
9: [ 13 21 37 65 73 78 80 ]
10: [ 11 32 44 52 58 78 ]
11: [ 2 10 35 45 46 49 66 72 73 88 ]
12: [ 25 40 52 56 66 68 72 87 ]
13: [ 9 49 54 55 58 60 95 100 ]
14: [ 8 39 43 48 49 61 80 96 ]
15: [ 5 19 24 39 55 82 87 ]
16: [ 7 17 25 26 47 55 58 61 67 69 72 78 80 94 ]
17: [ 6 16 28 29 30 39 47 61 65 66 67 69 83 88 98 ]
18: [ 24 59 66 73 86 94 ]
19: [ 15 24 25 26 31 36 51 54 62 68 72 75 78 85 88 ]
20: [ 34 38 72 92 ]
21: [ 6 9 54 73 85 91 92 98 ]
22: [ 2 41 58 69 72 87 88 ]
23: [ 8 36 39 43 56 85 87 93 ]
24: [ 15 18 19 26 27 38 68 88 90 ]
25: [ 5 8 12 16 19 35 41 55 82 95 98 ]
26: [ 1 16 19 24 52 58 64 66 82 95 ]
27: [ 24 30 40 42 48 54 63 65 66 76 94 ]
28: [ 17 42 52 54 55 99 ]
29: [ 6 17 31 41 56 57 69 92 94 ]
30: [ 1 6 17 27 56 67 93 ]
31: [ 6 7 19 29 35 39 44 68 70 75 80 90 94 98 ]
32: [ 10 36 40 47 52 66 75 76 96 ]
33: [ 54 61 63 87 ]
34: [ 7 20 67 78 99 ]
35: [ 3 5 8 11 25 31 46 54 76 ]
36: [ 19 23 32 40 57 63 72 ]
37: [ 9 40 64 68 70 72 83 86 97 98 ]
38: [ 20 24 41 63 72 ]
39: [ 14 15 17 23 31 42 49 55 63 66 72 74 86 88 99 ]
40: [ 5 6 12 27 32 36 37 46 75 85 94 97 ]
41: [ 1 7 22 25 29 38 43 54 59 60 70 76 91 95 ]
42: [ 5 6 27 28 39 43 47 48 55 75 78 94 98 ]
43: [ 1 4 6 14 23 41 42 56 59 ]
44: [ 10 31 47 48 51 54 56 75 83 98 ]
45: [ 1 5 11 47 82 87 89 94 ]
46: [ 11 35 40 ]
47: [ 16 17 32 42 44 45 55 64 70 95 96 ]
48: [ 14 27 42 44 67 68 73 77 80 93 97 ]
49: [ 3 4 11 13 14 39 54 55 64 65 69 86 93 ]
50: [ 64 65 88 92 ]
51: [ 19 44 ]
52: [ 5 10 12 26 28 32 59 64 73 75 ]
53: [ 56 73 79 ]
54: [ 13 19 21 27 28 33 35 41 44 49 85 98 ]
55: [ 3 13 15 16 25 28 39 42 47 49 56 86 ]
56: [ 12 23 29 30 43 44 53 55 72 74 75 84 85 87 ]
57: [ 29 36 60 75 84 ]
58: [ 10 13 16 22 26 65 69 76 78 80 87 98 ]
59: [ 8 18 41 43 52 63 64 67 84 96 97 ]
60: [ 13 41 57 61 83 ]
61: [ 14 16 17 33 60 73 83 93 ]
62: [ 19 73 ]
63: [ 27 33 36 38 39 59 74 88 94 98 ]
64: [ 3 5 26 37 47 49 50 52 59 75 80 84 ]
65: [ 1 6 8 9 17 27 49 50 58 80 81 94 97 98 ]
66: [ 11 12 17 18 26 27 32 39 77 85 ]
67: [ 2 4 16 17 30 34 48 59 79 81 87 94 97 ]
68: [ 4 5 12 19 24 31 37 48 74 77 87 ]
69: [ 2 16 17 22 29 49 58 72 82 ]
70: [ 31 37 41 47 86 ]
71: [ 80 ]
72: [ 11 12 16 19 20 22 36 37 38 39 56 69 73 88 92 96 ]
73: [ 9 11 18 21 48 52 53 61 62 72 75 89 95 97 98 ]
74: [ 6 39 56 63 68 80 ]
75: [ 19 31 32 40 42 44 52 56 57 64 73 88 ]
76: [ 7 27 32 35 41 58 90 98 ]
77: [ 48 66 68 ]
78: [ 3 9 10 16 19 34 42 58 ]
79: [ 5 53 67 ]
80: [ 5 9 14 16 31 48 58 64 65 71 74 99 ]
81: [ 1 5 7 8 65 67 ]
82: [ 15 25 26 45 69 ]
83: [ 7 17 37 44 60 61 91 ]
84: [ 56 57 59 64 ]
85: [ 19 21 23 40 54 56 66 87 92 94 96 ]
86: [ 18 37 39 49 55 70 90 ]
87: [ 12 15 22 23 33 45 56 58 67 68 85 94 ]
88: [ 11 17 19 22 24 39 50 63 72 75 90 ]
89: [ 45 73 ]
90: [ 8 24 31 76 86 88 ]
91: [ 21 41 83 ]
92: [ 5 20 21 29 50 72 85 95 98 100 ]
93: [ 6 23 30 48 49 61 ]
94: [ 6 16 18 27 29 31 40 42 45 63 65 67 85 87 ]
95: [ 13 25 26 41 47 73 92 99 ]
96: [ 1 14 32 47 59 72 85 ]
97: [ 37 40 48 59 65 67 73 100 ]
98: [ 17 21 25 31 37 42 44 54 58 63 65 73 76 92 ]
99: [ 28 34 39 80 95 ]
100: [ 8 13 92 97 ]
