1: [ 5 14 18 22 35 40 41 48 86 88 94 100 ]
2: [ 11 16 19 23 59 78 88 94 100 ]
3: [ 23 28 36 49 57 58 59 78 92 95 ]
4: [ 35 38 53 68 86 ]
5: [ 1 9 20 35 59 75 80 85 89 98 ]
6: [ 25 28 30 39 93 100 ]
7: [ 16 30 37 38 39 52 62 64 75 76 88 89 ]
8: [ 12 15 17 21 23 31 37 53 ]
9: [ 5 13 14 24 31 38 53 65 83 ]
10: [ 12 38 47 60 67 75 86 89 96 ]
11: [ 2 21 23 24 31 33 50 67 69 70 86 91 97 ]
12: [ 8 10 15 34 37 43 47 52 64 74 86 ]
13: [ 9 25 33 41 49 53 87 ]
14: [ 1 9 25 36 50 94 95 ]
15: [ 8 12 52 57 84 ]
16: [ 2 7 43 52 53 81 97 ]
17: [ 8 18 23 29 51 57 79 83 86 100 ]
18: [ 1 17 44 96 ]
19: [ 2 45 76 90 100 ]
20: [ 5 22 28 41 43 45 51 70 90 97 ]
21: [ 8 11 43 69 90 92 ]
22: [ 1 20 23 27 34 ]
23: [ 2 3 8 11 17 22 35 42 43 74 ]
24: [ 9 11 56 57 ]
25: [ 6 13 14 31 43 58 73 92 ]
26: [ 36 43 65 74 ]
27: [ 22 33 39 41 59 76 79 82 ]
28: [ 3 6 20 39 48 71 73 88 98 ]
29: [ 17 50 77 ]
30: [ 6 7 32 41 80 ]
31: [ 8 9 11 25 42 50 57 64 67 68 76 81 90 ]
32: [ 30 35 37 40 59 65 73 91 95 ]
33: [ 11 13 27 73 ]
34: [ 12 22 41 48 62 71 86 ]
35: [ 1 4 5 23 32 42 51 53 ]
36: [ 3 14 26 51 74 97 99 ]
37: [ 7 8 12 32 41 47 57 68 89 90 ]
38: [ 4 7 9 10 45 61 70 75 77 94 100 ]
39: [ 6 7 27 28 40 41 45 46 54 91 93 97 ]
40: [ 1 32 39 46 55 83 93 ]
41: [ 1 13 20 27 30 34 37 39 72 74 85 99 ]
42: [ 23 31 35 92 96 ]
43: [ 12 16 20 21 23 25 26 44 54 62 68 80 83 94 ]
44: [ 18 43 95 ]
45: [ 19 20 38 39 50 56 59 65 67 83 ]
46: [ 39 40 64 74 76 77 79 88 89 97 ]
47: [ 10 12 37 73 79 80 82 91 ]
48: [ 1 28 34 50 54 70 90 94 99 ]
49: [ 3 13 50 51 56 67 69 72 79 94 ]
50: [ 11 14 29 31 45 48 49 70 77 85 95 ]
51: [ 17 20 35 36 49 52 57 68 80 84 94 ]
52: [ 7 12 15 16 51 53 65 72 76 77 86 89 90 ]
53: [ 4 8 9 13 16 35 52 57 60 67 92 96 ]
54: [ 39 43 48 56 77 99 ]
55: [ 40 80 ]
56: [ 24 45 49 54 65 70 88 ]
57: [ 3 15 17 24 31 37 51 53 64 65 90 93 ]
58: [ 3 25 71 72 85 ]
59: [ 2 3 5 27 32 45 85 ]
60: [ 10 53 70 92 93 94 ]
61: [ 38 64 66 68 84 95 ]
62: [ 7 34 43 70 82 ]
63: [ 68 72 83 ]
64: [ 7 12 31 46 57 61 97 98 ]
65: [ 9 26 32 45 52 56 57 83 92 99 ]
66: [ 61 76 ]
67: [ 10 11 31 45 49 53 75 82 98 ]
68: [ 4 31 37 43 51 61 63 70 72 89 ]
69: [ 11 21 49 73 93 ]
70: [ 11 20 38 48 50 56 60 62 68 77 79 ]
71: [ 28 34 58 86 100 ]
72: [ 41 49 52 58 63 68 82 83 ]
73: [ 25 28 32 33 47 69 97 ]
74: [ 12 23 26 36 41 46 77 79 86 87 ]
75: [ 5 7 10 38 67 82 ]
76: [ 7 19 27 31 46 52 66 78 87 93 ]
77: [ 29 38 46 50 52 54 70 74 79 82 93 97 ]
78: [ 2 3 76 79 90 92 ]
79: [ 17 27 46 47 49 70 74 77 78 88 90 ]
80: [ 5 30 43 47 51 55 84 87 93 ]
81: [ 16 31 85 ]
82: [ 27 47 62 67 72 75 77 83 85 97 ]
83: [ 9 17 40 43 45 63 65 72 82 85 93 ]
84: [ 15 51 61 80 86 93 100 ]
85: [ 5 41 50 58 59 81 82 83 87 95 ]
86: [ 1 4 10 11 12 17 34 52 71 74 84 98 ]
87: [ 13 74 76 80 85 95 ]
88: [ 1 2 7 28 46 56 79 90 93 98 ]
89: [ 5 7 10 37 46 52 68 ]
90: [ 19 20 21 31 37 48 52 57 78 79 88 93 ]
91: [ 11 32 39 47 ]
92: [ 3 21 25 42 53 60 65 78 93 ]
93: [ 6 39 40 57 60 69 76 77 80 83 84 88 90 92 100 ]
94: [ 1 2 14 38 43 48 49 51 60 ]
95: [ 3 14 32 44 50 61 85 87 100 ]
96: [ 10 18 42 53 ]
97: [ 11 16 20 36 39 46 64 73 77 82 ]
98: [ 5 28 64 67 86 88 ]
99: [ 36 41 48 54 65 ]
100: [ 1 2 6 17 19 38 71 84 93 95 ]
