1: [ 9 18 25 31 48 50 67 72 82 83 84 90 94 ]
2: [ 3 11 12 21 30 39 54 77 93 98 ]
3: [ 2 8 14 34 ]
4: [ 7 46 75 ]
5: [ 14 38 43 52 59 98 ]
6: [ 26 37 84 94 ]
7: [ 4 17 30 55 60 64 100 ]
8: [ 3 12 30 31 37 38 45 61 62 69 94 ]
9: [ 1 13 26 35 57 59 61 73 87 88 95 ]
10: [ 14 46 65 80 81 93 94 96 98 99 ]
11: [ 2 28 41 45 67 71 85 92 ]
12: [ 2 8 23 28 45 51 57 59 61 75 77 94 ]
13: [ 9 14 15 16 23 25 35 44 62 64 70 74 76 90 ]
14: [ 3 5 10 13 21 37 50 74 77 ]
15: [ 13 28 35 47 48 52 77 79 97 ]
16: [ 13 27 46 48 54 67 77 96 ]
17: [ 7 21 24 27 29 44 67 81 93 97 ]
18: [ 1 30 31 50 52 56 73 78 99 ]
19: [ 45 74 75 81 ]
20: [ 21 37 71 ]
21: [ 2 14 17 20 46 72 75 76 82 86 99 ]
22: [ 43 44 65 77 85 87 ]
23: [ 12 13 30 33 57 68 70 74 81 83 84 ]
24: [ 17 27 40 42 73 82 83 88 ]
25: [ 1 13 40 41 45 53 55 66 70 ]
26: [ 6 9 34 38 40 41 45 53 60 67 69 80 95 98 100 ]
27: [ 16 17 24 42 51 62 76 82 87 ]
28: [ 11 12 15 38 46 63 68 72 75 76 79 ]
29: [ 17 30 43 63 68 80 86 ]
30: [ 2 7 8 18 23 29 43 56 72 73 87 93 ]
31: [ 1 8 18 44 46 47 61 73 99 ]
32: [ 51 73 85 ]
33: [ 23 39 51 78 85 ]
34: [ 3 26 39 55 74 93 95 ]
35: [ 9 13 15 60 84 ]
36: [ 37 46 49 65 92 94 ]
37: [ 6 8 14 20 36 53 73 78 86 ]
38: [ 5 8 26 28 45 53 56 66 72 87 91 96 ]
39: [ 2 33 34 52 53 67 73 75 79 93 ]
40: [ 24 25 26 48 82 84 ]
41: [ 11 25 26 61 90 ]
42: [ 24 27 69 72 ]
43: [ 5 22 29 30 46 59 63 69 76 92 95 100 ]
44: [ 13 17 22 31 60 61 68 86 87 ]
45: [ 8 11 12 19 25 26 38 46 51 53 65 67 79 82 84 ]
46: [ 4 10 16 21 28 31 36 43 45 70 92 99 ]
47: [ 15 31 63 80 91 93 ]
48: [ 1 15 16 40 50 53 54 60 70 74 77 93 95 ]
49: [ 36 ]
50: [ 1 14 18 48 62 75 83 ]
51: [ 12 27 32 33 45 63 69 79 83 90 100 ]
52: [ 5 15 18 39 68 86 93 ]
53: [ 25 26 37 38 39 45 48 85 ]
54: [ 2 16 48 58 66 81 86 ]
55: [ 7 25 34 61 64 69 72 79 ]
56: [ 18 30 38 89 ]
57: [ 9 12 23 63 81 92 ]
58: [ 54 60 98 ]
59: [ 5 9 12 43 75 100 ]
60: [ 7 26 35 44 48 58 70 75 92 ]
61: [ 8 9 12 31 41 44 55 65 89 93 98 ]
62: [ 8 13 27 50 90 ]
63: [ 28 29 43 47 51 57 66 72 81 92 95 ]
64: [ 7 13 55 67 75 79 89 92 94 ]
65: [ 10 22 36 45 61 92 ]
66: [ 25 38 54 63 80 81 87 90 91 100 ]
67: [ 1 11 16 17 26 39 45 64 84 99 ]
68: [ 23 28 29 44 52 69 92 ]
69: [ 8 26 42 43 51 55 68 87 98 ]
70: [ 13 23 25 46 48 60 72 100 ]
71: [ 11 20 80 81 ]
72: [ 1 21 28 30 38 42 55 63 70 99 ]
73: [ 9 18 24 30 31 32 37 39 79 84 85 89 100 ]
74: [ 13 14 19 23 34 48 79 86 89 100 ]
75: [ 4 12 19 21 28 39 50 59 60 64 81 100 ]
76: [ 13 21 27 28 43 85 90 97 ]
77: [ 2 12 14 15 16 22 48 84 85 86 ]
78: [ 18 33 37 ]
79: [ 15 28 39 45 51 55 64 73 74 87 94 ]
80: [ 10 26 29 47 66 71 86 92 ]
81: [ 10 17 19 23 54 57 63 66 71 75 99 ]
82: [ 1 21 24 27 40 45 93 ]
83: [ 1 23 24 50 51 86 ]
84: [ 1 6 23 35 40 45 67 73 77 98 ]
85: [ 11 22 32 33 53 73 76 77 86 ]
86: [ 21 29 37 44 52 54 74 77 80 83 85 ]
87: [ 9 22 27 30 38 44 66 69 79 89 93 ]
88: [ 9 24 ]
89: [ 56 61 64 73 74 87 93 ]
90: [ 1 13 41 51 62 66 76 97 98 100 ]
91: [ 38 47 66 ]
92: [ 11 36 43 46 57 60 63 64 65 68 80 ]
93: [ 2 10 17 30 34 39 47 48 52 61 82 87 89 98 ]
94: [ 1 6 8 10 12 36 64 79 96 98 ]
95: [ 9 26 34 43 48 63 ]
96: [ 10 16 38 94 ]
97: [ 15 17 76 90 98 ]
98: [ 2 5 10 26 58 61 69 84 90 93 94 97 ]
99: [ 10 18 21 31 46 67 72 81 ]
100: [ 7 26 43 51 59 66 70 73 74 75 90 ]
