1: [ 3 9 21 41 55 69 81 98 ]
2: [ 3 6 9 10 17 30 39 76 99 ]
3: [ 1 2 10 11 21 30 31 96 97 ]
4: [ 13 31 32 50 65 79 80 98 ]
5: [ 12 28 88 ]
6: [ 2 11 22 23 32 34 49 50 66 76 95 96 97 ]
7: [ 11 13 16 27 36 39 51 53 75 96 ]
8: [ 18 24 29 34 37 50 57 59 82 83 88 89 95 ]
9: [ 1 2 16 27 49 57 64 73 84 ]
10: [ 2 3 26 39 55 58 59 64 77 ]
11: [ 3 6 7 28 37 48 61 63 72 94 ]
12: [ 5 14 35 40 73 81 89 90 92 ]
13: [ 4 7 33 34 42 53 55 85 88 99 100 ]
14: [ 12 17 26 32 36 41 49 50 67 68 69 70 71 ]
15: [ 21 22 26 42 52 54 59 61 67 69 71 83 98 ]
16: [ 7 9 22 33 42 57 58 63 ]
17: [ 2 14 21 33 34 51 65 67 78 81 85 88 94 ]
18: [ 8 40 61 75 ]
19: [ 35 87 ]
20: [ 26 35 63 75 76 87 96 ]
21: [ 1 3 15 17 25 59 64 86 87 94 95 ]
22: [ 6 15 16 24 38 49 52 58 61 62 79 86 ]
23: [ 6 29 46 50 54 77 78 80 81 ]
24: [ 8 22 39 46 52 54 64 74 90 95 97 ]
25: [ 21 35 76 ]
26: [ 10 14 15 20 29 35 42 47 73 ]
27: [ 7 9 30 45 50 59 65 67 72 ]
28: [ 5 11 29 39 58 73 80 82 ]
29: [ 8 23 26 28 41 54 61 67 76 80 81 94 ]
30: [ 2 3 27 46 54 74 79 86 96 100 ]
31: [ 3 4 43 50 61 67 77 79 94 ]
32: [ 4 6 14 39 40 46 59 76 84 90 92 98 ]
33: [ 13 16 17 35 37 39 59 78 87 91 96 ]
34: [ 6 8 13 17 43 44 51 57 60 ]
35: [ 12 19 20 25 26 33 37 39 40 46 73 79 87 ]
36: [ 7 14 37 50 69 75 79 81 88 95 100 ]
37: [ 8 11 33 35 36 64 65 75 99 ]
38: [ 22 40 57 60 66 67 70 81 84 87 96 ]
39: [ 2 7 10 24 28 32 33 35 42 48 49 73 88 ]
40: [ 12 18 32 35 38 42 57 63 70 85 91 94 95 ]
41: [ 1 14 29 45 46 57 69 76 77 95 ]
42: [ 13 15 16 26 39 40 44 48 62 74 84 96 ]
43: [ 31 34 61 98 ]
44: [ 34 42 50 61 63 76 79 81 ]
45: [ 27 41 76 83 ]
46: [ 23 24 30 32 35 41 49 51 59 61 63 64 74 83 87 91 99 100 ]
47: [ 26 48 57 74 ]
48: [ 11 39 42 47 59 68 78 83 88 97 99 100 ]
49: [ 6 9 14 22 39 46 61 78 79 83 ]
50: [ 4 6 8 14 23 27 31 36 44 58 68 91 93 ]
51: [ 7 17 34 46 80 87 88 92 95 96 ]
52: [ 15 22 24 60 64 ]
53: [ 7 13 57 81 84 87 89 91 ]
54: [ 15 23 24 29 30 74 92 94 ]
55: [ 1 10 13 66 78 97 ]
56: [ 58 78 80 ]
57: [ 8 9 16 34 38 40 41 47 53 79 80 85 ]
58: [ 10 16 22 28 50 56 59 62 63 97 ]
59: [ 8 10 15 21 27 32 33 46 48 58 60 81 ]
60: [ 34 38 52 59 63 68 89 90 ]
61: [ 11 15 18 22 29 31 43 44 46 49 71 89 97 ]
62: [ 22 42 58 78 87 97 ]
63: [ 11 16 20 40 44 46 58 60 71 79 84 ]
64: [ 9 10 21 24 37 46 52 68 74 75 91 92 96 99 ]
65: [ 4 17 27 37 74 97 ]
66: [ 6 38 55 80 88 96 ]
67: [ 14 15 17 27 29 31 38 76 84 93 100 ]
68: [ 14 48 50 60 64 75 82 ]
69: [ 1 14 15 36 41 70 73 79 100 ]
70: [ 14 38 40 69 83 86 96 97 98 ]
71: [ 14 15 61 63 80 89 94 ]
72: [ 11 27 92 ]
73: [ 9 12 26 28 35 39 69 78 87 ]
74: [ 24 30 42 46 47 54 64 65 77 82 97 ]
75: [ 7 18 20 36 37 64 68 ]
76: [ 2 6 20 25 29 32 41 44 45 67 79 86 ]
77: [ 10 23 31 41 74 78 92 ]
78: [ 17 23 33 48 49 55 56 62 73 77 81 95 99 ]
79: [ 4 22 30 31 35 36 44 49 57 63 69 76 82 90 ]
80: [ 4 23 28 29 51 56 57 66 71 83 ]
81: [ 1 12 17 23 29 36 38 44 53 59 78 91 93 95 ]
82: [ 8 28 68 74 79 91 ]
83: [ 8 15 45 46 48 49 70 80 89 ]
84: [ 9 32 38 42 53 63 67 98 ]
85: [ 13 17 40 57 96 ]
86: [ 21 22 30 70 76 97 ]
87: [ 19 20 21 33 35 38 46 51 53 62 73 88 99 ]
88: [ 5 8 13 17 36 39 48 51 66 87 ]
89: [ 8 12 53 60 61 71 83 95 ]
90: [ 12 24 32 60 79 ]
91: [ 33 40 46 50 53 64 81 82 92 96 ]
92: [ 12 32 51 54 64 72 77 91 ]
93: [ 50 67 81 ]
94: [ 11 17 21 29 31 40 54 71 95 97 98 ]
95: [ 6 8 21 24 36 40 41 51 78 81 89 94 ]
96: [ 3 6 7 20 30 33 38 42 51 64 66 70 85 91 ]
97: [ 3 6 24 48 55 58 61 62 65 70 74 86 94 ]
98: [ 1 4 15 32 43 70 84 94 ]
99: [ 2 13 37 46 48 64 78 87 ]
100: [ 13 30 36 46 48 67 69 ]
