1: [ 2 10 25 33 40 46 50 54 61 73 78 81 86 87 ]
2: [ 1 6 8 9 11 16 18 20 36 48 66 70 100 ]
3: [ 9 18 26 36 39 42 61 73 76 78 91 ]
4: [ 16 20 35 93 ]
5: [ 14 48 61 64 71 79 95 ]
6: [ 2 9 14 29 33 41 57 73 75 77 87 95 100 ]
7: [ 15 18 41 66 68 75 85 ]
8: [ 2 19 24 32 57 63 76 86 100 ]
9: [ 2 3 6 13 19 22 65 66 71 91 97 ]
10: [ 1 13 17 18 49 50 57 58 82 93 98 ]
11: [ 2 13 43 45 54 56 64 70 94 97 ]
12: [ 17 25 29 58 63 79 99 ]
13: [ 9 10 11 15 21 38 45 65 75 91 95 99 ]
14: [ 5 6 16 24 37 48 69 93 95 98 100 ]
15: [ 7 13 20 26 35 48 65 86 ]
16: [ 2 4 14 44 55 65 75 83 ]
17: [ 10 12 18 25 51 58 72 93 95 ]
18: [ 2 3 7 10 17 41 59 60 68 76 85 86 88 96 97 98 ]
19: [ 8 9 37 41 99 ]
20: [ 2 4 15 25 31 37 38 60 92 95 ]
21: [ 13 29 74 78 ]
22: [ 9 28 38 45 51 62 63 71 78 86 93 ]
23: [ 72 80 87 ]
24: [ 8 14 32 35 43 44 75 76 93 95 ]
25: [ 1 12 17 20 29 30 33 51 53 60 64 70 79 88 93 ]
26: [ 3 15 28 40 42 47 84 90 93 99 ]
27: [ 56 95 96 97 ]
28: [ 22 26 45 46 53 57 59 62 72 84 86 93 94 ]
29: [ 6 12 21 25 34 55 58 ]
30: [ 25 76 87 99 ]
31: [ 20 60 88 ]
32: [ 8 24 49 73 74 ]
33: [ 1 6 25 40 46 51 55 56 65 77 79 ]
34: [ 29 47 54 69 77 80 82 83 ]
35: [ 4 15 24 42 51 54 56 73 74 78 85 87 ]
36: [ 2 3 43 58 60 67 68 69 76 77 88 ]
37: [ 14 19 20 42 43 72 76 77 81 91 ]
38: [ 13 20 22 81 82 91 100 ]
39: [ 3 44 75 84 98 ]
40: [ 1 26 33 41 61 85 98 ]
41: [ 6 7 18 19 40 84 ]
42: [ 3 26 35 37 63 76 83 84 97 100 ]
43: [ 11 24 36 37 51 59 ]
44: [ 16 24 39 76 ]
45: [ 11 13 22 28 51 52 57 66 72 83 89 91 93 96 ]
46: [ 1 28 33 51 73 78 83 ]
47: [ 26 34 60 69 78 79 ]
48: [ 2 5 14 15 67 78 85 99 ]
49: [ 10 32 86 99 ]
50: [ 1 10 64 96 ]
51: [ 17 22 25 33 35 43 45 46 60 63 69 72 ]
52: [ 45 56 ]
53: [ 25 28 74 78 87 96 99 100 ]
54: [ 1 11 34 35 55 ]
55: [ 16 29 33 54 68 74 79 81 84 ]
56: [ 11 27 33 35 52 71 ]
57: [ 6 8 10 28 45 64 68 69 70 83 93 98 ]
58: [ 10 12 17 29 36 59 64 74 75 ]
59: [ 18 28 43 58 71 78 90 95 99 ]
60: [ 18 20 25 31 36 47 51 68 70 ]
61: [ 1 3 5 40 70 ]
62: [ 22 28 66 85 95 ]
63: [ 8 12 22 42 51 68 83 ]
64: [ 5 11 25 50 57 58 78 93 ]
65: [ 9 13 15 16 33 79 85 ]
66: [ 2 7 9 45 62 74 78 86 91 99 ]
67: [ 36 48 95 ]
68: [ 7 18 36 55 57 60 63 70 87 ]
69: [ 14 34 36 47 51 57 72 76 93 ]
70: [ 2 11 25 57 60 61 68 72 77 83 95 ]
71: [ 5 9 22 56 59 72 87 99 ]
72: [ 17 23 28 37 45 51 69 70 71 79 83 84 85 95 ]
73: [ 1 3 6 32 35 46 84 88 ]
74: [ 21 32 35 53 55 58 66 76 78 89 90 97 100 ]
75: [ 6 7 13 16 24 39 58 86 92 96 98 ]
76: [ 3 8 18 24 30 36 37 42 44 69 74 79 92 94 95 ]
77: [ 6 33 34 36 37 70 88 97 99 ]
78: [ 1 3 21 22 35 46 47 48 53 59 64 66 74 81 86 ]
79: [ 5 12 25 33 47 55 65 72 76 95 ]
80: [ 23 34 ]
81: [ 1 37 38 55 78 ]
82: [ 10 34 38 83 ]
83: [ 16 34 42 45 46 57 63 70 72 82 85 92 95 ]
84: [ 26 28 39 41 42 55 72 73 ]
85: [ 7 18 35 40 48 62 65 72 83 ]
86: [ 1 8 15 18 22 28 49 66 75 78 ]
87: [ 1 6 23 30 35 53 68 71 90 ]
88: [ 18 25 31 36 73 77 93 ]
89: [ 45 74 ]
90: [ 26 59 74 87 ]
91: [ 3 9 13 37 38 45 66 ]
92: [ 20 75 76 83 100 ]
93: [ 4 10 14 17 22 24 25 26 28 45 57 64 69 88 99 ]
94: [ 11 28 76 99 ]
95: [ 5 6 13 14 17 20 24 27 59 62 67 70 72 76 79 83 97 ]
96: [ 18 27 45 50 53 75 ]
97: [ 9 11 18 27 42 74 77 95 ]
98: [ 10 14 18 39 40 57 75 ]
99: [ 12 13 19 26 30 48 49 53 59 66 71 77 93 94 ]
100: [ 2 6 8 14 38 42 53 74 92 ]
