1: [ 87 ]
2: [ 30 32 35 49 70 77 78 91 98 ]
3: [ 46 48 50 79 87 93 ]
4: [ 17 43 51 61 76 ]
5: [ 19 21 28 30 39 43 44 53 68 73 74 83 ]
6: [ 7 13 14 16 31 39 57 84 88 89 92 ]
7: [ 6 8 25 46 51 66 73 ]
8: [ 7 22 27 36 60 79 ]
9: [ 10 11 66 74 75 87 99 ]
10: [ 9 55 61 75 100 ]
11: [ 9 35 48 57 71 74 80 85 89 92 94 ]
12: [ 74 76 89 90 ]
13: [ 6 20 30 63 66 70 78 80 81 ]
14: [ 6 15 25 36 42 46 50 56 59 68 85 90 ]
15: [ 14 85 90 95 ]
16: [ 6 27 42 43 47 51 53 71 73 96 ]
17: [ 4 26 29 48 56 61 62 68 90 95 ]
18: [ 40 82 ]
19: [ 5 33 39 49 53 57 58 69 78 81 98 99 ]
20: [ 13 27 30 36 39 57 63 68 84 93 100 ]
21: [ 5 26 56 86 94 100 ]
22: [ 8 28 48 55 69 90 95 ]
23: [ 75 87 88 100 ]
24: [ 51 85 94 98 99 ]
25: [ 7 14 94 ]
26: [ 17 21 36 41 56 61 65 77 87 92 ]
27: [ 8 16 20 30 37 68 85 89 92 ]
28: [ 5 22 36 51 55 90 93 ]
29: [ 17 63 82 ]
30: [ 2 5 13 20 27 36 46 50 67 75 80 86 93 ]
31: [ 6 43 45 51 53 59 60 66 76 80 83 85 88 92 94 ]
32: [ 2 36 43 44 50 91 94 100 ]
33: [ 19 70 88 92 94 ]
34: [ 40 56 85 90 100 ]
35: [ 2 11 43 53 60 63 66 71 95 100 ]
36: [ 8 14 20 26 28 30 32 49 50 96 ]
37: [ 27 46 50 52 55 68 98 100 ]
38: [ 42 52 70 73 88 89 90 96 98 100 ]
39: [ 5 6 19 20 45 57 61 66 75 99 100 ]
40: [ 18 34 50 78 89 99 100 ]
41: [ 26 56 78 ]
42: [ 14 16 38 47 56 65 73 74 76 82 84 86 92 96 99 ]
43: [ 4 5 16 31 32 35 55 84 ]
44: [ 5 32 66 68 71 87 95 98 ]
45: [ 31 39 47 56 70 83 ]
46: [ 3 7 14 30 37 57 66 72 93 97 98 ]
47: [ 16 42 45 51 63 68 76 91 ]
48: [ 3 11 17 22 54 60 70 74 85 87 94 100 ]
49: [ 2 19 36 64 81 87 89 97 ]
50: [ 3 14 30 32 36 37 40 56 60 61 63 67 93 ]
51: [ 4 7 16 24 28 31 47 61 70 74 78 83 96 98 ]
52: [ 37 38 65 ]
53: [ 5 16 19 31 35 86 91 ]
54: [ 48 57 75 99 ]
55: [ 10 22 28 37 43 63 66 74 82 94 95 ]
56: [ 14 17 21 26 34 41 42 45 50 89 91 94 96 99 ]
57: [ 6 11 19 20 39 46 54 76 78 80 89 92 ]
58: [ 19 61 72 81 ]
59: [ 14 31 64 97 98 ]
60: [ 8 31 35 48 50 ]
61: [ 4 10 17 26 39 50 51 58 66 78 83 98 100 ]
62: [ 17 79 83 90 100 ]
63: [ 13 20 29 35 47 50 55 74 78 83 90 99 ]
64: [ 49 59 70 ]
65: [ 26 42 52 66 71 78 94 95 100 ]
66: [ 7 9 13 31 35 39 44 46 55 61 65 71 95 98 ]
67: [ 30 50 69 75 78 83 ]
68: [ 5 14 17 20 27 37 44 47 70 78 85 98 99 ]
69: [ 19 22 67 75 88 95 ]
70: [ 2 13 33 38 45 48 51 64 68 79 85 95 97 100 ]
71: [ 11 16 35 44 65 66 93 95 ]
72: [ 46 58 83 ]
73: [ 5 7 16 38 42 76 84 87 88 ]
74: [ 5 9 11 12 42 48 51 55 63 79 80 83 87 ]
75: [ 9 10 23 30 39 54 67 69 79 82 ]
76: [ 4 12 31 42 47 57 73 89 ]
77: [ 2 26 94 ]
78: [ 2 13 19 40 41 51 57 61 63 65 67 68 89 92 100 ]
79: [ 3 8 62 70 74 75 89 97 98 ]
80: [ 11 13 30 31 57 74 96 ]
81: [ 13 19 49 58 99 ]
82: [ 18 29 42 55 75 87 96 ]
83: [ 5 31 45 51 61 62 63 67 72 74 87 96 97 100 ]
84: [ 6 20 42 43 73 92 98 ]
85: [ 11 14 15 24 27 31 34 48 68 70 89 90 96 ]
86: [ 21 30 42 53 87 ]
87: [ 1 3 9 23 26 44 48 49 73 74 82 83 86 ]
88: [ 6 23 31 33 38 69 73 99 100 ]
89: [ 6 11 12 27 38 40 49 56 57 76 78 79 85 91 95 ]
90: [ 12 14 15 17 22 28 34 38 62 63 85 96 99 ]
91: [ 2 32 47 53 56 89 ]
92: [ 6 11 26 27 31 33 42 57 78 84 94 96 99 ]
93: [ 3 20 28 30 46 50 71 95 98 100 ]
94: [ 11 21 24 25 31 32 33 48 55 56 65 77 92 ]
95: [ 15 17 22 35 44 55 65 66 69 70 71 89 93 97 ]
96: [ 16 36 38 42 51 56 80 82 83 85 90 92 100 ]
97: [ 46 49 59 70 79 83 95 ]
98: [ 2 19 24 37 38 44 46 51 59 61 66 68 79 84 93 ]
99: [ 9 19 24 39 40 42 54 56 63 68 81 88 90 92 ]
100: [ 10 20 21 23 32 34 35 37 38 39 40 48 61 62 65 70 78 83 88 93 96 ]
