1: [ 4 17 26 33 34 39 57 60 70 80 82 88 ]
2: [ 5 19 53 67 80 ]
3: [ 5 8 13 23 40 42 54 57 65 92 97 ]
4: [ 1 13 55 56 62 67 ]
5: [ 2 3 19 42 98 ]
6: [ 15 23 35 42 44 60 61 66 79 90 ]
7: [ 8 12 18 20 42 55 60 69 98 ]
8: [ 3 7 33 44 82 86 87 ]
9: [ 16 22 25 33 40 56 58 64 74 75 81 82 85 88 ]
10: [ 15 32 33 ]
11: [ 23 24 61 ]
12: [ 7 22 25 42 61 65 79 82 86 94 ]
13: [ 3 4 35 38 68 ]
14: [ 20 22 60 80 ]
15: [ 6 10 18 22 53 68 71 ]
16: [ 9 31 42 49 56 62 77 83 86 90 ]
17: [ 1 22 42 51 69 75 86 89 92 ]
18: [ 7 15 28 39 71 80 86 90 100 ]
19: [ 2 5 41 49 51 55 69 81 ]
20: [ 7 14 30 45 50 70 ]
21: [ 24 68 90 ]
22: [ 9 12 14 15 17 48 64 68 71 78 85 ]
23: [ 3 6 11 35 37 38 43 63 71 80 ]
24: [ 11 21 26 39 43 50 54 55 72 73 85 97 ]
25: [ 9 12 26 42 66 88 90 91 95 100 ]
26: [ 1 24 25 32 36 60 66 67 69 84 92 94 ]
27: [ 43 60 74 80 ]
28: [ 18 35 46 48 68 70 71 76 85 90 95 ]
29: [ 34 39 47 59 63 66 68 77 95 98 ]
30: [ 20 39 77 78 83 84 93 ]
31: [ 16 46 55 70 79 ]
32: [ 10 26 43 63 64 66 67 75 79 91 95 96 97 ]
33: [ 1 8 9 10 41 55 73 86 89 ]
34: [ 1 29 41 95 ]
35: [ 6 13 23 28 39 43 45 46 55 57 68 81 83 ]
36: [ 26 50 55 ]
37: [ 23 51 57 68 83 100 ]
38: [ 13 23 46 50 53 54 59 73 86 91 97 ]
39: [ 1 18 24 29 30 35 40 89 ]
40: [ 3 9 39 70 74 77 85 88 92 95 ]
41: [ 19 33 34 48 ]
42: [ 3 5 6 7 12 16 17 25 43 48 61 63 68 95 ]
43: [ 23 24 27 32 35 42 57 79 84 88 93 ]
44: [ 6 8 50 64 67 73 81 92 ]
45: [ 20 35 54 65 84 ]
46: [ 28 31 35 38 77 ]
47: [ 29 80 85 ]
48: [ 22 28 41 42 57 61 63 68 71 73 88 91 98 ]
49: [ 16 19 56 65 100 ]
50: [ 20 24 36 38 44 65 75 80 ]
51: [ 17 19 37 80 100 ]
52: [ ]
53: [ 2 15 38 88 89 ]
54: [ 3 24 38 45 60 85 91 94 95 ]
55: [ 4 7 19 24 31 33 35 36 56 70 97 ]
56: [ 4 9 16 49 55 59 ]
57: [ 1 3 35 37 43 48 76 79 81 91 ]
58: [ 9 ]
59: [ 29 38 56 82 100 ]
60: [ 1 6 7 14 26 27 54 62 68 89 90 91 94 ]
61: [ 6 11 12 42 48 63 87 88 ]
62: [ 4 16 60 73 ]
63: [ 23 29 32 42 48 61 89 99 ]
64: [ 9 22 32 44 80 95 97 ]
65: [ 3 12 45 49 50 70 ]
66: [ 6 25 26 29 32 81 ]
67: [ 2 4 26 32 44 82 83 88 95 ]
68: [ 13 15 21 22 28 29 35 37 42 48 60 86 89 ]
69: [ 7 17 19 26 78 ]
70: [ 1 20 28 31 40 55 65 71 89 ]
71: [ 15 18 22 23 28 48 70 74 75 85 88 ]
72: [ 24 80 ]
73: [ 24 33 38 44 48 62 82 91 94 ]
74: [ 9 27 40 71 81 91 ]
75: [ 9 17 32 50 71 84 89 ]
76: [ 28 57 ]
77: [ 16 29 30 40 46 81 83 ]
78: [ 22 30 69 81 97 ]
79: [ 6 12 31 32 43 57 ]
80: [ 1 2 14 18 23 27 47 50 51 64 72 89 95 97 ]
81: [ 9 19 35 44 57 66 74 77 78 ]
82: [ 1 8 9 12 59 67 73 95 ]
83: [ 16 30 35 37 67 77 ]
84: [ 26 30 43 45 75 ]
85: [ 9 22 24 28 40 47 54 71 92 ]
86: [ 8 12 16 17 18 33 38 68 95 100 ]
87: [ 8 61 92 100 ]
88: [ 1 9 25 40 43 48 53 61 67 71 ]
89: [ 17 33 39 53 60 63 68 70 75 80 ]
90: [ 6 16 18 21 25 28 60 ]
91: [ 25 32 38 48 54 57 60 73 74 94 ]
92: [ 3 17 26 40 44 85 87 ]
93: [ 30 43 ]
94: [ 12 26 54 60 73 91 ]
95: [ 25 28 29 32 34 40 42 54 64 67 80 82 86 ]
96: [ 32 ]
97: [ 3 24 32 38 55 64 78 80 ]
98: [ 5 7 29 48 100 ]
99: [ 63 ]
100: [ 18 25 37 49 51 59 86 87 98 ]
