1: [ 4 9 19 25 28 36 43 55 60 64 80 83 91 98 ]
2: [ 11 81 82 99 ]
3: [ 16 23 53 54 60 65 94 ]
4: [ 1 8 10 11 25 30 33 45 60 64 67 80 ]
5: [ 27 35 44 49 50 64 78 95 ]
6: [ 25 31 41 89 ]
7: [ 26 30 33 48 49 60 62 63 83 85 91 96 99 ]
8: [ 4 12 21 49 ]
9: [ 1 26 29 32 41 61 69 78 80 100 ]
10: [ 4 91 ]
11: [ 2 4 19 20 28 41 79 ]
12: [ 8 23 40 75 100 ]
13: [ 30 51 60 64 ]
14: [ 27 30 31 49 64 88 ]
15: [ 19 46 ]
16: [ 3 49 94 ]
17: [ 77 ]
18: [ 20 27 28 30 32 33 37 42 90 93 ]
19: [ 1 11 15 25 33 55 76 83 84 86 90 ]
20: [ 11 18 74 ]
21: [ 8 41 57 62 74 89 92 95 96 98 ]
22: [ 25 39 43 61 96 ]
23: [ 3 12 32 39 66 71 ]
24: [ 70 74 80 96 ]
25: [ 1 4 6 19 22 47 52 56 62 69 ]
26: [ 7 9 32 40 51 58 67 68 82 83 84 89 91 95 96 ]
27: [ 5 14 18 32 63 70 ]
28: [ 1 11 18 31 41 51 57 87 ]
29: [ 9 85 ]
30: [ 4 7 13 14 18 34 42 45 54 55 61 85 95 ]
31: [ 6 14 28 59 66 ]
32: [ 9 18 23 26 27 34 54 64 66 69 86 87 90 100 ]
33: [ 4 7 18 19 39 45 54 57 60 62 71 76 79 ]
34: [ 30 32 41 46 62 65 67 75 79 ]
35: [ 5 41 43 44 52 84 95 96 99 ]
36: [ 1 64 73 85 ]
37: [ 18 57 ]
38: [ 57 59 74 88 ]
39: [ 22 23 33 70 71 72 94 ]
40: [ 12 26 72 76 81 94 99 ]
41: [ 6 9 11 21 28 34 35 50 67 78 82 84 85 96 100 ]
42: [ 18 30 59 79 84 ]
43: [ 1 22 35 70 80 84 ]
44: [ 5 35 64 67 76 77 86 100 ]
45: [ 4 30 33 61 64 69 77 86 88 89 100 ]
46: [ 15 34 61 70 85 ]
47: [ 25 59 67 83 ]
48: [ 7 62 86 ]
49: [ 5 7 8 14 16 70 72 86 ]
50: [ 5 41 55 60 89 90 94 ]
51: [ 13 26 28 64 ]
52: [ 25 35 59 64 75 76 ]
53: [ 3 ]
54: [ 3 30 32 33 56 62 64 76 ]
55: [ 1 19 30 50 67 70 76 92 93 96 100 ]
56: [ 25 54 59 72 95 ]
57: [ 21 28 33 37 38 61 67 74 75 85 ]
58: [ 26 74 91 ]
59: [ 31 38 42 47 52 56 75 93 ]
60: [ 1 3 4 7 13 33 50 74 83 86 93 94 99 ]
61: [ 9 22 30 45 46 57 68 77 80 90 99 ]
62: [ 7 21 25 33 34 48 54 89 96 98 99 ]
63: [ 7 27 77 79 89 95 99 ]
64: [ 1 4 5 13 14 32 36 44 45 51 52 54 83 86 97 ]
65: [ 3 34 75 96 ]
66: [ 23 31 32 79 99 ]
67: [ 4 26 34 41 44 47 55 57 74 87 93 95 ]
68: [ 26 61 82 99 100 ]
69: [ 9 25 32 45 76 79 89 ]
70: [ 24 27 39 43 46 49 55 80 97 ]
71: [ 23 33 39 88 ]
72: [ 39 40 49 56 95 99 ]
73: [ 36 84 ]
74: [ 20 21 24 38 57 58 60 67 75 100 ]
75: [ 12 34 52 57 59 65 74 84 100 ]
76: [ 19 33 40 44 52 54 55 69 88 99 ]
77: [ 17 44 45 61 63 82 83 ]
78: [ 5 9 41 97 ]
79: [ 11 33 34 42 63 66 69 ]
80: [ 1 4 9 24 43 61 70 93 96 ]
81: [ 2 40 82 96 ]
82: [ 2 26 41 68 77 81 83 90 97 ]
83: [ 1 7 19 26 47 60 64 77 82 84 88 ]
84: [ 19 26 35 41 42 43 73 75 83 99 ]
85: [ 7 29 30 36 41 46 57 97 ]
86: [ 19 32 44 45 48 49 60 64 ]
87: [ 28 32 67 89 99 ]
88: [ 14 38 45 71 76 83 95 ]
89: [ 6 21 26 45 50 62 63 69 87 ]
90: [ 18 19 32 50 61 82 91 ]
91: [ 1 7 10 26 58 90 ]
92: [ 21 55 ]
93: [ 18 55 59 60 67 80 ]
94: [ 3 16 39 40 50 60 97 ]
95: [ 5 21 26 30 35 56 63 67 72 88 ]
96: [ 7 21 22 24 26 35 41 55 62 65 80 81 ]
97: [ 64 70 78 82 85 94 ]
98: [ 1 21 62 ]
99: [ 2 7 35 40 60 61 62 63 66 68 72 76 84 87 ]
100: [ 9 12 32 41 44 45 55 68 74 75 ]
