1: [ 11 34 45 48 57 59 67 85 ]
2: [ 4 12 29 41 68 90 94 ]
3: [ 64 92 94 ]
4: [ 2 6 15 16 20 47 54 58 70 71 74 82 88 93 ]
5: [ 14 29 43 45 55 58 71 74 78 80 89 90 91 ]
6: [ 4 8 72 81 85 88 90 93 97 98 100 ]
7: [ 43 56 59 70 87 93 ]
8: [ 6 17 18 27 29 55 59 62 73 79 81 84 89 92 95 99 ]
9: [ 33 34 50 68 71 73 81 83 84 87 88 99 ]
10: [ 12 28 42 46 58 59 64 68 69 76 97 ]
11: [ 1 28 32 33 70 84 91 ]
12: [ 2 10 22 33 35 50 67 71 96 ]
13: [ 21 32 42 60 65 74 80 88 99 ]
14: [ 5 20 23 24 32 33 38 53 81 92 ]
15: [ 4 19 25 47 65 71 75 77 98 ]
16: [ 4 29 43 56 62 70 71 91 ]
17: [ 8 45 57 60 84 86 94 95 98 100 ]
18: [ 8 38 42 71 83 ]
19: [ 15 39 81 98 ]
20: [ 4 14 24 59 61 63 92 97 99 ]
21: [ 13 25 ]
22: [ 12 27 28 33 43 46 50 53 64 80 85 96 100 ]
23: [ 14 24 31 60 69 97 ]
24: [ 14 20 23 48 83 93 ]
25: [ 15 21 37 64 71 89 ]
26: [ 41 42 46 50 75 77 93 100 ]
27: [ 8 22 50 72 80 88 94 95 ]
28: [ 10 11 22 64 66 81 89 93 99 ]
29: [ 2 5 8 16 32 35 39 72 80 81 91 96 ]
30: [ 70 84 ]
31: [ 23 59 ]
32: [ 11 13 14 29 63 67 89 91 98 ]
33: [ 9 11 12 14 22 42 48 63 65 79 81 84 90 95 ]
34: [ 1 9 37 42 53 64 77 ]
35: [ 12 29 38 42 49 64 67 98 99 ]
36: [ 68 73 93 95 ]
37: [ 25 34 41 70 71 81 94 100 ]
38: [ 14 18 35 40 44 57 63 66 79 81 86 ]
39: [ 19 29 54 55 75 76 ]
40: [ 38 43 51 54 60 65 67 68 70 76 ]
41: [ 2 26 37 70 81 ]
42: [ 10 13 18 26 33 34 35 43 91 97 ]
43: [ 5 7 16 22 40 42 52 65 81 ]
44: [ 38 48 74 91 ]
45: [ 1 5 17 54 73 ]
46: [ 10 22 26 70 71 74 80 85 92 93 94 96 100 ]
47: [ 4 15 51 76 79 84 85 89 ]
48: [ 1 24 33 44 51 67 81 91 97 ]
49: [ 35 50 73 75 89 ]
50: [ 9 12 22 26 27 49 51 57 60 71 76 84 93 ]
51: [ 40 47 48 50 53 74 93 ]
52: [ 43 59 68 70 96 99 ]
53: [ 14 22 34 51 65 79 85 95 ]
54: [ 4 39 40 45 57 87 100 ]
55: [ 5 8 39 65 80 81 83 89 91 95 97 100 ]
56: [ 7 16 71 83 93 98 ]
57: [ 1 17 38 50 54 65 93 ]
58: [ 4 5 10 81 ]
59: [ 1 7 8 10 20 31 52 68 70 74 76 86 93 99 ]
60: [ 13 17 23 40 50 63 67 82 ]
61: [ 20 80 85 86 ]
62: [ 8 16 72 77 99 ]
63: [ 20 32 33 38 60 65 72 77 ]
64: [ 3 10 22 25 28 34 35 66 78 ]
65: [ 13 15 33 40 43 53 55 57 63 75 77 90 ]
66: [ 28 38 64 77 87 89 90 ]
67: [ 1 12 32 35 40 48 60 80 91 ]
68: [ 2 9 10 36 40 52 59 83 84 86 89 ]
69: [ 10 23 93 ]
70: [ 4 7 11 16 30 37 40 41 46 52 59 89 90 96 ]
71: [ 4 5 9 12 15 16 18 25 37 46 50 56 75 80 95 ]
72: [ 6 27 29 62 63 74 79 80 ]
73: [ 8 9 36 45 49 75 76 95 ]
74: [ 4 5 13 44 46 51 59 72 84 89 94 ]
75: [ 15 26 39 49 65 71 73 ]
76: [ 10 39 40 47 50 59 73 88 97 ]
77: [ 15 26 34 62 63 65 66 83 84 90 94 95 ]
78: [ 5 64 90 92 98 ]
79: [ 8 33 38 47 53 72 81 94 ]
80: [ 5 13 22 27 29 46 55 61 67 71 72 88 90 95 97 99 100 ]
81: [ 6 8 9 14 19 28 29 33 37 38 41 43 48 55 58 79 90 ]
82: [ 4 60 85 99 ]
83: [ 9 18 24 55 56 68 77 92 99 ]
84: [ 8 9 11 17 30 33 47 50 68 74 77 97 ]
85: [ 1 6 22 46 47 53 61 82 94 100 ]
86: [ 17 38 59 61 68 ]
87: [ 7 9 54 66 89 ]
88: [ 4 6 9 13 27 76 80 96 ]
89: [ 5 8 25 28 32 47 49 55 66 68 70 74 87 95 97 ]
90: [ 2 5 6 33 65 66 70 77 78 80 81 91 93 ]
91: [ 5 11 16 29 32 42 44 48 55 67 90 96 ]
92: [ 3 8 14 20 46 78 83 98 ]
93: [ 4 6 7 24 26 28 36 46 50 51 56 57 59 69 90 100 ]
94: [ 2 3 17 27 37 46 74 77 79 85 ]
95: [ 8 17 27 33 36 53 55 71 73 77 80 89 97 ]
96: [ 12 22 29 46 52 70 88 91 98 ]
97: [ 6 10 20 23 42 48 55 76 80 84 89 95 ]
98: [ 6 15 17 19 32 35 56 78 92 96 ]
99: [ 8 9 13 20 28 35 52 59 62 80 82 83 ]
100: [ 6 17 22 26 37 46 54 55 80 85 93 ]
