1: [ 15 17 23 26 33 58 74 75 86 100 ]
2: [ 9 15 19 41 44 51 53 68 70 85 89 93 97 ]
3: [ 26 30 31 36 37 39 46 51 62 63 69 80 88 91 ]
4: [ 10 60 ]
5: [ 10 26 72 ]
6: [ 11 19 20 31 44 58 89 ]
7: [ 22 28 29 36 48 49 60 64 70 76 89 92 ]
8: [ 10 11 18 37 56 64 70 71 87 ]
9: [ 2 12 31 38 44 51 60 61 76 82 85 86 91 93 97 99 ]
10: [ 4 5 8 17 20 31 39 55 58 65 71 86 91 ]
11: [ 6 8 19 23 31 32 43 48 56 62 65 73 79 87 96 ]
12: [ 9 19 27 43 55 60 64 87 91 ]
13: [ 48 52 ]
14: [ 29 37 42 56 68 69 76 ]
15: [ 1 2 23 28 29 38 39 67 72 73 77 78 86 88 92 95 99 ]
16: [ 23 29 38 52 54 70 82 84 97 ]
17: [ 1 10 24 47 71 75 92 97 ]
18: [ 8 27 58 70 74 98 100 ]
19: [ 2 6 11 12 24 25 29 45 76 80 88 93 ]
20: [ 6 10 46 64 66 69 ]
21: [ 26 28 31 38 39 60 71 81 97 ]
22: [ 7 33 34 37 46 56 67 73 94 96 ]
23: [ 1 11 15 16 40 ]
24: [ 17 19 27 31 33 48 58 93 ]
25: [ 19 47 52 86 94 95 ]
26: [ 1 3 5 21 28 30 33 41 44 69 71 78 90 91 94 96 ]
27: [ 12 18 24 44 48 63 72 74 75 83 96 98 ]
28: [ 7 15 21 26 33 43 51 53 55 67 74 76 77 82 84 ]
29: [ 7 14 15 16 19 37 41 47 60 63 66 76 80 81 96 100 ]
30: [ 3 26 44 49 54 61 78 83 85 86 93 95 ]
31: [ 3 6 9 10 11 21 24 39 52 83 96 98 100 ]
32: [ 11 40 49 61 69 71 85 92 97 ]
33: [ 1 22 24 26 28 41 71 ]
34: [ 22 55 61 86 ]
35: [ 37 43 44 52 54 56 61 86 ]
36: [ 3 7 54 68 93 ]
37: [ 3 8 14 22 29 35 47 52 63 82 86 91 99 ]
38: [ 9 15 16 21 41 42 44 45 51 73 84 86 89 94 ]
39: [ 3 10 15 21 31 70 79 83 ]
40: [ 23 32 42 58 82 87 90 ]
41: [ 2 26 29 33 38 47 72 74 78 80 ]
42: [ 14 38 40 49 51 58 63 71 75 78 96 ]
43: [ 11 12 28 35 45 59 69 73 76 ]
44: [ 2 6 9 26 27 30 35 38 52 54 64 81 89 ]
45: [ 19 38 43 68 ]
46: [ 3 20 22 50 55 76 90 ]
47: [ 17 25 29 37 41 52 60 77 82 88 95 ]
48: [ 7 11 13 24 27 70 90 ]
49: [ 7 30 32 42 71 83 87 98 ]
50: [ 46 66 93 ]
51: [ 2 3 9 28 38 42 53 58 ]
52: [ 13 16 25 31 35 37 44 47 64 97 ]
53: [ 2 28 51 55 59 61 69 81 85 87 88 97 ]
54: [ 16 30 35 36 44 59 64 71 91 92 99 ]
55: [ 10 12 28 34 46 53 68 74 75 76 80 81 86 ]
56: [ 8 11 14 22 35 60 61 62 63 70 77 80 87 91 96 100 ]
57: [ 59 66 98 ]
58: [ 1 6 10 18 24 40 42 51 73 84 100 ]
59: [ 43 53 54 57 69 74 84 91 98 ]
60: [ 4 7 9 12 21 29 47 56 83 91 93 98 ]
61: [ 9 30 32 34 35 53 56 89 ]
62: [ 3 11 56 78 81 84 85 ]
63: [ 3 27 29 37 42 56 84 86 ]
64: [ 7 8 12 20 44 52 54 68 ]
65: [ 10 11 81 85 88 91 ]
66: [ 20 29 50 57 73 81 88 98 ]
67: [ 15 22 28 68 73 77 79 ]
68: [ 2 14 36 45 55 64 67 94 95 ]
69: [ 3 14 20 26 32 43 53 59 83 86 88 ]
70: [ 2 7 8 16 18 39 48 56 73 91 ]
71: [ 8 10 17 21 26 32 33 42 49 54 75 83 91 ]
72: [ 5 15 27 41 78 85 87 97 ]
73: [ 11 15 22 38 43 58 66 67 70 82 86 93 94 96 ]
74: [ 1 18 27 28 41 55 59 96 ]
75: [ 1 17 27 42 55 71 78 82 ]
76: [ 7 9 14 19 28 29 43 46 55 83 90 93 ]
77: [ 15 28 47 56 67 84 97 ]
78: [ 15 26 30 41 42 62 72 75 80 81 97 98 ]
79: [ 11 39 67 81 93 99 ]
80: [ 3 19 29 41 55 56 78 ]
81: [ 21 29 44 53 55 62 65 66 78 79 87 88 ]
82: [ 9 16 28 37 40 47 73 75 86 98 99 100 ]
83: [ 27 30 31 39 49 60 69 71 76 ]
84: [ 16 28 38 58 59 62 63 77 93 98 ]
85: [ 2 9 30 32 53 62 65 72 ]
86: [ 1 9 10 15 25 30 34 35 37 38 55 63 69 73 82 98 ]
87: [ 8 11 12 40 49 53 56 72 81 98 ]
88: [ 3 15 19 47 53 65 66 69 81 97 ]
89: [ 2 6 7 38 44 61 ]
90: [ 26 40 46 48 76 93 ]
91: [ 3 9 10 12 26 37 54 56 59 60 65 70 71 95 98 ]
92: [ 7 15 17 32 54 94 96 100 ]
93: [ 2 9 19 24 30 36 50 60 73 76 79 84 90 ]
94: [ 22 25 26 38 68 73 92 ]
95: [ 15 25 30 47 68 91 ]
96: [ 11 22 26 27 29 31 42 56 73 74 92 98 100 ]
97: [ 2 9 16 17 21 32 52 53 72 77 78 88 ]
98: [ 18 27 31 49 57 59 60 66 78 82 84 86 87 91 96 ]
99: [ 9 15 37 54 79 82 100 ]
100: [ 1 18 29 31 56 58 82 92 96 99 ]
