1: [ 23 42 48 51 57 87 96 ]
2: [ 12 16 24 29 35 51 83 90 99 ]
3: [ 5 6 18 19 25 26 27 40 50 55 63 64 ]
4: [ 18 25 39 98 ]
5: [ 3 8 19 29 37 44 52 67 75 76 92 95 98 ]
6: [ 3 43 75 76 82 94 ]
7: [ 11 19 23 31 39 41 46 51 53 84 ]
8: [ 5 80 96 ]
9: [ 10 21 25 29 36 46 68 70 75 84 87 93 99 ]
10: [ 9 13 16 43 52 63 66 68 69 85 ]
11: [ 7 20 24 68 ]
12: [ 2 13 24 31 40 75 87 ]
13: [ 10 12 55 63 79 81 83 85 87 98 ]
14: [ 24 26 27 39 41 67 ]
15: [ 16 45 49 67 100 ]
16: [ 2 10 15 20 29 34 44 48 71 74 86 ]
17: [ 37 45 47 58 63 72 98 99 100 ]
18: [ 3 4 39 55 56 64 ]
19: [ 3 5 7 24 26 33 38 49 59 61 81 88 90 ]
20: [ 11 16 23 41 47 65 81 84 86 97 99 ]
21: [ 9 30 55 58 67 69 71 87 92 95 ]
22: [ 23 38 40 56 63 66 75 80 84 85 99 ]
23: [ 1 7 20 22 32 50 52 85 86 88 100 ]
24: [ 2 11 12 14 19 33 41 56 75 76 77 92 95 ]
25: [ 3 4 9 60 68 80 88 ]
26: [ 3 14 19 29 38 75 93 ]
27: [ 3 14 30 41 46 50 56 81 85 87 ]
28: [ 48 59 69 71 80 ]
29: [ 2 5 9 16 26 46 56 58 75 94 97 ]
30: [ 21 27 38 43 44 47 48 71 99 ]
31: [ 7 12 33 60 68 73 76 90 96 ]
32: [ 23 46 56 62 78 81 83 85 100 ]
33: [ 19 24 31 43 45 46 47 58 78 79 80 88 ]
34: [ 16 35 36 39 44 50 64 65 99 ]
35: [ 2 34 67 92 97 ]
36: [ 9 34 56 69 70 84 ]
37: [ 5 17 39 44 63 75 88 91 92 98 ]
38: [ 19 22 26 30 47 68 76 81 ]
39: [ 4 7 14 18 34 37 54 57 59 79 96 98 99 ]
40: [ 3 12 22 45 59 61 68 71 ]
41: [ 7 14 20 24 27 55 61 62 72 73 75 81 90 96 99 ]
42: [ 1 55 83 88 95 96 98 ]
43: [ 6 10 30 33 80 ]
44: [ 5 16 30 34 37 50 64 69 89 ]
45: [ 15 17 33 40 58 68 72 77 96 100 ]
46: [ 7 9 27 29 32 33 54 85 ]
47: [ 17 20 30 33 38 75 ]
48: [ 1 16 28 30 92 97 ]
49: [ 15 19 62 71 72 75 ]
50: [ 3 23 27 34 44 68 76 79 80 91 ]
51: [ 1 2 7 58 66 94 97 ]
52: [ 5 10 23 69 75 76 78 ]
53: [ 7 56 69 89 ]
54: [ 39 46 59 ]
55: [ 3 13 18 21 41 42 56 62 100 ]
56: [ 18 22 24 27 29 32 36 53 55 64 77 94 ]
57: [ 1 39 68 96 ]
58: [ 17 21 29 33 45 51 63 74 90 100 ]
59: [ 19 28 39 40 54 ]
60: [ 25 31 61 69 92 ]
61: [ 19 40 41 60 82 ]
62: [ 32 41 49 55 66 67 77 ]
63: [ 3 10 13 17 22 37 58 69 74 82 ]
64: [ 3 18 34 44 56 67 72 91 93 ]
65: [ 20 34 92 ]
66: [ 10 22 51 62 67 81 85 90 95 97 ]
67: [ 5 14 15 21 35 62 64 66 68 72 85 87 91 ]
68: [ 9 10 11 25 31 38 40 45 50 57 67 71 85 88 ]
69: [ 10 21 28 36 44 52 53 60 63 71 77 78 82 ]
70: [ 9 36 87 ]
71: [ 16 21 28 30 40 49 68 69 ]
72: [ 17 41 45 49 64 67 95 ]
73: [ 31 41 81 ]
74: [ 16 58 63 82 95 ]
75: [ 5 6 9 12 22 24 26 29 37 41 47 49 52 88 ]
76: [ 5 6 24 31 38 50 52 80 81 91 97 ]
77: [ 24 45 56 62 69 81 83 86 87 91 ]
78: [ 32 33 52 69 86 94 ]
79: [ 13 33 39 50 92 ]
80: [ 8 22 25 28 33 43 50 76 81 88 91 ]
81: [ 13 19 20 27 32 38 41 66 73 76 77 80 90 95 ]
82: [ 6 61 63 69 74 95 ]
83: [ 2 13 32 42 77 99 ]
84: [ 7 9 20 22 36 85 88 ]
85: [ 10 13 22 23 27 32 46 66 67 68 84 ]
86: [ 16 20 23 77 78 ]
87: [ 1 9 12 13 21 27 67 70 77 100 ]
88: [ 19 23 25 33 37 42 68 75 80 84 ]
89: [ 44 53 100 ]
90: [ 2 19 31 41 58 66 81 ]
91: [ 37 50 64 67 76 77 80 ]
92: [ 5 21 24 35 37 48 60 65 79 ]
93: [ 9 26 64 100 ]
94: [ 6 29 51 56 78 ]
95: [ 5 21 24 42 66 72 74 81 82 98 ]
96: [ 1 8 31 39 41 42 45 57 98 ]
97: [ 20 29 35 48 51 66 76 ]
98: [ 4 5 13 17 37 39 42 95 96 ]
99: [ 2 9 17 20 22 30 34 39 41 83 ]
100: [ 15 17 23 32 45 55 58 87 89 93 ]
