1: [ 10 14 22 25 46 66 67 76 86 88 99 ]
2: [ 20 35 43 47 56 70 80 89 93 ]
3: [ 4 13 14 33 42 61 79 ]
4: [ 3 5 9 20 27 32 38 41 ]
5: [ 4 23 25 35 36 40 50 67 71 83 90 97 ]
6: [ 9 12 18 31 47 52 69 94 99 ]
7: [ 19 21 29 38 55 64 71 74 92 ]
8: [ 35 42 48 53 55 59 61 73 82 87 93 99 ]
9: [ 4 6 13 33 40 56 58 66 68 74 ]
10: [ 1 26 33 62 64 69 73 93 ]
11: [ 19 24 40 46 71 75 ]
12: [ 6 16 19 41 46 47 51 71 73 84 95 ]
13: [ 3 9 16 34 40 44 48 82 92 ]
14: [ 1 3 22 53 ]
15: [ 16 27 61 98 ]
16: [ 12 13 15 21 41 43 51 54 66 79 83 87 98 99 ]
17: [ 23 39 71 91 ]
18: [ 6 19 26 33 40 46 51 59 76 81 85 92 ]
19: [ 7 11 12 18 26 51 59 ]
20: [ 2 4 39 41 74 78 89 90 ]
21: [ 7 16 29 ]
22: [ 1 14 28 38 39 51 78 79 84 86 97 ]
23: [ 5 17 24 25 29 30 44 48 50 54 68 85 86 87 98 ]
24: [ 11 23 55 74 75 76 89 ]
25: [ 1 5 23 47 49 61 66 79 82 83 ]
26: [ 10 18 19 37 45 46 49 60 62 65 69 87 97 ]
27: [ 4 15 29 36 56 58 75 85 88 94 ]
28: [ 22 53 67 82 92 94 96 ]
29: [ 7 21 23 27 32 39 56 58 80 91 94 97 ]
30: [ 23 33 60 73 83 99 ]
31: [ 6 41 47 52 67 69 76 81 85 96 ]
32: [ 4 29 42 49 70 83 84 ]
33: [ 3 9 10 18 30 41 45 49 68 70 71 81 ]
34: [ 13 61 74 84 87 92 ]
35: [ 2 5 8 46 55 82 ]
36: [ 5 27 81 83 91 97 100 ]
37: [ 26 38 55 62 70 93 100 ]
38: [ 4 7 22 37 41 60 ]
39: [ 17 20 22 29 76 94 ]
40: [ 5 9 11 13 18 47 52 88 96 100 ]
41: [ 4 12 16 20 31 33 38 42 48 58 81 82 ]
42: [ 3 8 32 41 43 44 58 68 77 80 81 94 ]
43: [ 2 16 42 85 87 93 96 ]
44: [ 13 23 42 80 87 93 96 ]
45: [ 26 33 52 62 85 93 ]
46: [ 1 11 12 18 26 35 47 51 53 59 64 68 71 91 ]
47: [ 2 6 12 25 31 40 46 49 53 77 83 95 ]
48: [ 8 13 23 41 78 90 ]
49: [ 25 26 32 33 47 51 56 59 78 81 88 95 ]
50: [ 5 23 57 61 68 71 ]
51: [ 12 16 18 19 22 46 49 ]
52: [ 6 31 40 45 84 ]
53: [ 8 14 28 46 47 78 80 83 85 89 93 96 ]
54: [ 16 23 ]
55: [ 7 8 24 35 37 66 81 89 92 ]
56: [ 2 9 27 29 49 62 76 89 99 100 ]
57: [ 50 76 83 84 86 98 99 ]
58: [ 9 27 29 41 42 63 70 81 85 95 96 ]
59: [ 8 18 19 46 49 73 76 82 87 90 94 97 ]
60: [ 26 30 38 67 90 ]
61: [ 3 8 15 25 34 50 68 76 80 ]
62: [ 10 26 37 45 56 67 70 ]
63: [ 58 80 81 99 ]
64: [ 7 10 46 80 86 ]
65: [ 26 ]
66: [ 1 9 16 25 55 ]
67: [ 1 5 28 31 60 62 74 87 92 ]
68: [ 9 23 33 42 46 50 61 71 82 84 94 99 ]
69: [ 6 10 26 31 74 80 95 96 ]
70: [ 2 32 33 37 58 62 71 74 76 85 ]
71: [ 5 7 11 12 17 33 46 50 68 70 73 77 ]
72: [ ]
73: [ 8 10 12 30 59 71 90 ]
74: [ 7 9 20 24 34 67 69 70 80 82 ]
75: [ 11 24 27 ]
76: [ 1 18 24 31 39 56 57 59 61 70 ]
77: [ 42 47 71 81 88 94 ]
78: [ 20 22 48 49 53 ]
79: [ 3 16 22 25 ]
80: [ 2 29 42 44 53 61 63 64 69 74 91 100 ]
81: [ 18 31 33 36 41 42 49 55 58 63 77 85 90 99 ]
82: [ 8 13 25 28 35 41 59 68 74 85 ]
83: [ 5 16 25 30 32 36 47 53 57 84 ]
84: [ 12 22 32 34 52 57 68 83 90 93 96 ]
85: [ 18 23 27 31 43 45 53 58 70 81 82 87 ]
86: [ 1 22 23 57 64 87 91 99 ]
87: [ 8 16 23 26 34 43 44 59 67 85 86 97 ]
88: [ 1 27 40 49 77 91 ]
89: [ 2 20 24 53 55 56 91 ]
90: [ 5 20 48 59 60 73 81 84 94 97 ]
91: [ 17 29 36 46 80 86 88 89 99 ]
92: [ 7 13 18 28 34 55 67 ]
93: [ 2 8 10 37 43 44 45 53 84 ]
94: [ 6 27 28 29 39 42 59 68 77 90 ]
95: [ 12 47 49 58 69 ]
96: [ 28 31 40 43 44 53 58 69 84 ]
97: [ 5 22 26 29 36 59 87 90 ]
98: [ 15 16 23 57 ]
99: [ 1 6 8 16 30 56 57 63 68 81 86 91 ]
100: [ 36 37 40 56 80 ]
