1: [ 13 21 23 43 61 80 97 ]
2: [ 8 14 37 43 46 54 62 ]
3: [ 13 19 38 48 51 60 67 80 93 99 ]
4: [ 13 25 26 39 50 60 84 86 92 95 ]
5: [ 37 82 83 ]
6: [ 7 9 23 35 54 83 ]
7: [ 6 19 21 22 45 50 53 54 56 61 77 87 94 ]
8: [ 2 10 19 25 35 74 ]
9: [ 6 15 36 48 58 60 66 91 98 ]
10: [ 8 16 18 24 27 34 41 49 51 60 63 ]
11: [ 12 29 32 40 41 55 56 77 91 99 ]
12: [ 11 58 92 ]
13: [ 1 3 4 28 42 44 68 69 70 83 ]
14: [ 2 16 18 27 31 42 44 51 62 78 90 95 ]
15: [ 9 32 35 43 51 70 87 95 ]
16: [ 10 14 31 35 37 56 ]
17: [ 29 53 ]
18: [ 10 14 29 33 40 50 69 70 73 80 82 ]
19: [ 3 7 8 73 83 94 ]
20: [ 28 36 53 70 ]
21: [ 1 7 23 34 36 37 65 ]
22: [ 7 23 24 40 67 82 86 94 96 97 ]
23: [ 1 6 21 22 55 72 75 76 94 ]
24: [ 10 22 52 54 59 68 75 81 93 94 ]
25: [ 4 8 37 61 67 70 77 ]
26: [ 4 33 75 95 ]
27: [ 10 14 28 43 58 62 ]
28: [ 13 20 27 31 32 46 61 73 ]
29: [ 11 17 18 46 55 68 75 77 82 88 92 99 100 ]
30: [ 48 ]
31: [ 14 16 28 37 38 45 67 70 80 ]
32: [ 11 15 28 34 43 57 77 ]
33: [ 18 26 38 71 91 ]
34: [ 10 21 32 40 55 65 87 88 ]
35: [ 6 8 15 16 43 45 72 75 78 ]
36: [ 9 20 21 44 51 59 60 63 65 78 81 93 ]
37: [ 2 5 16 21 25 31 41 63 99 ]
38: [ 3 31 33 44 46 47 96 ]
39: [ 4 43 44 71 73 95 ]
40: [ 11 18 22 34 77 87 ]
41: [ 10 11 37 54 60 61 87 88 91 ]
42: [ 13 14 57 83 86 96 ]
43: [ 1 2 15 27 32 35 39 67 88 96 97 ]
44: [ 13 14 36 38 39 68 80 82 89 93 ]
45: [ 7 31 35 59 80 86 89 97 ]
46: [ 2 28 29 38 47 68 ]
47: [ 38 46 51 54 62 65 70 76 84 88 91 98 ]
48: [ 3 9 30 59 64 66 68 71 76 84 ]
49: [ 10 53 ]
50: [ 4 7 18 57 58 71 74 75 80 95 ]
51: [ 3 10 14 15 36 47 60 65 86 ]
52: [ 24 72 93 98 ]
53: [ 7 17 20 49 56 71 88 93 94 ]
54: [ 2 6 7 24 41 47 ]
55: [ 11 23 29 34 62 65 70 71 77 93 100 ]
56: [ 7 11 16 53 92 ]
57: [ 32 42 50 60 61 62 64 78 91 95 ]
58: [ 9 12 27 50 62 ]
59: [ 24 36 45 48 67 80 81 83 ]
60: [ 3 4 9 10 36 41 51 57 61 90 93 100 ]
61: [ 1 7 25 28 41 57 60 64 66 93 95 ]
62: [ 2 14 27 47 55 57 58 71 91 95 ]
63: [ 10 36 37 66 ]
64: [ 48 57 61 83 ]
65: [ 21 34 36 47 51 55 79 ]
66: [ 9 48 61 63 90 94 ]
67: [ 3 22 25 31 43 59 69 89 ]
68: [ 13 24 29 44 46 48 80 81 82 86 93 ]
69: [ 13 18 67 84 ]
70: [ 13 15 18 20 25 31 47 55 96 98 ]
71: [ 33 39 48 50 53 55 62 88 ]
72: [ 23 35 52 75 86 ]
73: [ 18 19 28 39 89 92 98 99 100 ]
74: [ 8 50 ]
75: [ 23 24 26 29 35 50 72 ]
76: [ 23 47 48 ]
77: [ 7 11 25 29 32 40 55 98 ]
78: [ 14 35 36 57 82 87 ]
79: [ 65 83 ]
80: [ 1 3 18 31 44 45 50 59 68 ]
81: [ 24 36 59 68 84 88 ]
82: [ 5 18 22 29 44 68 78 88 ]
83: [ 5 6 13 19 42 59 64 79 ]
84: [ 4 47 48 69 81 ]
85: [ ]
86: [ 4 22 42 45 51 68 72 ]
87: [ 7 15 34 40 41 78 97 ]
88: [ 29 34 41 43 47 53 71 81 82 98 ]
89: [ 44 45 67 73 96 ]
90: [ 14 60 66 ]
91: [ 9 11 33 41 47 57 62 ]
92: [ 4 12 29 56 73 ]
93: [ 3 24 36 44 52 53 55 60 61 68 ]
94: [ 7 19 22 23 24 53 66 ]
95: [ 4 14 15 26 39 50 57 61 62 ]
96: [ 22 38 42 43 70 89 ]
97: [ 1 22 43 45 87 ]
98: [ 9 47 52 70 73 77 88 ]
99: [ 3 11 29 37 73 ]
100: [ 29 55 60 73 ]
