1: [ 10 19 52 59 61 74 86 90 ]
2: [ 4 22 32 39 41 46 85 86 90 98 ]
3: [ 9 10 13 14 18 22 34 35 48 55 65 78 ]
4: [ 2 17 31 42 76 87 ]
5: [ 8 16 30 61 73 79 84 87 ]
6: [ 7 11 24 74 97 100 ]
7: [ 6 17 31 35 44 72 80 95 ]
8: [ 5 16 23 24 35 44 48 58 83 88 ]
9: [ 3 32 ]
10: [ 1 3 19 26 31 33 40 54 55 77 96 ]
11: [ 6 25 55 86 89 ]
12: [ 27 37 39 45 51 72 90 91 97 99 ]
13: [ 3 18 47 48 55 79 83 84 89 96 ]
14: [ 3 77 ]
15: [ 22 27 30 35 36 52 61 92 ]
16: [ 5 8 19 21 33 43 60 63 67 70 100 ]
17: [ 4 7 42 49 63 72 88 96 ]
18: [ 3 13 30 39 41 44 49 56 83 86 88 96 ]
19: [ 1 10 16 49 51 61 62 65 69 85 90 91 ]
20: [ 27 31 57 73 80 81 82 83 96 ]
21: [ 16 48 55 59 61 83 92 97 ]
22: [ 2 3 15 48 55 63 72 ]
23: [ 8 43 46 50 57 71 78 ]
24: [ 6 8 42 54 68 70 86 ]
25: [ 11 33 48 63 70 90 ]
26: [ 10 39 43 44 51 61 71 73 ]
27: [ 12 15 20 30 42 56 63 64 70 72 92 97 ]
28: [ 31 42 44 46 74 85 ]
29: [ 48 ]
30: [ 5 15 18 27 32 40 43 57 58 66 90 100 ]
31: [ 4 7 10 20 28 39 46 58 85 86 ]
32: [ 2 9 30 34 39 46 ]
33: [ 10 16 25 55 61 ]
34: [ 3 32 ]
35: [ 3 7 8 15 42 52 89 ]
36: [ 15 41 43 63 79 84 87 98 ]
37: [ 12 56 57 66 76 ]
38: [ 44 62 73 86 97 ]
39: [ 2 12 18 26 31 32 54 59 62 64 97 100 ]
40: [ 10 30 45 46 47 53 58 65 70 76 80 83 85 96 ]
41: [ 2 18 36 49 55 56 61 62 71 80 81 99 100 ]
42: [ 4 17 24 27 28 35 56 58 66 92 96 ]
43: [ 16 23 26 30 36 44 60 76 85 86 89 ]
44: [ 7 8 18 26 28 38 43 51 52 65 71 72 83 85 87 88 97 ]
45: [ 12 40 58 70 81 ]
46: [ 2 23 28 31 32 40 52 53 65 80 81 85 98 ]
47: [ 13 40 53 73 87 ]
48: [ 3 8 13 21 22 25 29 61 71 73 76 77 81 96 ]
49: [ 17 18 19 41 67 ]
50: [ 23 60 92 ]
51: [ 12 19 26 44 52 58 64 96 ]
52: [ 1 15 35 44 46 51 55 56 89 93 97 ]
53: [ 40 46 47 96 ]
54: [ 10 24 39 64 80 97 ]
55: [ 3 10 11 13 21 22 33 41 52 58 62 70 72 80 86 88 95 ]
56: [ 18 27 37 41 42 52 62 75 88 93 ]
57: [ 20 23 30 37 84 89 99 ]
58: [ 8 30 31 40 42 45 51 55 60 74 76 81 84 87 ]
59: [ 1 21 39 ]
60: [ 16 43 50 58 87 96 99 ]
61: [ 1 5 15 19 21 26 33 41 48 80 86 88 89 100 ]
62: [ 19 38 39 41 55 56 96 ]
63: [ 16 17 22 25 27 36 ]
64: [ 27 39 51 54 88 ]
65: [ 3 19 40 44 46 80 ]
66: [ 30 37 42 67 ]
67: [ 16 49 66 76 85 86 ]
68: [ 24 ]
69: [ 19 95 97 ]
70: [ 16 24 25 27 40 45 55 74 78 83 ]
71: [ 23 26 41 44 48 ]
72: [ 7 12 17 22 27 44 55 83 97 99 ]
73: [ 5 20 26 38 47 48 76 93 94 ]
74: [ 1 6 28 58 70 83 ]
75: [ 56 90 ]
76: [ 4 37 40 43 48 58 67 73 85 96 ]
77: [ 10 14 48 ]
78: [ 3 23 70 ]
79: [ 5 13 36 90 93 96 ]
80: [ 7 20 40 41 46 54 55 61 65 98 ]
81: [ 20 41 45 46 48 58 88 ]
82: [ 20 ]
83: [ 8 13 18 20 21 40 44 70 72 74 97 100 ]
84: [ 5 13 36 57 58 89 ]
85: [ 2 19 28 31 40 43 44 46 67 76 90 ]
86: [ 1 2 11 18 24 31 38 43 55 61 67 98 ]
87: [ 4 5 36 44 47 58 60 88 90 97 98 ]
88: [ 8 17 18 44 55 56 61 64 81 87 95 ]
89: [ 11 13 35 43 52 57 61 84 100 ]
90: [ 1 2 12 19 25 30 75 79 85 87 92 ]
91: [ 12 19 ]
92: [ 15 21 27 42 50 90 ]
93: [ 52 56 73 79 ]
94: [ 73 ]
95: [ 7 55 69 88 97 ]
96: [ 10 13 17 18 20 40 42 48 51 53 60 62 76 79 99 ]
97: [ 6 12 21 27 38 39 44 52 54 69 72 83 87 95 ]
98: [ 2 36 46 80 86 87 ]
99: [ 12 41 57 60 72 96 ]
100: [ 6 16 30 39 41 61 83 89 ]
