1: [ 6 12 20 32 53 56 75 79 94 97 ]
2: [ 15 36 37 42 64 79 ]
3: [ 23 82 89 ]
4: [ 5 11 21 72 75 85 90 100 ]
5: [ 4 12 35 37 55 63 69 72 85 89 ]
6: [ 1 63 ]
7: [ 18 21 27 31 38 66 82 83 94 100 ]
8: [ 47 ]
9: [ 16 66 69 91 96 97 ]
10: [ 15 25 26 28 33 37 41 43 46 48 61 68 91 99 ]
11: [ 4 14 27 33 38 39 70 75 79 96 ]
12: [ 1 5 14 16 18 22 23 34 43 78 ]
13: [ 22 23 24 35 67 89 ]
14: [ 11 12 24 27 65 71 72 75 90 92 ]
15: [ 2 10 39 41 47 56 58 61 88 ]
16: [ 9 12 19 21 26 36 48 59 69 74 78 81 92 ]
17: [ 21 23 28 46 62 94 ]
18: [ 7 12 22 23 30 31 33 43 65 68 70 98 ]
19: [ 16 20 21 32 46 59 67 77 78 84 89 ]
20: [ 1 19 44 53 57 60 72 97 ]
21: [ 4 7 16 17 19 37 51 ]
22: [ 12 13 18 23 30 32 34 42 56 58 59 64 71 89 ]
23: [ 3 12 13 17 18 22 35 56 68 75 82 85 87 89 93 ]
24: [ 13 14 27 28 39 59 85 ]
25: [ 10 33 42 43 46 50 70 74 86 89 94 96 ]
26: [ 10 16 31 32 34 36 45 66 86 91 92 ]
27: [ 7 11 14 24 29 46 57 60 71 74 91 92 96 98 ]
28: [ 10 17 24 92 ]
29: [ 27 31 34 48 60 100 ]
30: [ 18 22 54 63 76 81 90 ]
31: [ 7 18 26 29 39 41 55 68 73 81 82 85 91 ]
32: [ 1 19 22 26 36 45 46 55 73 76 82 99 ]
33: [ 10 11 18 25 39 41 48 53 54 59 61 75 87 89 ]
34: [ 12 22 26 29 56 64 ]
35: [ 5 13 23 37 51 76 90 ]
36: [ 2 16 26 32 53 71 72 79 80 82 86 94 ]
37: [ 2 5 10 21 35 66 68 76 87 94 ]
38: [ 7 11 52 55 61 81 96 ]
39: [ 11 15 24 31 33 63 64 75 94 ]
40: [ 41 48 55 71 83 90 100 ]
41: [ 10 15 31 33 40 46 66 72 79 80 89 ]
42: [ 2 22 25 ]
43: [ 10 12 18 25 55 79 ]
44: [ 20 47 77 79 86 88 ]
45: [ 26 32 55 64 ]
46: [ 10 17 19 25 27 32 41 53 63 89 95 98 ]
47: [ 8 15 44 56 65 96 97 99 ]
48: [ 10 16 29 33 40 61 63 97 ]
49: [ 71 75 95 97 ]
50: [ 25 57 85 ]
51: [ 21 35 68 78 ]
52: [ 38 54 55 65 68 76 97 ]
53: [ 1 20 33 36 46 71 ]
54: [ 30 33 52 66 73 79 86 94 ]
55: [ 5 31 32 38 40 43 45 52 56 57 69 76 90 ]
56: [ 1 15 22 23 34 47 55 58 69 85 ]
57: [ 20 27 50 55 75 77 82 86 91 ]
58: [ 15 22 56 60 64 65 66 73 74 84 89 100 ]
59: [ 16 19 22 24 33 68 72 75 77 83 89 ]
60: [ 20 27 29 58 73 89 92 98 ]
61: [ 10 15 33 38 48 93 ]
62: [ 17 90 99 ]
63: [ 5 6 30 39 46 48 64 77 ]
64: [ 2 22 34 39 45 58 63 83 95 96 ]
65: [ 14 18 47 52 58 80 89 94 ]
66: [ 7 9 26 37 41 54 58 71 76 83 94 99 ]
67: [ 13 19 ]
68: [ 10 18 23 31 37 51 52 59 70 73 100 ]
69: [ 5 9 16 55 56 77 84 100 ]
70: [ 11 18 25 68 80 91 ]
71: [ 14 22 27 36 40 49 53 66 74 87 90 ]
72: [ 4 5 14 20 36 41 59 77 80 ]
73: [ 31 32 54 58 60 68 83 84 87 ]
74: [ 16 25 27 58 71 84 85 ]
75: [ 1 4 11 14 23 33 39 49 57 59 78 90 96 ]
76: [ 30 32 35 37 52 55 66 97 ]
77: [ 19 44 57 59 63 69 72 ]
78: [ 12 16 19 51 75 80 82 91 ]
79: [ 1 2 11 36 41 43 44 54 83 90 95 ]
80: [ 36 41 65 70 72 78 83 88 ]
81: [ 16 30 31 38 85 88 91 ]
82: [ 3 7 23 31 32 36 57 78 84 86 97 ]
83: [ 7 40 59 64 66 73 79 80 92 97 ]
84: [ 19 58 69 73 74 82 91 ]
85: [ 4 5 23 24 31 50 56 74 81 87 90 ]
86: [ 25 26 36 44 54 57 82 88 100 ]
87: [ 23 33 37 71 73 85 ]
88: [ 15 44 80 81 86 92 99 ]
89: [ 3 5 13 19 22 23 25 33 41 46 58 59 60 65 96 97 ]
90: [ 4 14 30 35 40 55 62 71 75 79 85 ]
91: [ 9 10 26 27 31 57 70 78 81 84 ]
92: [ 14 16 26 27 28 60 83 88 95 100 ]
93: [ 23 61 ]
94: [ 1 7 17 25 36 37 39 54 65 66 ]
95: [ 46 49 64 79 92 97 ]
96: [ 9 11 25 27 38 47 64 75 89 ]
97: [ 1 9 20 47 48 49 52 76 82 83 89 95 ]
98: [ 18 27 46 60 ]
99: [ 10 32 47 62 66 88 ]
100: [ 4 7 29 40 58 68 69 86 92 ]
