1: [ 4 10 21 52 53 63 69 97 ]
2: [ 13 19 41 54 83 86 ]
3: [ 29 34 35 37 43 60 61 64 74 84 96 98 99 ]
4: [ 1 19 24 31 61 62 99 ]
5: [ 9 16 26 43 51 82 83 89 ]
6: [ 11 25 54 57 60 64 67 70 74 82 ]
7: [ 8 25 26 31 38 76 80 87 92 ]
8: [ 7 19 25 30 31 57 58 67 72 84 100 ]
9: [ 5 11 24 35 58 91 ]
10: [ 1 17 19 22 23 41 42 51 52 55 63 98 ]
11: [ 6 9 21 29 41 42 46 56 69 78 79 80 86 91 92 97 98 ]
12: [ 74 85 ]
13: [ 2 28 66 68 74 78 90 93 95 98 ]
14: [ 30 38 51 ]
15: [ 16 41 47 62 88 93 94 95 ]
16: [ 5 15 28 37 48 66 69 74 89 ]
17: [ 10 48 57 ]
18: [ 22 32 39 62 64 73 74 97 ]
19: [ 2 4 8 10 20 34 35 41 44 58 63 76 77 78 96 ]
20: [ 19 37 38 45 60 62 63 65 66 71 72 ]
21: [ 1 11 59 70 ]
22: [ 10 18 35 36 39 41 45 47 64 68 70 92 93 99 ]
23: [ 10 25 54 59 64 81 95 100 ]
24: [ 4 9 34 39 54 58 66 67 ]
25: [ 6 7 8 23 29 32 61 91 97 100 ]
26: [ 5 7 89 100 ]
27: [ 37 47 66 69 70 72 ]
28: [ 13 16 40 63 89 95 ]
29: [ 3 11 25 38 39 45 61 90 96 ]
30: [ 8 14 37 38 77 85 90 ]
31: [ 4 7 8 34 46 74 83 88 89 90 ]
32: [ 18 25 58 63 65 82 93 95 ]
33: [ 41 43 70 100 ]
34: [ 3 19 24 31 41 54 56 69 74 85 89 ]
35: [ 3 9 19 22 36 40 62 73 83 84 91 94 97 98 ]
36: [ 22 35 49 62 70 82 84 99 ]
37: [ 3 16 20 27 30 45 48 80 ]
38: [ 7 14 20 29 30 49 50 76 79 86 88 ]
39: [ 18 22 24 29 52 53 63 75 ]
40: [ 28 35 61 94 ]
41: [ 2 10 11 15 19 22 33 34 43 45 46 67 79 80 ]
42: [ 10 11 64 68 88 ]
43: [ 3 5 33 41 62 64 65 84 90 99 ]
44: [ 19 47 62 71 87 94 97 ]
45: [ 20 22 29 37 41 46 52 70 72 80 97 ]
46: [ 11 31 41 45 59 61 67 69 83 88 93 98 ]
47: [ 15 22 27 44 62 68 73 83 95 ]
48: [ 16 17 37 52 55 64 67 89 93 94 ]
49: [ 36 38 67 96 ]
50: [ 38 65 79 85 98 ]
51: [ 5 10 14 63 77 89 94 ]
52: [ 1 10 39 45 48 57 61 63 71 86 95 ]
53: [ 1 39 58 71 92 98 ]
54: [ 2 6 23 24 34 68 69 70 71 ]
55: [ 10 48 65 75 97 98 ]
56: [ 11 34 57 72 82 91 97 ]
57: [ 6 8 17 52 56 61 73 75 82 94 ]
58: [ 8 9 19 24 32 53 67 73 85 87 94 97 99 ]
59: [ 21 23 46 60 67 ]
60: [ 3 6 20 59 63 67 70 77 83 91 93 95 100 ]
61: [ 3 4 25 29 40 46 52 57 64 65 73 80 ]
62: [ 4 15 18 20 35 36 43 44 47 75 88 90 92 ]
63: [ 1 10 19 20 28 32 39 51 52 60 70 90 96 ]
64: [ 3 6 18 22 23 42 43 48 61 68 76 83 85 93 ]
65: [ 20 32 43 50 55 61 83 92 95 100 ]
66: [ 13 16 20 24 27 81 92 97 100 ]
67: [ 6 8 24 41 46 48 49 58 59 60 72 77 88 93 ]
68: [ 13 22 42 47 54 64 83 86 ]
69: [ 1 11 16 27 34 46 54 72 76 78 97 ]
70: [ 6 21 22 27 33 36 45 54 60 63 71 81 94 97 ]
71: [ 20 44 52 53 54 70 76 78 96 ]
72: [ 8 20 27 45 56 67 69 75 89 91 ]
73: [ 18 35 47 57 58 61 92 97 ]
74: [ 3 6 12 13 16 18 31 34 84 ]
75: [ 39 55 57 62 72 83 86 91 95 99 ]
76: [ 7 19 38 64 69 71 78 85 93 95 100 ]
77: [ 19 30 51 60 67 82 89 ]
78: [ 11 13 19 69 71 76 100 ]
79: [ 11 38 41 50 ]
80: [ 7 11 37 41 45 61 81 87 97 98 ]
81: [ 23 66 70 80 ]
82: [ 5 6 32 36 56 57 77 89 92 93 ]
83: [ 2 5 31 35 46 47 60 64 65 68 75 ]
84: [ 3 8 35 36 43 74 ]
85: [ 12 30 34 50 58 64 76 91 ]
86: [ 2 11 38 52 68 75 ]
87: [ 7 44 58 80 93 ]
88: [ 15 31 38 42 46 62 67 94 96 ]
89: [ 5 16 26 28 31 34 48 51 72 77 82 100 ]
90: [ 13 29 30 31 43 62 63 91 ]
91: [ 9 11 25 35 56 60 72 75 85 90 98 100 ]
92: [ 7 11 22 53 62 65 66 73 82 ]
93: [ 13 15 22 32 46 48 60 64 67 76 82 87 96 ]
94: [ 15 35 40 44 48 51 57 58 70 88 ]
95: [ 13 15 23 28 32 47 52 60 65 75 76 ]
96: [ 3 19 29 49 63 71 88 93 ]
97: [ 1 11 18 25 35 44 45 55 56 58 66 69 70 73 80 ]
98: [ 3 10 11 13 35 46 50 53 55 80 91 100 ]
99: [ 3 4 22 36 43 58 75 ]
100: [ 8 23 25 26 33 60 65 66 76 78 89 91 98 ]
