1: [ 29 30 48 53 93 100 ]
2: [ 29 33 49 59 75 78 91 98 ]
3: [ 5 9 17 25 58 68 75 ]
4: [ 13 25 39 40 45 53 55 67 ]
5: [ 3 11 13 40 42 47 70 73 76 87 89 ]
6: [ 20 25 28 42 43 68 71 86 90 93 ]
7: [ 13 20 36 84 88 90 97 ]
8: [ 16 20 59 ]
9: [ 3 11 36 40 41 42 54 55 64 65 74 84 86 96 ]
10: [ 21 24 35 49 55 56 67 70 71 81 89 100 ]
11: [ 5 9 14 16 33 47 66 68 80 99 ]
12: [ 15 18 23 27 28 54 90 91 98 ]
13: [ 4 5 7 58 ]
14: [ 11 51 53 65 66 68 80 96 ]
15: [ 12 19 55 62 76 ]
16: [ 8 11 24 29 43 46 56 61 62 65 94 ]
17: [ 3 21 41 54 58 96 ]
18: [ 12 23 25 26 30 38 45 55 67 77 80 88 91 95 ]
19: [ 15 21 23 30 38 44 45 52 59 62 63 69 90 ]
20: [ 6 7 8 27 28 41 49 ]
21: [ 10 17 19 38 49 61 66 69 71 75 77 81 98 ]
22: [ 29 41 58 63 65 ]
23: [ 12 18 19 25 28 29 35 44 52 53 56 61 84 ]
24: [ 10 16 41 44 48 ]
25: [ 3 4 6 18 23 32 51 62 68 83 88 98 ]
26: [ 18 42 85 99 100 ]
27: [ 12 20 35 43 44 49 91 98 ]
28: [ 6 12 20 23 62 70 75 78 80 81 83 86 87 89 94 95 97 ]
29: [ 1 2 16 22 23 55 61 83 84 90 ]
30: [ 1 18 19 36 40 54 58 68 76 78 88 91 ]
31: [ 58 ]
32: [ 25 34 60 88 97 ]
33: [ 2 11 39 50 72 83 ]
34: [ 32 36 38 40 57 61 65 74 86 89 ]
35: [ 10 23 27 62 67 72 81 85 89 ]
36: [ 7 9 30 34 39 43 45 47 52 53 66 71 95 97 ]
37: [ 40 69 91 95 ]
38: [ 18 19 21 34 98 ]
39: [ 4 33 36 41 45 53 73 75 76 79 90 ]
40: [ 4 5 9 30 34 37 50 75 83 87 99 ]
41: [ 9 17 20 22 24 39 42 57 62 68 ]
42: [ 5 6 9 26 41 44 49 51 52 54 95 98 ]
43: [ 6 16 27 36 48 53 64 78 82 96 ]
44: [ 19 23 24 27 42 54 86 ]
45: [ 4 18 19 36 39 71 75 90 ]
46: [ 16 56 61 ]
47: [ 5 11 36 71 80 81 83 99 ]
48: [ 1 24 43 50 54 66 ]
49: [ 2 10 20 21 27 42 61 74 77 ]
50: [ 33 40 48 60 67 73 89 95 96 99 ]
51: [ 14 25 42 58 87 88 95 ]
52: [ 19 23 36 42 56 60 70 89 96 99 ]
53: [ 1 4 14 23 36 39 43 73 76 78 84 85 88 94 ]
54: [ 9 12 17 30 42 44 48 76 92 99 100 ]
55: [ 4 9 10 15 18 29 56 68 78 80 93 98 ]
56: [ 10 16 23 46 52 55 73 90 91 99 ]
57: [ 34 41 71 83 91 ]
58: [ 3 13 17 22 30 31 51 59 64 65 76 79 ]
59: [ 2 8 19 58 62 ]
60: [ 32 50 52 61 63 75 87 ]
61: [ 16 21 23 29 34 46 49 60 62 65 70 77 99 100 ]
62: [ 15 16 19 25 28 35 41 59 61 89 90 96 98 ]
63: [ 19 22 60 80 ]
64: [ 9 43 58 67 74 79 ]
65: [ 9 14 16 22 34 58 61 66 94 ]
66: [ 11 14 21 36 48 65 67 72 80 81 82 95 97 99 ]
67: [ 4 10 18 35 50 64 66 68 74 76 ]
68: [ 3 6 11 14 25 30 41 55 67 69 88 91 98 ]
69: [ 19 21 37 68 74 ]
70: [ 5 10 28 52 61 74 80 87 ]
71: [ 6 10 21 36 45 47 57 90 ]
72: [ 33 35 66 82 ]
73: [ 5 39 50 53 56 81 82 87 95 ]
74: [ 9 34 49 64 67 69 70 79 ]
75: [ 2 3 21 28 39 40 45 60 80 81 82 88 ]
76: [ 5 15 30 39 53 54 58 67 95 ]
77: [ 18 21 49 61 98 ]
78: [ 2 28 30 43 53 55 ]
79: [ 39 58 64 74 90 94 98 ]
80: [ 11 14 18 28 47 55 63 66 70 75 96 ]
81: [ 10 21 28 35 47 66 73 75 ]
82: [ 43 66 72 73 75 95 ]
83: [ 25 28 29 33 40 47 57 97 ]
84: [ 7 9 23 29 53 86 98 ]
85: [ 26 35 53 87 ]
86: [ 6 9 28 34 44 84 ]
87: [ 5 28 40 51 60 70 73 85 88 96 ]
88: [ 7 18 25 30 32 51 53 68 75 87 93 98 ]
89: [ 5 10 28 34 35 50 52 62 90 ]
90: [ 6 7 12 19 29 39 45 56 62 71 79 89 ]
91: [ 2 12 18 27 30 37 56 57 68 ]
92: [ 54 ]
93: [ 1 6 55 88 96 98 ]
94: [ 16 28 53 65 79 ]
95: [ 18 28 36 37 42 50 51 66 73 76 82 ]
96: [ 9 14 17 43 50 52 62 80 87 93 ]
97: [ 7 28 32 36 66 83 ]
98: [ 2 12 21 25 27 38 42 55 62 68 77 79 84 88 93 99 100 ]
99: [ 11 26 40 47 50 52 54 56 61 66 98 100 ]
100: [ 1 10 26 54 61 98 99 ]
