1: [ 6 7 42 75 77 81 96 ]
2: [ 6 7 16 17 30 33 35 38 75 87 ]
3: [ 5 13 17 38 45 52 67 72 81 ]
4: [ 27 53 84 ]
5: [ 3 41 84 85 95 ]
6: [ 1 2 24 27 29 47 52 60 63 73 78 83 ]
7: [ 1 2 14 43 51 52 56 64 65 74 77 97 ]
8: [ 23 29 33 64 70 75 80 87 ]
9: [ 21 ]
10: [ 14 30 54 72 74 82 88 93 98 100 ]
11: [ 15 40 41 47 52 73 74 94 ]
12: [ 14 23 30 54 ]
13: [ 3 17 20 33 51 60 66 75 85 87 93 96 ]
14: [ 7 10 12 19 36 38 46 67 70 ]
15: [ 11 23 65 66 75 88 94 100 ]
16: [ 2 35 64 ]
17: [ 2 3 13 32 64 65 78 98 100 ]
18: [ 40 42 66 79 85 96 ]
19: [ 14 61 63 69 75 79 89 93 ]
20: [ 13 25 27 34 35 45 74 82 85 91 92 ]
21: [ 9 29 37 47 54 61 63 64 69 76 89 ]
22: [ 25 46 51 ]
23: [ 8 12 15 30 41 75 79 89 ]
24: [ 6 39 45 47 51 52 55 61 66 74 77 81 89 ]
25: [ 20 22 83 94 ]
26: [ 89 ]
27: [ 4 6 20 42 48 68 78 ]
28: [ 66 89 96 ]
29: [ 6 8 21 31 42 48 54 80 ]
30: [ 2 10 12 23 34 42 43 69 ]
31: [ 29 65 72 75 ]
32: [ 17 47 57 98 ]
33: [ 2 8 13 94 ]
34: [ 20 30 35 49 59 76 100 ]
35: [ 2 16 20 34 45 56 64 74 79 80 ]
36: [ 14 37 63 89 100 ]
37: [ 21 36 54 66 67 69 73 74 92 93 ]
38: [ 2 3 14 45 51 52 59 71 72 79 84 93 97 ]
39: [ 24 60 66 83 ]
40: [ 11 18 64 92 ]
41: [ 5 11 23 42 47 50 73 85 ]
42: [ 1 18 27 29 30 41 54 78 90 ]
43: [ 7 30 54 65 69 84 ]
44: [ 100 ]
45: [ 3 20 24 35 38 48 58 83 88 92 ]
46: [ 14 22 47 52 88 91 92 ]
47: [ 6 11 21 24 32 41 46 49 52 76 80 91 ]
48: [ 27 29 45 58 60 73 77 83 86 87 91 95 ]
49: [ 34 47 94 100 ]
50: [ 41 57 65 72 91 ]
51: [ 7 13 22 24 38 54 57 66 76 87 94 ]
52: [ 3 6 7 11 24 38 46 47 80 82 ]
53: [ 4 60 64 65 85 90 93 97 100 ]
54: [ 10 12 21 29 37 42 43 51 67 69 71 73 ]
55: [ 24 ]
56: [ 7 35 67 69 ]
57: [ 32 50 51 68 71 76 93 94 98 ]
58: [ 45 48 84 ]
59: [ 34 38 71 83 85 ]
60: [ 6 13 39 48 53 69 83 95 ]
61: [ 19 21 24 64 75 94 100 ]
62: [ 87 93 94 ]
63: [ 6 19 21 36 ]
64: [ 7 8 16 17 21 35 40 53 61 67 76 77 81 87 98 100 ]
65: [ 7 15 17 31 43 50 53 73 74 76 98 ]
66: [ 13 15 18 24 28 37 39 51 87 89 91 ]
67: [ 3 14 37 54 56 64 69 81 91 98 ]
68: [ 27 57 69 74 83 87 88 95 ]
69: [ 19 21 30 37 43 54 56 60 67 68 71 93 100 ]
70: [ 8 14 73 74 76 79 81 87 89 93 98 ]
71: [ 38 54 57 59 69 ]
72: [ 3 10 31 38 50 73 81 83 88 ]
73: [ 6 11 37 41 48 54 65 70 72 82 ]
74: [ 7 10 11 20 24 35 37 65 68 70 ]
75: [ 1 2 8 13 15 19 23 31 61 79 90 95 ]
76: [ 21 34 47 51 57 64 65 70 80 ]
77: [ 1 7 24 48 64 91 ]
78: [ 6 17 27 42 85 90 ]
79: [ 18 19 23 35 38 70 75 91 93 ]
80: [ 8 29 35 47 52 76 82 89 94 100 ]
81: [ 1 3 24 64 67 70 72 83 89 91 ]
82: [ 10 20 52 73 80 95 ]
83: [ 6 25 39 45 48 59 60 68 72 81 ]
84: [ 4 5 38 43 58 91 94 98 100 ]
85: [ 5 13 18 20 41 53 59 78 95 ]
86: [ 48 ]
87: [ 2 8 13 48 51 62 64 66 68 70 ]
88: [ 10 15 45 46 68 72 ]
89: [ 19 21 23 24 26 28 36 66 70 80 81 ]
90: [ 42 53 75 78 ]
91: [ 20 46 47 48 50 66 67 77 79 81 84 94 ]
92: [ 20 37 40 45 46 97 100 ]
93: [ 10 13 19 37 38 53 57 62 69 70 79 95 ]
94: [ 11 15 25 33 49 51 57 61 62 80 84 91 100 ]
95: [ 5 48 60 68 75 82 85 93 ]
96: [ 1 13 18 28 99 100 ]
97: [ 7 38 53 92 ]
98: [ 10 17 32 57 64 65 67 70 84 ]
99: [ 96 ]
100: [ 10 15 17 34 36 44 49 53 61 64 69 80 84 92 94 96 ]
