1: [ 14 32 33 47 49 51 63 68 72 75 83 95 ]
2: [ 23 30 32 36 45 50 58 60 72 76 93 ]
3: [ 44 54 55 64 71 74 85 ]
4: [ 24 34 70 ]
5: [ 10 23 28 44 66 93 ]
6: [ 10 13 22 75 76 92 96 98 ]
7: [ 15 31 53 68 77 88 93 96 ]
8: [ 12 16 32 39 61 64 79 88 92 ]
9: [ 13 39 46 47 53 63 69 78 84 89 ]
10: [ 5 6 22 42 49 51 62 69 74 77 86 92 95 ]
11: [ 22 26 48 69 73 93 ]
12: [ 8 17 52 56 57 62 64 68 78 89 92 96 ]
13: [ 6 9 21 25 36 43 55 57 59 66 77 80 94 ]
14: [ 1 28 32 33 48 51 61 66 67 86 92 ]
15: [ 7 20 28 60 72 74 88 89 ]
16: [ 8 36 45 60 66 73 77 81 83 85 88 ]
17: [ 12 18 47 85 91 ]
18: [ 17 23 30 54 60 66 67 75 81 97 ]
19: [ 30 55 77 80 84 99 ]
20: [ 15 39 51 54 60 66 93 ]
21: [ 13 76 89 93 99 ]
22: [ 6 10 11 27 32 47 50 55 58 87 ]
23: [ 2 5 18 24 26 29 38 49 53 60 69 74 90 ]
24: [ 4 23 29 39 57 95 96 ]
25: [ 13 41 48 53 60 93 94 ]
26: [ 11 23 ]
27: [ 22 29 75 ]
28: [ 5 14 15 37 46 58 62 64 70 81 89 97 ]
29: [ 23 24 27 42 52 67 72 86 92 ]
30: [ 2 18 19 34 79 90 91 ]
31: [ 7 38 65 69 78 83 85 90 100 ]
32: [ 1 2 8 14 22 35 40 53 64 67 69 70 86 87 90 ]
33: [ 1 14 44 47 50 51 87 96 ]
34: [ 4 30 39 45 57 66 81 86 ]
35: [ 32 51 54 59 ]
36: [ 2 13 16 54 55 61 73 83 90 96 ]
37: [ 28 38 40 54 59 75 97 ]
38: [ 23 31 37 67 95 ]
39: [ 8 9 20 24 34 41 53 64 78 ]
40: [ 32 37 45 56 57 73 94 95 ]
41: [ 25 39 66 72 73 97 ]
42: [ 10 29 57 65 68 80 85 92 ]
43: [ 13 44 69 88 ]
44: [ 3 5 33 43 62 64 92 96 ]
45: [ 2 16 34 40 48 50 53 58 80 95 ]
46: [ 9 28 72 89 ]
47: [ 1 9 17 22 33 59 72 90 92 94 ]
48: [ 11 14 25 45 50 53 75 77 78 86 87 88 90 ]
49: [ 1 10 23 61 63 94 96 ]
50: [ 2 22 33 45 48 53 59 64 70 81 ]
51: [ 1 10 14 20 33 35 85 94 99 ]
52: [ 12 29 56 67 85 ]
53: [ 7 9 23 25 32 39 45 48 50 91 ]
54: [ 3 18 20 35 36 37 57 71 ]
55: [ 3 13 19 22 36 68 69 82 ]
56: [ 12 40 52 61 64 68 81 90 97 ]
57: [ 12 13 24 34 40 42 54 59 67 75 77 88 89 93 ]
58: [ 2 22 28 45 74 86 97 100 ]
59: [ 13 35 37 47 50 57 85 98 ]
60: [ 2 15 16 18 20 23 25 67 72 76 88 94 99 ]
61: [ 8 14 36 49 56 73 93 ]
62: [ 10 12 28 44 76 ]
63: [ 1 9 49 74 97 ]
64: [ 3 8 12 28 32 39 44 50 56 66 67 75 82 85 96 100 ]
65: [ 31 42 93 94 ]
66: [ 5 13 14 16 18 20 34 41 64 71 80 81 91 ]
67: [ 14 18 29 32 38 52 57 60 64 71 85 90 ]
68: [ 1 7 12 42 55 56 69 80 91 ]
69: [ 9 10 11 23 31 32 43 55 68 72 89 94 ]
70: [ 4 28 32 50 89 96 99 ]
71: [ 3 54 66 67 79 89 ]
72: [ 1 2 15 29 41 46 47 60 69 81 89 91 95 ]
73: [ 11 16 36 40 41 61 80 ]
74: [ 3 10 15 23 58 63 ]
75: [ 1 6 18 27 37 48 57 64 76 95 ]
76: [ 2 6 21 60 62 75 82 90 93 99 ]
77: [ 7 10 13 16 19 48 57 81 89 92 ]
78: [ 9 12 31 39 48 81 90 ]
79: [ 8 30 71 87 95 ]
80: [ 13 19 42 45 66 68 73 81 ]
81: [ 16 18 28 34 50 56 66 72 77 78 80 86 92 100 ]
82: [ 55 64 76 95 99 ]
83: [ 1 16 31 36 ]
84: [ 9 19 95 ]
85: [ 3 16 17 31 42 51 52 59 64 67 ]
86: [ 10 14 29 32 34 48 58 81 88 94 97 ]
87: [ 22 32 33 48 79 99 ]
88: [ 7 8 15 16 43 48 57 60 86 89 90 95 ]
89: [ 9 12 15 21 28 46 57 69 70 71 72 77 88 93 ]
90: [ 23 30 31 32 36 47 48 56 67 76 78 88 93 ]
91: [ 17 30 53 66 68 72 100 ]
92: [ 6 8 10 12 14 29 42 44 47 77 81 96 98 ]
93: [ 2 5 7 11 20 21 25 57 61 65 76 89 90 99 ]
94: [ 13 25 40 47 49 51 60 65 69 86 97 ]
95: [ 1 10 24 38 40 45 72 75 79 82 84 88 ]
96: [ 6 7 12 24 33 36 44 49 64 70 92 98 ]
97: [ 18 28 37 41 56 58 63 86 94 ]
98: [ 6 59 92 96 99 ]
99: [ 19 21 51 60 70 76 82 87 93 98 ]
100: [ 31 58 64 81 91 ]
