1: [ 6 30 41 53 70 ]
2: [ 10 57 ]
3: [ 19 51 54 69 75 94 ]
4: [ 45 69 ]
5: [ 19 28 37 40 43 70 91 93 ]
6: [ 1 11 20 23 54 65 66 75 99 ]
7: [ 20 21 23 34 41 65 ]
8: [ 16 23 25 35 44 51 74 83 89 ]
9: [ 11 12 15 22 54 62 74 88 94 98 ]
10: [ 2 23 26 37 44 46 62 79 82 84 88 ]
11: [ 6 9 21 41 42 44 52 53 54 59 67 78 94 99 ]
12: [ 9 19 27 29 87 ]
13: [ 21 42 43 47 51 62 64 68 74 88 90 95 ]
14: [ 42 47 50 51 57 76 77 79 83 90 92 ]
15: [ 9 21 41 63 87 ]
16: [ 8 33 54 67 85 88 ]
17: [ 24 41 49 65 72 79 89 91 92 ]
18: [ 23 28 35 46 62 67 90 94 ]
19: [ 3 5 12 30 36 52 56 73 75 84 90 96 97 ]
20: [ 6 7 34 37 45 59 ]
21: [ 7 11 13 15 49 66 69 79 86 90 94 ]
22: [ 9 24 29 39 42 48 67 73 78 84 85 87 91 ]
23: [ 6 7 8 10 18 25 38 40 44 49 69 75 83 97 ]
24: [ 17 22 60 63 99 ]
25: [ 8 23 60 62 66 82 89 ]
26: [ 10 88 ]
27: [ 12 33 34 63 82 85 ]
28: [ 5 18 31 42 43 59 67 75 89 100 ]
29: [ 12 22 46 76 85 98 ]
30: [ 1 19 50 52 57 69 80 88 97 ]
31: [ 28 63 95 ]
32: [ 35 73 99 ]
33: [ 16 27 39 57 72 74 75 ]
34: [ 7 20 27 41 42 56 58 65 67 75 79 90 ]
35: [ 8 18 32 64 82 88 94 ]
36: [ 19 47 68 75 83 ]
37: [ 5 10 20 42 57 71 73 74 79 83 100 ]
38: [ 23 87 ]
39: [ 22 33 44 59 97 98 100 ]
40: [ 5 23 60 72 93 96 ]
41: [ 1 7 11 15 17 34 48 69 71 ]
42: [ 11 13 14 22 28 34 37 45 56 65 73 ]
43: [ 5 13 28 44 48 58 64 86 87 92 93 98 ]
44: [ 8 10 11 23 39 43 50 60 77 96 ]
45: [ 4 20 42 51 55 59 60 63 79 82 84 85 ]
46: [ 10 18 29 48 59 65 69 84 90 91 98 ]
47: [ 13 14 36 51 82 ]
48: [ 22 41 43 46 52 66 82 92 93 94 ]
49: [ 17 21 23 67 82 86 ]
50: [ 14 30 44 54 58 74 78 ]
51: [ 3 8 13 14 45 47 70 74 78 86 96 ]
52: [ 11 19 30 48 79 84 86 92 96 100 ]
53: [ 1 11 54 64 65 69 100 ]
54: [ 3 6 9 11 16 50 53 56 58 78 80 85 88 ]
55: [ 45 57 66 74 91 94 96 98 ]
56: [ 19 34 42 54 62 71 76 94 ]
57: [ 2 14 30 33 37 55 60 67 87 88 93 99 ]
58: [ 34 43 50 54 66 68 71 84 92 97 98 ]
59: [ 11 20 28 39 45 46 62 65 68 69 75 76 79 86 96 ]
60: [ 24 25 40 44 45 57 64 67 68 73 ]
61: [ 70 72 91 ]
62: [ 9 10 13 18 25 56 59 72 87 92 94 ]
63: [ 15 24 27 31 45 65 82 90 ]
64: [ 13 35 43 53 60 66 72 82 83 ]
65: [ 6 7 17 34 42 46 53 59 63 75 ]
66: [ 6 21 25 48 55 58 64 69 73 74 82 86 90 ]
67: [ 11 16 18 22 28 34 49 57 60 71 72 81 86 ]
68: [ 13 36 58 59 60 72 ]
69: [ 3 4 21 23 30 41 46 53 59 66 89 ]
70: [ 1 5 51 61 71 79 ]
71: [ 37 41 56 58 67 70 92 98 100 ]
72: [ 17 33 40 61 62 64 67 68 79 82 89 ]
73: [ 19 22 32 37 42 60 66 76 79 90 ]
74: [ 8 9 13 33 37 50 51 55 66 79 83 88 91 ]
75: [ 3 6 19 23 28 33 34 36 59 65 92 94 ]
76: [ 14 29 56 59 73 77 87 100 ]
77: [ 14 44 76 97 ]
78: [ 11 22 50 51 54 79 81 83 90 94 96 ]
79: [ 10 14 17 21 34 37 45 52 59 70 72 73 74 78 85 ]
80: [ 30 54 ]
81: [ 67 78 ]
82: [ 10 25 27 35 45 47 48 49 63 64 66 72 85 90 95 ]
83: [ 8 14 23 36 37 64 74 78 93 ]
84: [ 10 19 22 45 46 52 58 93 ]
85: [ 16 22 27 29 45 54 79 82 86 100 ]
86: [ 21 43 49 51 52 59 66 67 85 ]
87: [ 12 15 22 38 43 57 62 76 91 ]
88: [ 9 10 13 16 26 30 35 54 57 74 93 96 ]
89: [ 8 17 25 28 69 72 98 ]
90: [ 13 14 18 19 21 34 46 63 66 73 78 82 91 ]
91: [ 5 17 22 46 55 61 74 87 90 ]
92: [ 14 17 43 48 52 58 62 71 75 ]
93: [ 5 40 43 48 57 83 84 88 96 ]
94: [ 3 9 11 18 21 35 48 55 56 62 75 78 ]
95: [ 13 31 82 ]
96: [ 19 40 44 51 52 55 59 78 88 93 ]
97: [ 19 23 30 39 58 77 ]
98: [ 9 29 39 43 46 55 58 71 89 ]
99: [ 6 11 24 32 57 100 ]
100: [ 28 37 39 52 53 71 76 85 99 ]
