1: [ 3 5 21 43 44 54 73 76 77 86 93 ]
2: [ 12 25 36 41 42 49 50 51 63 73 77 80 84 ]
3: [ 1 10 33 47 81 85 98 ]
4: [ 12 13 25 28 35 48 51 52 57 70 82 97 ]
5: [ 1 25 32 33 45 75 83 86 92 99 ]
6: [ 14 18 39 41 42 45 53 72 ]
7: [ 11 28 46 53 54 59 64 67 83 97 ]
8: [ 19 43 45 54 ]
9: [ 29 38 53 72 75 82 86 91 98 ]
10: [ 3 19 20 36 55 62 67 74 78 86 98 ]
11: [ 7 37 38 80 87 94 ]
12: [ 2 4 14 16 31 71 81 93 ]
13: [ 4 54 66 ]
14: [ 6 12 31 43 44 45 50 53 93 ]
15: [ 17 28 54 72 74 83 95 ]
16: [ 12 71 76 84 99 ]
17: [ 15 20 32 39 50 57 72 73 75 83 97 ]
18: [ 6 21 22 23 29 48 53 64 66 67 80 81 83 87 94 ]
19: [ 8 10 47 53 62 64 65 74 75 84 89 ]
20: [ 10 17 21 27 28 30 33 37 43 49 71 73 79 94 98 ]
21: [ 1 18 20 34 35 36 41 49 52 61 70 82 97 99 ]
22: [ 18 26 38 75 84 85 96 ]
23: [ 18 30 36 56 61 80 86 97 ]
24: [ 30 41 58 77 90 100 ]
25: [ 2 4 5 63 65 71 72 73 75 76 86 88 ]
26: [ 22 33 58 78 ]
27: [ 20 29 67 69 80 ]
28: [ 4 7 15 20 34 72 81 84 97 ]
29: [ 9 18 27 35 78 81 83 ]
30: [ 20 23 24 41 45 46 47 50 ]
31: [ 12 14 47 55 64 68 72 85 91 ]
32: [ 5 17 38 40 44 45 49 56 72 74 75 79 98 99 ]
33: [ 3 5 20 26 38 39 47 52 62 66 67 79 ]
34: [ 21 28 56 57 98 ]
35: [ 4 21 29 62 63 88 97 99 ]
36: [ 2 10 21 23 52 59 70 ]
37: [ 11 20 44 57 66 92 94 100 ]
38: [ 9 11 22 32 33 51 56 58 71 75 83 84 92 93 ]
39: [ 6 17 33 43 46 70 75 76 91 ]
40: [ 32 42 74 ]
41: [ 2 6 21 24 30 44 51 57 71 84 ]
42: [ 2 6 40 45 50 56 71 81 82 89 95 ]
43: [ 1 8 14 20 39 44 57 67 77 78 82 97 ]
44: [ 1 14 32 37 41 43 71 74 85 90 ]
45: [ 5 6 8 14 30 32 42 52 62 72 73 74 76 83 85 86 97 ]
46: [ 7 30 39 53 61 71 91 94 98 ]
47: [ 3 19 30 31 33 55 78 99 100 ]
48: [ 4 18 49 61 70 75 ]
49: [ 2 20 21 32 48 76 79 82 ]
50: [ 2 14 17 30 42 51 82 ]
51: [ 2 4 38 41 50 55 68 85 ]
52: [ 4 21 33 36 45 58 72 73 90 99 100 ]
53: [ 6 7 9 14 18 19 46 63 77 78 80 95 ]
54: [ 1 7 8 13 15 74 80 86 96 97 ]
55: [ 10 31 47 51 80 85 89 ]
56: [ 23 32 34 38 42 57 62 68 96 ]
57: [ 4 17 34 37 41 43 56 64 66 76 84 ]
58: [ 24 26 38 52 78 ]
59: [ 7 36 62 63 64 68 94 100 ]
60: [ 83 93 ]
61: [ 21 23 46 48 73 76 98 ]
62: [ 10 19 33 35 45 56 59 77 84 91 ]
63: [ 2 25 35 53 59 66 67 70 77 78 95 ]
64: [ 7 18 19 31 57 59 71 92 100 ]
65: [ 19 25 71 81 86 92 93 94 ]
66: [ 13 18 33 37 57 63 ]
67: [ 7 10 18 27 33 43 63 77 80 83 ]
68: [ 31 51 56 59 71 74 80 83 86 98 ]
69: [ 27 80 81 82 ]
70: [ 4 21 36 39 48 63 72 73 75 84 ]
71: [ 12 16 20 25 38 41 42 44 46 64 65 68 76 82 97 ]
72: [ 6 9 15 17 25 28 31 32 45 52 70 79 85 ]
73: [ 1 2 17 20 25 45 52 61 70 84 91 ]
74: [ 10 15 19 32 40 44 45 54 68 94 ]
75: [ 5 9 17 19 22 25 32 38 39 48 70 78 86 91 ]
76: [ 1 16 25 39 45 49 57 61 71 77 91 ]
77: [ 1 2 24 43 53 62 63 67 76 82 84 ]
78: [ 10 26 29 43 47 53 58 63 75 83 86 ]
79: [ 20 32 33 49 72 89 ]
80: [ 2 11 18 23 27 53 54 55 67 68 69 ]
81: [ 3 12 18 28 29 42 65 69 94 ]
82: [ 4 9 21 42 43 49 50 69 71 77 89 97 ]
83: [ 5 7 15 17 18 29 38 45 60 67 68 78 99 ]
84: [ 2 16 19 22 28 38 41 57 62 70 73 77 89 ]
85: [ 3 22 31 44 45 51 55 72 ]
86: [ 1 5 9 10 23 25 45 54 65 68 75 78 ]
87: [ 11 18 100 ]
88: [ 25 35 92 ]
89: [ 19 42 55 79 82 84 ]
90: [ 24 44 52 ]
91: [ 9 31 39 46 62 73 75 76 92 ]
92: [ 5 37 38 64 65 88 91 ]
93: [ 1 12 14 38 60 65 100 ]
94: [ 11 18 20 37 46 59 65 74 81 ]
95: [ 15 42 53 63 100 ]
96: [ 22 54 56 ]
97: [ 4 7 17 21 23 28 35 43 45 54 71 82 100 ]
98: [ 3 9 10 20 32 34 46 61 68 99 ]
99: [ 5 16 21 32 35 47 52 83 98 ]
100: [ 24 37 47 52 59 64 87 93 95 97 ]
