1: [ 3 24 36 44 49 64 74 76 84 ]
2: [ 5 6 7 24 28 43 48 52 67 79 90 94 ]
3: [ 1 4 8 10 13 26 28 36 39 44 69 76 81 97 ]
4: [ 3 9 16 18 32 63 75 80 83 86 88 99 ]
5: [ 2 8 27 34 86 89 93 97 98 ]
6: [ 2 7 9 15 49 51 60 68 70 71 84 93 ]
7: [ 2 6 17 37 38 41 47 52 54 55 57 79 80 ]
8: [ 3 5 14 18 21 41 46 61 71 76 78 86 ]
9: [ 4 6 10 24 38 39 45 48 67 75 78 ]
10: [ 3 9 25 38 42 44 55 64 74 80 ]
11: [ 21 35 36 55 64 66 72 76 78 93 ]
12: [ 22 28 39 42 49 69 70 75 87 94 ]
13: [ 3 15 18 24 48 71 81 ]
14: [ 8 15 43 49 51 66 71 ]
15: [ 6 13 14 35 39 41 46 54 63 90 ]
16: [ 4 33 41 48 59 96 ]
17: [ 7 33 35 37 38 51 66 74 76 78 ]
18: [ 4 8 13 20 26 32 41 46 53 93 ]
19: [ 38 53 54 55 64 ]
20: [ 18 55 58 61 97 ]
21: [ 8 11 27 61 ]
22: [ 12 55 59 64 65 72 78 80 87 88 90 92 ]
23: [ 59 72 82 92 94 ]
24: [ 1 2 9 13 43 45 57 75 ]
25: [ 10 26 31 33 34 36 44 57 63 66 ]
26: [ 3 18 25 28 30 37 41 51 52 64 72 76 80 88 92 ]
27: [ 5 21 31 32 40 53 61 63 72 85 97 ]
28: [ 2 3 12 26 38 44 60 69 74 81 86 ]
29: [ 44 48 54 63 72 91 93 ]
30: [ 26 36 54 62 74 85 89 ]
31: [ 25 27 41 53 65 ]
32: [ 4 18 27 38 44 56 62 81 98 ]
33: [ 16 17 25 34 44 51 55 60 65 73 76 93 100 ]
34: [ 5 25 33 57 72 88 90 ]
35: [ 11 15 17 51 63 65 76 98 ]
36: [ 1 3 11 25 30 42 45 51 69 74 75 96 99 ]
37: [ 7 17 26 58 74 ]
38: [ 7 9 10 17 19 28 32 54 72 75 95 ]
39: [ 3 9 12 15 40 48 49 52 54 69 70 71 74 78 87 89 97 100 ]
40: [ 27 39 46 53 62 78 83 90 94 ]
41: [ 7 8 15 16 18 26 31 46 48 54 59 72 78 85 88 94 ]
42: [ 10 12 36 43 50 55 59 87 90 ]
43: [ 2 14 24 42 49 52 53 54 72 87 88 98 ]
44: [ 1 3 10 25 28 29 32 33 47 56 86 95 97 ]
45: [ 9 24 36 47 81 84 92 100 ]
46: [ 8 15 18 40 41 66 70 71 81 ]
47: [ 7 44 45 53 64 70 72 74 91 ]
48: [ 2 9 13 16 29 39 41 53 60 64 96 ]
49: [ 1 6 12 14 39 43 52 54 64 68 72 74 76 88 90 91 100 ]
50: [ 42 53 58 62 70 83 87 96 ]
51: [ 6 14 17 26 33 35 36 56 61 64 68 70 81 82 86 94 ]
52: [ 2 7 26 39 43 49 58 61 75 78 81 88 ]
53: [ 18 19 27 31 40 43 47 48 50 57 90 94 98 99 ]
54: [ 7 15 19 29 30 38 39 41 43 49 60 82 85 86 ]
55: [ 7 10 11 19 20 22 33 42 61 77 96 100 ]
56: [ 32 44 51 82 ]
57: [ 7 24 25 34 53 69 90 91 93 ]
58: [ 20 37 50 52 59 60 97 ]
59: [ 16 22 23 41 42 58 61 84 ]
60: [ 6 28 33 48 54 58 68 71 76 82 92 ]
61: [ 8 20 21 27 51 52 55 59 62 65 82 95 ]
62: [ 30 32 40 50 61 96 ]
63: [ 4 15 25 27 29 35 75 82 83 85 ]
64: [ 1 10 11 19 22 26 47 48 49 51 92 100 ]
65: [ 22 31 33 35 61 71 75 89 90 ]
66: [ 11 14 17 25 46 70 85 90 96 ]
67: [ 2 9 69 75 93 ]
68: [ 6 49 51 60 74 81 93 96 ]
69: [ 3 12 28 36 39 57 67 80 82 83 84 85 96 ]
70: [ 6 12 39 46 47 50 51 66 74 78 98 100 ]
71: [ 6 8 13 14 39 46 60 65 73 89 99 ]
72: [ 11 22 23 26 27 29 34 38 41 43 47 49 94 ]
73: [ 33 71 88 ]
74: [ 1 10 17 28 30 36 37 39 47 49 68 70 75 93 ]
75: [ 4 9 12 24 36 38 52 63 65 67 74 100 ]
76: [ 1 3 8 11 17 26 33 35 49 60 ]
77: [ 55 82 ]
78: [ 8 9 11 17 22 39 40 41 52 70 81 84 91 98 ]
79: [ 2 7 81 87 93 94 ]
80: [ 4 7 10 22 26 69 87 99 ]
81: [ 3 13 28 32 45 46 51 52 68 78 79 82 87 ]
82: [ 23 51 54 56 60 61 63 69 77 81 95 ]
83: [ 4 40 50 63 69 88 ]
84: [ 1 6 45 59 69 78 99 ]
85: [ 27 30 41 54 63 66 69 92 ]
86: [ 4 5 8 28 44 51 54 ]
87: [ 12 22 39 42 43 50 79 80 81 90 97 ]
88: [ 4 22 26 34 41 43 49 52 73 83 ]
89: [ 5 30 39 65 71 ]
90: [ 2 15 22 34 40 42 49 53 57 65 66 87 97 100 ]
91: [ 29 47 49 57 78 95 ]
92: [ 22 23 26 45 60 64 85 96 ]
93: [ 5 6 11 18 29 33 57 67 68 74 79 ]
94: [ 2 12 23 40 41 51 53 72 79 ]
95: [ 38 44 61 82 91 98 ]
96: [ 16 36 48 50 55 62 66 68 69 92 ]
97: [ 3 5 20 27 39 44 58 87 90 100 ]
98: [ 5 32 35 43 53 70 78 95 ]
99: [ 4 36 53 71 80 84 ]
100: [ 33 39 45 49 55 64 70 75 90 97 ]
