1: [ 11 19 29 36 39 57 75 86 98 ]
2: [ 11 12 33 35 57 77 86 87 ]
3: [ 8 16 29 37 48 53 55 63 79 ]
4: [ 7 29 37 55 57 71 86 95 97 ]
5: [ 24 47 48 58 87 94 ]
6: [ 32 33 41 46 54 86 ]
7: [ 4 9 13 19 38 48 53 60 85 86 ]
8: [ 3 28 31 75 86 87 90 91 ]
9: [ 7 29 41 56 71 73 78 94 97 ]
10: [ 15 64 90 ]
11: [ 1 2 12 17 24 27 35 68 72 77 88 89 93 ]
12: [ 2 11 15 24 58 67 69 74 85 ]
13: [ 7 19 26 43 54 57 62 81 ]
14: [ 16 17 19 30 35 44 46 52 74 91 96 ]
15: [ 10 12 19 ]
16: [ 3 14 20 23 25 31 37 43 77 97 ]
17: [ 11 14 20 33 35 44 47 62 74 80 82 86 ]
18: [ 82 88 ]
19: [ 1 7 13 14 15 26 27 32 35 48 58 60 79 ]
20: [ 16 17 29 38 75 82 ]
21: [ 35 36 44 74 79 91 ]
22: [ 24 48 52 71 77 83 86 90 ]
23: [ 16 65 77 81 ]
24: [ 5 11 12 22 33 48 50 51 54 57 58 60 61 62 66 97 ]
25: [ 16 30 51 74 85 87 89 ]
26: [ 13 19 55 62 72 ]
27: [ 11 19 36 40 47 55 69 77 88 100 ]
28: [ 8 30 37 46 60 62 63 65 74 77 81 ]
29: [ 1 3 4 9 20 36 37 40 41 43 47 58 61 62 68 99 100 ]
30: [ 14 25 28 33 35 36 74 91 95 99 ]
31: [ 8 16 35 50 53 65 67 70 88 ]
32: [ 6 19 35 37 57 59 75 84 88 93 99 100 ]
33: [ 2 6 17 24 30 42 59 67 79 ]
34: [ 53 55 61 66 67 68 69 71 80 81 84 ]
35: [ 2 11 14 17 19 21 30 31 32 63 74 85 93 96 99 ]
36: [ 1 21 27 29 30 57 68 74 75 89 ]
37: [ 3 4 16 28 29 32 46 47 48 49 50 60 64 96 ]
38: [ 7 20 42 49 64 72 74 79 82 83 90 ]
39: [ 1 85 100 ]
40: [ 27 29 45 69 78 87 91 92 ]
41: [ 6 9 29 43 57 61 68 72 74 80 91 93 100 ]
42: [ 33 38 57 66 ]
43: [ 13 16 29 41 49 53 55 72 90 93 99 ]
44: [ 14 17 21 73 89 90 91 ]
45: [ 40 51 52 71 83 91 92 ]
46: [ 6 14 28 37 61 97 ]
47: [ 5 17 27 29 37 54 55 82 96 ]
48: [ 3 5 7 19 22 24 37 68 78 85 87 91 ]
49: [ 37 38 43 78 80 ]
50: [ 24 31 37 54 ]
51: [ 24 25 45 80 ]
52: [ 14 22 45 61 88 96 ]
53: [ 3 7 31 34 43 55 64 90 96 ]
54: [ 6 13 24 47 50 62 79 83 86 88 96 97 ]
55: [ 3 4 26 27 34 43 47 53 80 ]
56: [ 9 61 80 96 ]
57: [ 1 2 4 13 24 32 36 41 42 69 71 78 82 86 92 ]
58: [ 5 12 19 24 29 65 69 95 96 97 ]
59: [ 32 33 60 69 80 81 82 85 86 100 ]
60: [ 7 19 24 28 37 59 69 72 91 ]
61: [ 24 29 34 41 46 52 56 77 78 ]
62: [ 13 17 24 26 28 29 54 77 78 93 95 ]
63: [ 3 28 35 66 72 74 92 ]
64: [ 10 37 38 53 76 ]
65: [ 23 28 31 58 69 72 81 86 96 99 ]
66: [ 24 34 42 63 74 76 77 96 ]
67: [ 12 31 33 34 68 73 75 81 ]
68: [ 11 29 34 36 41 48 67 74 75 79 89 94 ]
69: [ 12 27 34 40 57 58 59 60 65 71 76 99 ]
70: [ 31 83 85 ]
71: [ 4 9 22 34 45 57 69 ]
72: [ 11 26 38 41 43 60 63 65 74 85 92 ]
73: [ 9 44 67 94 ]
74: [ 12 14 17 21 25 28 30 35 36 38 41 63 66 68 72 80 89 95 ]
75: [ 1 8 20 32 36 67 68 81 91 92 ]
76: [ 64 66 69 ]
77: [ 2 11 16 22 23 27 28 61 62 66 78 79 80 87 100 ]
78: [ 9 40 48 49 57 61 62 77 87 88 96 ]
79: [ 3 19 21 33 38 54 68 77 ]
80: [ 17 34 41 49 51 55 56 59 74 77 89 ]
81: [ 13 23 28 34 59 65 67 75 85 92 94 ]
82: [ 17 18 20 38 47 57 59 89 99 ]
83: [ 22 38 45 54 70 96 98 ]
84: [ 32 34 88 ]
85: [ 7 12 25 35 39 48 59 70 72 81 90 95 100 ]
86: [ 1 2 4 6 7 8 17 22 54 57 59 65 99 ]
87: [ 2 5 8 25 40 48 77 78 89 ]
88: [ 11 18 27 31 32 52 54 78 84 90 ]
89: [ 11 25 36 44 68 74 80 82 87 91 ]
90: [ 8 10 22 38 43 44 53 85 88 91 ]
91: [ 8 14 21 30 40 41 44 45 48 60 75 89 90 97 ]
92: [ 40 45 57 63 72 75 81 ]
93: [ 11 32 35 41 43 62 ]
94: [ 5 9 68 73 81 ]
95: [ 4 30 58 62 74 85 97 100 ]
96: [ 14 35 37 47 52 53 54 56 58 65 66 78 83 99 ]
97: [ 4 9 16 24 46 54 58 91 95 ]
98: [ 1 83 ]
99: [ 29 30 32 35 43 65 69 82 86 96 ]
100: [ 27 29 32 39 41 59 77 85 95 ]
