1: [ 8 42 44 50 62 ]
2: [ 7 26 27 41 45 54 72 81 96 98 99 ]
3: [ 15 20 62 90 ]
4: [ 50 58 64 67 68 71 78 91 100 ]
5: [ 7 20 25 31 39 50 54 61 67 79 83 87 ]
6: [ 9 11 15 18 43 55 72 75 79 ]
7: [ 2 5 25 32 46 57 64 67 73 74 86 87 95 ]
8: [ 1 40 43 69 70 80 ]
9: [ 6 10 25 26 37 69 76 82 84 98 ]
10: [ 9 26 31 33 47 50 57 63 67 77 86 87 98 99 ]
11: [ 6 16 26 34 41 45 75 98 99 ]
12: [ 46 49 66 67 73 94 95 97 ]
13: [ 15 40 69 91 ]
14: [ 47 50 ]
15: [ 3 6 13 30 33 34 47 51 60 76 77 86 94 ]
16: [ 11 18 43 45 63 79 ]
17: [ 75 78 79 86 94 ]
18: [ 6 16 28 30 32 40 65 70 76 98 ]
19: [ 22 27 33 36 37 66 70 74 85 88 90 93 95 ]
20: [ 3 5 21 24 33 42 67 69 70 88 ]
21: [ 20 40 49 52 65 75 ]
22: [ 19 27 29 44 56 57 65 93 97 ]
23: [ 27 39 43 59 80 86 98 100 ]
24: [ 20 45 50 60 66 67 81 88 95 97 ]
25: [ 5 7 9 47 50 55 69 73 ]
26: [ 2 9 10 11 31 35 47 48 65 72 76 97 ]
27: [ 2 19 22 23 31 45 53 54 62 93 99 ]
28: [ 18 41 54 89 96 99 ]
29: [ 22 30 33 42 58 ]
30: [ 15 18 29 38 40 44 47 54 65 79 93 ]
31: [ 5 10 26 27 37 42 47 66 76 84 90 94 ]
32: [ 7 18 75 ]
33: [ 10 15 19 20 29 53 62 65 81 89 ]
34: [ 11 15 35 41 43 54 57 65 67 95 ]
35: [ 26 34 42 48 53 57 61 69 97 ]
36: [ 19 44 51 59 60 63 74 78 79 ]
37: [ 9 19 31 50 88 91 98 ]
38: [ 30 55 61 74 80 91 ]
39: [ 5 23 41 63 76 100 ]
40: [ 8 13 18 21 30 42 63 68 70 90 94 ]
41: [ 2 11 28 34 39 43 55 73 75 88 ]
42: [ 1 20 29 31 35 40 48 61 93 ]
43: [ 6 8 16 23 34 41 45 65 69 90 ]
44: [ 1 22 30 36 54 55 56 57 65 75 76 91 94 96 ]
45: [ 2 11 16 24 27 43 48 49 64 86 98 ]
46: [ 7 12 47 55 81 86 95 96 ]
47: [ 10 14 15 25 26 30 31 46 68 78 ]
48: [ 26 35 42 45 76 ]
49: [ 12 21 45 53 68 74 79 92 97 98 ]
50: [ 1 4 5 10 14 24 25 37 65 67 70 73 88 ]
51: [ 15 36 66 69 82 ]
52: [ 21 58 65 70 78 85 91 ]
53: [ 27 33 35 49 58 76 79 85 98 ]
54: [ 2 5 27 28 30 34 44 58 60 78 96 ]
55: [ 6 25 38 41 44 46 68 72 73 77 ]
56: [ 22 44 78 ]
57: [ 7 10 22 34 35 44 64 67 72 74 80 82 83 97 99 ]
58: [ 4 29 52 53 54 65 84 90 ]
59: [ 23 36 60 ]
60: [ 15 24 36 54 59 66 70 73 97 ]
61: [ 5 35 38 42 83 ]
62: [ 1 3 27 33 68 77 80 83 84 94 ]
63: [ 10 16 36 39 40 70 88 97 ]
64: [ 4 7 45 57 100 ]
65: [ 18 21 22 26 30 33 34 43 44 50 52 58 74 94 ]
66: [ 12 19 24 31 51 60 ]
67: [ 4 5 7 10 12 20 24 34 50 57 69 77 86 91 ]
68: [ 4 40 47 49 55 62 81 87 92 ]
69: [ 8 9 13 20 25 35 43 51 67 73 ]
70: [ 8 18 19 20 40 50 52 60 63 71 ]
71: [ 4 70 72 ]
72: [ 2 6 26 55 57 71 97 ]
73: [ 7 12 25 41 50 55 60 69 75 98 ]
74: [ 7 19 36 38 49 57 65 77 83 86 90 ]
75: [ 6 11 17 21 32 41 44 73 76 81 91 95 ]
76: [ 9 15 18 26 31 39 44 48 53 75 81 89 91 ]
77: [ 10 15 55 62 67 74 82 95 ]
78: [ 4 17 36 47 52 54 56 98 ]
79: [ 5 6 16 17 30 36 49 53 100 ]
80: [ 8 23 38 57 62 ]
81: [ 2 24 33 46 68 75 76 ]
82: [ 9 51 57 77 ]
83: [ 5 57 61 62 74 93 ]
84: [ 9 31 58 62 96 ]
85: [ 19 52 53 ]
86: [ 7 10 15 17 23 45 46 67 74 94 95 ]
87: [ 5 7 10 68 94 95 99 ]
88: [ 19 20 24 37 41 50 63 96 ]
89: [ 28 33 76 99 ]
90: [ 3 19 31 40 43 58 74 93 94 ]
91: [ 4 13 37 38 44 52 67 75 76 95 98 ]
92: [ 49 68 ]
93: [ 19 22 27 30 42 83 90 95 100 ]
94: [ 12 15 17 31 40 44 62 65 86 87 90 ]
95: [ 7 12 19 24 34 46 75 77 86 87 91 93 ]
96: [ 2 28 44 46 54 84 88 ]
97: [ 12 22 24 26 35 49 57 60 63 72 ]
98: [ 2 9 10 11 18 23 37 45 49 53 73 78 91 ]
99: [ 2 10 11 27 28 57 87 89 ]
100: [ 4 23 39 64 79 93 ]
