1: [ 4 55 73 ]
2: [ 10 78 92 ]
3: [ 9 34 40 52 58 64 65 96 ]
4: [ 1 8 9 10 16 27 32 35 64 73 79 80 ]
5: [ 12 16 83 96 ]
6: [ 19 20 25 28 31 37 50 80 87 ]
7: [ 21 26 47 54 79 99 ]
8: [ 4 37 44 48 55 60 63 72 81 ]
9: [ 3 4 11 30 31 34 41 42 46 48 64 77 ]
10: [ 2 4 26 30 32 35 43 59 76 ]
11: [ 9 37 44 58 62 ]
12: [ 5 13 22 81 95 ]
13: [ 12 16 45 48 68 78 97 ]
14: [ 17 19 20 23 27 37 39 54 74 76 84 93 ]
15: [ 32 41 49 56 84 95 ]
16: [ 4 5 13 21 29 44 53 82 99 ]
17: [ 14 22 35 38 79 95 ]
18: [ 20 33 62 73 74 79 94 ]
19: [ 6 14 23 31 74 95 ]
20: [ 6 14 18 43 45 63 68 84 87 95 ]
21: [ 7 16 22 30 41 46 49 51 60 64 74 ]
22: [ 12 17 21 42 45 49 65 80 82 87 ]
23: [ 14 19 26 32 33 47 54 55 69 81 92 97 99 100 ]
24: [ 30 34 40 52 60 62 66 67 74 84 86 98 ]
25: [ 6 27 46 56 58 61 72 73 ]
26: [ 7 10 23 30 56 ]
27: [ 4 14 25 69 71 87 98 ]
28: [ 6 34 52 55 57 66 84 96 ]
29: [ 16 47 65 ]
30: [ 9 10 21 24 26 36 42 45 58 66 ]
31: [ 6 9 19 33 54 67 72 92 ]
32: [ 4 10 15 23 40 50 65 84 ]
33: [ 18 23 31 46 49 55 56 81 ]
34: [ 3 9 24 28 38 46 55 71 86 99 ]
35: [ 4 10 17 41 61 78 79 81 ]
36: [ 30 71 73 74 92 ]
37: [ 6 8 11 14 56 58 65 74 89 ]
38: [ 17 34 47 62 63 72 73 75 77 87 ]
39: [ 14 50 53 56 75 88 97 98 ]
40: [ 3 24 32 51 59 73 78 98 ]
41: [ 9 15 21 35 57 ]
42: [ 9 22 30 49 52 57 61 66 73 76 79 95 96 ]
43: [ 10 20 80 93 ]
44: [ 8 11 16 47 58 63 65 79 89 ]
45: [ 13 20 22 30 49 52 53 73 81 84 87 92 96 ]
46: [ 9 21 25 33 34 47 50 56 58 60 64 65 84 ]
47: [ 7 23 29 38 44 46 51 65 71 74 75 78 81 ]
48: [ 8 9 13 55 73 74 75 ]
49: [ 15 21 22 33 42 45 50 67 90 92 ]
50: [ 6 32 39 46 49 51 63 78 ]
51: [ 21 40 47 50 53 54 65 66 99 ]
52: [ 3 24 28 42 45 56 79 92 95 ]
53: [ 16 39 45 51 73 78 97 98 ]
54: [ 7 14 23 31 51 89 ]
55: [ 1 8 23 28 33 34 48 63 64 65 96 ]
56: [ 15 25 26 33 37 39 46 52 59 60 62 64 77 80 82 88 ]
57: [ 28 41 42 88 93 94 95 ]
58: [ 3 11 25 30 37 44 46 67 73 83 88 96 ]
59: [ 10 40 56 76 87 ]
60: [ 8 21 24 46 56 64 65 72 77 ]
61: [ 25 35 42 64 81 87 96 ]
62: [ 11 18 24 38 56 67 68 76 96 ]
63: [ 8 20 38 44 50 55 67 68 72 91 96 ]
64: [ 3 4 9 21 46 55 56 60 61 92 98 ]
65: [ 3 22 29 32 37 44 46 47 51 55 60 ]
66: [ 24 28 30 42 51 86 ]
67: [ 24 31 49 58 62 63 77 ]
68: [ 13 20 62 63 84 ]
69: [ 23 27 82 ]
70: [ 99 ]
71: [ 27 34 36 47 79 90 92 ]
72: [ 8 25 31 38 60 63 74 85 86 ]
73: [ 1 4 18 25 36 38 40 42 45 48 53 58 77 97 ]
74: [ 14 18 19 21 24 36 37 47 48 72 76 77 94 96 99 ]
75: [ 38 39 47 48 ]
76: [ 10 14 42 59 62 74 92 ]
77: [ 9 38 56 60 67 73 74 95 ]
78: [ 2 13 35 40 47 50 53 86 97 98 ]
79: [ 4 7 17 18 35 42 44 52 71 82 98 99 100 ]
80: [ 4 6 22 43 56 94 97 99 ]
81: [ 8 12 23 33 35 45 47 61 ]
82: [ 16 22 56 69 79 91 96 ]
83: [ 5 58 ]
84: [ 14 15 20 24 28 32 45 46 68 89 91 ]
85: [ 72 ]
86: [ 24 34 66 72 78 ]
87: [ 6 20 22 27 38 45 59 61 92 ]
88: [ 39 56 57 58 ]
89: [ 37 44 54 84 95 98 ]
90: [ 49 71 99 ]
91: [ 63 82 84 ]
92: [ 2 23 31 36 45 49 52 64 71 76 87 94 ]
93: [ 14 43 57 ]
94: [ 18 57 74 80 92 ]
95: [ 12 15 17 19 20 42 52 57 77 89 97 ]
96: [ 3 5 28 42 45 55 58 61 62 63 74 82 ]
97: [ 13 23 39 53 73 78 80 95 99 ]
98: [ 24 27 39 40 53 64 78 79 89 ]
99: [ 7 16 23 34 51 70 74 79 80 90 97 100 ]
100: [ 23 79 99 ]
