1: [ 17 40 45 49 55 63 83 85 ]
2: [ 9 39 41 50 67 79 ]
3: [ 19 27 45 71 73 84 87 ]
4: [ 10 20 21 32 34 48 75 90 93 ]
5: [ 17 18 19 22 61 70 78 94 97 ]
6: [ 9 13 30 36 39 42 51 53 74 96 ]
7: [ 9 10 37 38 57 69 80 81 87 89 90 ]
8: [ 9 22 24 38 40 44 47 49 57 67 74 78 ]
9: [ 2 6 7 8 18 20 22 56 57 80 90 94 95 ]
10: [ 4 7 11 26 31 33 36 52 55 63 78 87 88 ]
11: [ 10 14 19 20 33 34 54 ]
12: [ 13 20 26 30 39 63 66 75 77 84 ]
13: [ 6 12 19 27 28 30 57 60 62 68 69 71 ]
14: [ 11 16 24 30 40 45 57 62 72 73 86 91 97 ]
15: [ 19 37 44 48 49 69 75 86 ]
16: [ 14 69 71 ]
17: [ 1 5 30 56 61 91 92 96 ]
18: [ 5 9 23 27 30 49 62 79 ]
19: [ 3 5 11 13 15 24 28 54 ]
20: [ 4 9 11 12 25 38 43 44 69 71 ]
21: [ 4 28 31 34 40 41 80 99 ]
22: [ 5 8 9 36 45 ]
23: [ 18 52 61 77 94 ]
24: [ 8 14 19 31 34 38 62 73 77 97 ]
25: [ 20 27 69 81 ]
26: [ 10 12 52 55 ]
27: [ 3 13 18 25 31 32 36 40 61 73 82 84 95 ]
28: [ 13 19 21 49 63 73 76 85 91 92 ]
29: [ 31 41 59 75 ]
30: [ 6 12 13 14 17 18 53 85 86 ]
31: [ 10 21 24 27 29 44 51 67 79 97 ]
32: [ 4 27 33 71 ]
33: [ 10 11 32 35 37 38 43 55 61 67 75 76 81 100 ]
34: [ 4 11 21 24 39 42 ]
35: [ 33 53 82 84 ]
36: [ 6 10 22 27 42 44 47 51 57 60 61 80 86 ]
37: [ 7 15 33 77 78 79 81 85 ]
38: [ 7 8 20 24 33 48 62 64 80 99 ]
39: [ 2 6 12 34 40 44 58 69 77 84 93 94 97 ]
40: [ 1 8 14 21 27 39 57 61 72 74 76 96 ]
41: [ 2 21 29 44 45 50 70 76 85 86 88 89 94 97 ]
42: [ 6 34 36 78 87 90 ]
43: [ 20 33 50 56 66 79 84 87 95 ]
44: [ 8 15 20 31 36 39 41 47 54 55 63 89 95 ]
45: [ 1 3 14 22 41 79 86 91 ]
46: [ 52 53 63 69 72 85 ]
47: [ 8 36 44 51 55 62 67 71 95 ]
48: [ 4 15 38 51 55 61 70 88 95 97 ]
49: [ 1 8 15 18 28 51 54 55 63 67 72 85 86 91 92 ]
50: [ 2 41 43 52 53 70 73 76 83 86 ]
51: [ 6 31 36 47 48 49 59 78 83 89 ]
52: [ 10 23 26 46 50 61 69 75 77 92 ]
53: [ 6 30 35 46 50 63 ]
54: [ 11 19 44 49 63 73 75 86 93 94 95 ]
55: [ 1 10 26 33 44 47 48 49 58 72 79 ]
56: [ 9 17 43 72 83 88 100 ]
57: [ 7 8 9 13 14 36 40 85 ]
58: [ 39 55 95 ]
59: [ 29 51 62 70 79 81 87 94 95 ]
60: [ 13 36 65 ]
61: [ 5 17 23 27 33 36 40 48 52 67 77 ]
62: [ 13 14 18 24 38 47 59 86 96 ]
63: [ 1 10 12 28 44 46 49 53 54 65 69 79 ]
64: [ 38 ]
65: [ 60 63 89 ]
66: [ 12 43 69 72 86 92 ]
67: [ 2 8 31 33 47 49 61 76 78 79 81 ]
68: [ 13 69 78 81 ]
69: [ 7 13 15 16 20 25 39 46 52 63 66 68 79 88 ]
70: [ 5 41 48 50 59 91 ]
71: [ 3 13 16 20 32 47 72 ]
72: [ 14 40 46 49 55 56 66 71 87 89 ]
73: [ 3 14 24 27 28 50 54 74 97 98 ]
74: [ 6 8 40 73 77 96 ]
75: [ 4 12 15 29 33 52 54 77 83 86 87 ]
76: [ 28 33 40 41 50 67 94 98 ]
77: [ 12 23 24 37 39 52 61 74 75 87 94 99 ]
78: [ 5 8 10 37 42 51 67 68 87 94 97 ]
79: [ 2 18 31 37 43 45 55 59 63 67 69 87 97 98 ]
80: [ 7 9 21 36 38 85 86 ]
81: [ 7 25 33 37 59 67 68 85 87 ]
82: [ 27 35 89 ]
83: [ 1 50 51 56 75 97 ]
84: [ 3 12 27 35 39 43 92 94 ]
85: [ 1 28 30 37 41 46 49 57 80 81 86 ]
86: [ 14 15 30 36 41 45 49 50 54 62 66 75 80 85 ]
87: [ 3 7 10 42 43 59 72 75 77 78 79 81 ]
88: [ 10 41 48 56 69 92 ]
89: [ 7 41 44 51 65 72 82 91 ]
90: [ 4 7 9 42 ]
91: [ 14 17 28 45 49 70 89 95 ]
92: [ 17 28 49 52 66 84 88 97 ]
93: [ 4 39 54 ]
94: [ 5 9 23 39 41 54 59 76 77 78 84 ]
95: [ 9 27 43 44 47 48 54 58 59 91 96 ]
96: [ 6 17 40 62 74 95 ]
97: [ 5 14 24 31 39 41 48 73 78 79 83 92 ]
98: [ 73 76 79 ]
99: [ 21 38 77 ]
100: [ 33 56 ]
