1: [ 41 ]
2: [ 5 8 31 33 36 48 57 60 61 67 84 86 89 94 99 ]
3: [ 24 32 54 73 78 82 94 ]
4: [ 8 10 11 29 31 34 39 44 66 77 86 92 94 ]
5: [ 2 46 54 89 ]
6: [ 14 16 70 71 82 ]
7: [ 39 60 61 68 73 79 82 86 87 94 ]
8: [ 2 4 14 24 35 46 53 61 73 75 85 96 ]
9: [ 21 27 34 54 57 70 78 ]
10: [ 4 14 19 23 32 55 66 84 96 ]
11: [ 4 19 41 48 51 52 86 ]
12: [ 13 65 ]
13: [ 12 17 25 39 48 83 85 93 99 ]
14: [ 6 8 10 16 25 31 38 43 54 56 88 96 ]
15: [ 16 54 83 ]
16: [ 6 14 15 17 25 34 40 48 55 86 94 98 ]
17: [ 13 16 24 32 35 54 78 93 ]
18: [ 27 60 61 73 94 96 ]
19: [ 10 11 37 41 56 58 60 68 84 85 93 96 ]
20: [ 24 34 35 57 61 76 84 89 ]
21: [ 9 25 31 37 43 54 58 63 74 76 95 96 ]
22: [ 28 31 ]
23: [ 10 24 26 35 45 52 70 100 ]
24: [ 3 8 17 20 23 35 44 51 70 72 80 85 ]
25: [ 13 14 16 21 27 31 35 37 46 64 67 73 ]
26: [ 23 50 51 57 71 78 80 85 88 90 ]
27: [ 9 18 25 39 65 68 73 ]
28: [ 22 57 71 72 74 83 84 85 88 90 ]
29: [ 4 35 46 51 63 81 82 89 97 ]
30: [ 35 45 48 54 58 61 62 63 83 85 89 90 97 ]
31: [ 2 4 14 21 22 25 40 53 66 74 82 84 97 ]
32: [ 3 10 17 39 49 53 68 76 77 ]
33: [ 2 38 39 48 63 79 94 100 ]
34: [ 4 9 16 20 40 63 89 ]
35: [ 8 17 20 23 24 25 29 30 56 68 70 81 ]
36: [ 2 78 94 ]
37: [ 19 21 25 51 71 82 ]
38: [ 14 33 40 42 46 61 62 70 83 96 97 ]
39: [ 4 7 13 27 32 33 43 66 ]
40: [ 16 31 34 38 46 59 68 84 86 ]
41: [ 1 11 19 52 ]
42: [ 38 44 70 76 86 92 97 ]
43: [ 14 21 39 67 68 91 92 100 ]
44: [ 4 24 42 66 76 91 93 ]
45: [ 23 30 47 49 50 52 92 ]
46: [ 5 8 25 29 38 40 52 57 66 73 81 95 99 ]
47: [ 45 57 64 ]
48: [ 2 11 13 16 30 33 49 54 80 85 86 87 94 ]
49: [ 32 45 48 57 ]
50: [ 26 45 83 ]
51: [ 11 24 26 29 37 88 93 100 ]
52: [ 11 23 41 45 46 55 59 63 69 83 89 ]
53: [ 8 31 32 65 84 95 96 ]
54: [ 3 5 9 14 15 17 21 30 48 67 77 82 86 ]
55: [ 10 16 52 80 ]
56: [ 14 19 35 67 82 86 ]
57: [ 2 9 20 26 28 46 47 49 73 85 89 97 ]
58: [ 19 21 30 90 95 98 ]
59: [ 40 52 78 79 ]
60: [ 2 7 18 19 65 66 80 ]
61: [ 2 7 8 18 20 30 38 70 74 91 97 ]
62: [ 30 38 63 88 91 ]
63: [ 21 29 30 33 34 52 62 64 80 88 ]
64: [ 25 47 63 70 79 81 86 97 98 ]
65: [ 12 27 53 60 73 84 85 89 ]
66: [ 4 10 31 39 44 46 60 74 78 82 99 ]
67: [ 2 25 43 54 56 71 100 ]
68: [ 7 19 27 32 35 40 43 ]
69: [ 52 ]
70: [ 6 9 23 24 35 38 42 61 64 93 ]
71: [ 6 26 28 37 67 78 89 95 98 ]
72: [ 24 28 74 84 ]
73: [ 3 7 8 18 25 27 46 57 65 ]
74: [ 21 28 31 61 66 72 76 88 ]
75: [ 8 100 ]
76: [ 20 21 32 42 44 74 83 94 ]
77: [ 4 32 54 ]
78: [ 3 9 17 26 36 59 66 71 83 86 93 ]
79: [ 7 33 59 64 93 97 ]
80: [ 24 26 48 55 60 63 93 96 99 ]
81: [ 29 35 46 64 92 100 ]
82: [ 3 6 7 29 31 37 54 56 66 99 ]
83: [ 13 15 28 30 38 50 52 76 78 96 ]
84: [ 2 10 19 20 28 31 40 53 65 72 85 ]
85: [ 8 13 19 24 26 28 30 48 57 65 84 ]
86: [ 2 4 7 11 16 40 42 48 54 56 64 78 89 94 ]
87: [ 7 48 98 ]
88: [ 14 26 28 51 62 63 74 ]
89: [ 2 5 20 29 30 34 52 57 65 71 86 ]
90: [ 26 28 30 58 ]
91: [ 43 44 61 62 ]
92: [ 4 42 43 45 81 ]
93: [ 13 17 19 44 51 70 78 79 80 ]
94: [ 2 3 4 7 16 18 33 36 48 76 86 96 100 ]
95: [ 21 46 53 58 71 96 100 ]
96: [ 8 10 14 18 19 21 38 53 80 83 94 95 ]
97: [ 29 30 31 38 42 57 61 64 79 99 ]
98: [ 16 58 64 71 87 ]
99: [ 2 13 46 66 80 82 97 ]
100: [ 23 33 43 51 67 75 81 94 95 ]
