1: [ 5 29 46 53 55 62 78 80 82 84 86 ]
2: [ 15 27 38 40 41 45 52 54 62 68 69 73 81 91 97 98 ]
3: [ 24 26 27 52 66 71 77 95 ]
4: [ 11 16 21 27 30 39 44 49 60 61 79 95 98 ]
5: [ 1 9 23 26 35 51 54 60 66 71 97 ]
6: [ 20 34 40 41 52 53 57 67 76 81 86 ]
7: [ 9 19 24 32 41 50 54 66 72 100 ]
8: [ 26 28 35 37 41 42 55 60 67 69 80 95 96 98 100 ]
9: [ 5 7 16 29 40 68 69 78 83 88 89 93 ]
10: [ 25 45 55 58 63 69 74 83 92 ]
11: [ 4 31 68 82 84 ]
12: [ 27 61 83 ]
13: [ 28 42 44 60 62 63 69 78 84 95 ]
14: [ 16 22 66 70 ]
15: [ 2 16 37 38 53 54 64 81 86 91 98 99 ]
16: [ 4 9 14 15 24 37 41 49 52 55 59 70 75 95 ]
17: [ 23 27 65 96 ]
18: [ 57 89 91 ]
19: [ 7 50 73 75 85 ]
20: [ 6 24 53 93 94 ]
21: [ 4 28 72 80 86 ]
22: [ 14 29 31 50 71 97 ]
23: [ 5 17 60 64 65 90 ]
24: [ 3 7 16 20 25 27 61 62 63 67 75 ]
25: [ 10 24 29 62 72 94 ]
26: [ 3 5 8 62 99 ]
27: [ 2 3 4 12 17 24 34 74 78 85 87 88 ]
28: [ 8 13 21 33 49 85 ]
29: [ 1 9 22 25 40 51 53 67 70 85 90 ]
30: [ 4 50 52 64 65 96 98 ]
31: [ 11 22 52 63 64 65 78 97 ]
32: [ 7 36 38 95 96 ]
33: [ 28 72 95 ]
34: [ 6 27 36 42 47 72 83 ]
35: [ 5 8 37 43 78 95 ]
36: [ 32 34 43 65 69 71 88 92 ]
37: [ 8 15 16 35 43 52 54 70 73 78 ]
38: [ 2 15 32 52 57 64 69 86 91 94 100 ]
39: [ 4 80 81 83 100 ]
40: [ 2 6 9 29 48 53 58 74 89 96 98 ]
41: [ 2 6 7 8 16 66 75 83 86 88 95 96 99 ]
42: [ 8 13 34 67 74 ]
43: [ 35 36 37 55 65 70 77 80 ]
44: [ 4 13 49 75 ]
45: [ 2 10 55 80 84 100 ]
46: [ 1 85 88 94 ]
47: [ 34 64 75 79 ]
48: [ 40 53 65 81 ]
49: [ 4 16 28 44 57 63 69 80 88 92 96 ]
50: [ 7 19 22 30 53 55 ]
51: [ 5 29 57 ]
52: [ 2 3 6 16 30 31 37 38 65 83 92 98 ]
53: [ 1 6 15 20 29 40 48 50 60 80 ]
54: [ 2 5 7 15 37 60 84 88 ]
55: [ 1 8 10 16 43 45 50 63 65 67 73 85 88 97 ]
56: [ 57 59 64 69 100 ]
57: [ 6 18 38 49 51 56 65 68 77 80 ]
58: [ 10 40 86 97 ]
59: [ 16 56 61 70 83 85 87 98 ]
60: [ 4 5 8 13 23 53 54 70 86 88 100 ]
61: [ 4 12 24 59 62 74 84 89 ]
62: [ 1 2 13 24 25 26 61 72 ]
63: [ 10 13 24 31 49 55 72 84 87 90 95 98 ]
64: [ 15 23 30 31 38 47 56 65 78 98 100 ]
65: [ 17 23 30 31 36 43 48 52 55 57 64 69 83 91 ]
66: [ 3 5 7 14 41 81 86 89 98 ]
67: [ 6 8 24 29 42 55 82 83 89 91 94 ]
68: [ 2 9 11 57 70 77 88 91 99 ]
69: [ 2 8 9 10 13 36 38 49 56 65 71 89 91 93 ]
70: [ 14 16 29 37 43 59 60 68 85 ]
71: [ 3 5 22 36 69 77 84 86 89 ]
72: [ 7 21 25 33 34 62 63 ]
73: [ 2 19 37 55 95 ]
74: [ 10 27 40 42 61 ]
75: [ 16 19 24 41 44 47 96 99 ]
76: [ 6 95 97 ]
77: [ 3 43 57 68 71 80 84 95 99 ]
78: [ 1 9 13 27 31 35 37 64 80 94 99 ]
79: [ 4 47 80 87 89 100 ]
80: [ 1 8 21 39 43 45 49 53 57 77 78 79 83 ]
81: [ 2 6 15 39 48 66 85 87 ]
82: [ 1 11 67 ]
83: [ 9 10 12 34 39 41 52 59 65 67 80 99 ]
84: [ 1 11 13 45 54 61 63 71 77 88 89 ]
85: [ 19 27 28 29 46 55 59 70 81 93 ]
86: [ 1 6 15 21 38 41 58 60 66 71 98 ]
87: [ 27 59 63 79 81 ]
88: [ 9 27 36 41 46 49 54 55 60 68 84 89 ]
89: [ 9 18 40 61 66 67 69 71 79 84 88 ]
90: [ 23 29 63 ]
91: [ 2 15 18 38 65 67 68 69 94 ]
92: [ 10 36 49 52 ]
93: [ 9 20 69 85 ]
94: [ 20 25 38 46 67 78 91 ]
95: [ 3 4 8 13 16 32 33 35 41 63 73 76 77 ]
96: [ 8 17 30 32 40 41 49 75 100 ]
97: [ 2 5 22 31 55 58 76 ]
98: [ 2 4 8 15 30 40 52 59 63 64 66 86 ]
99: [ 15 26 41 68 75 77 78 83 ]
100: [ 7 8 38 39 45 56 60 64 79 96 ]
