1: [ 17 19 46 61 ]
2: [ 11 13 53 68 82 90 ]
3: [ 6 12 16 21 24 40 42 58 59 63 64 75 91 96 ]
4: [ 8 32 42 43 54 56 74 97 ]
5: [ 27 29 44 49 54 55 70 73 74 88 ]
6: [ 3 29 34 60 80 88 91 ]
7: [ 10 11 12 27 41 44 57 70 77 78 88 ]
8: [ 4 11 13 22 23 52 59 77 80 81 90 ]
9: [ 23 72 75 81 ]
10: [ 7 20 23 32 49 52 64 88 89 ]
11: [ 2 7 8 14 20 48 51 54 56 59 69 71 73 77 87 88 97 ]
12: [ 3 7 13 14 20 34 51 58 59 62 67 70 72 76 84 90 95 ]
13: [ 2 8 12 30 40 47 77 92 ]
14: [ 11 12 23 41 46 47 53 56 62 64 88 ]
15: [ 17 31 39 47 57 73 ]
16: [ 3 27 44 69 72 91 98 ]
17: [ 1 15 28 29 45 46 48 52 73 83 96 ]
18: [ 26 28 58 59 66 75 89 ]
19: [ 1 20 35 44 61 79 83 ]
20: [ 10 11 12 19 41 62 81 86 ]
21: [ 3 27 31 34 45 54 74 77 87 91 ]
22: [ 8 50 54 68 69 ]
23: [ 8 9 10 14 36 38 39 41 45 48 94 ]
24: [ 3 40 64 81 82 85 91 96 ]
25: [ 35 58 67 68 73 80 ]
26: [ 18 32 48 91 ]
27: [ 5 7 16 21 33 53 67 68 72 86 87 100 ]
28: [ 17 18 33 45 46 72 88 91 ]
29: [ 5 6 17 36 39 42 43 44 58 64 90 91 ]
30: [ 13 43 44 97 99 ]
31: [ 15 21 39 62 70 89 95 ]
32: [ 4 10 26 35 50 63 97 ]
33: [ 27 28 45 61 ]
34: [ 6 12 21 37 83 ]
35: [ 19 25 32 44 84 91 97 ]
36: [ 23 29 77 ]
37: [ 34 68 69 84 ]
38: [ 23 74 75 87 95 96 ]
39: [ 15 23 29 31 42 66 69 75 80 89 96 ]
40: [ 3 13 24 43 69 86 96 ]
41: [ 7 14 20 23 62 66 71 87 92 94 ]
42: [ 3 4 29 39 50 51 88 90 91 ]
43: [ 4 29 30 40 59 60 68 90 ]
44: [ 5 7 16 19 29 30 35 72 76 84 92 95 96 98 ]
45: [ 17 21 23 28 33 57 88 ]
46: [ 1 14 17 28 47 49 54 56 62 89 93 ]
47: [ 13 14 15 46 53 77 84 88 98 ]
48: [ 11 17 23 26 53 ]
49: [ 5 10 46 63 67 87 90 95 100 ]
50: [ 22 32 42 68 71 84 94 ]
51: [ 11 12 42 58 61 75 94 ]
52: [ 8 10 17 66 ]
53: [ 2 14 27 47 48 62 78 91 94 ]
54: [ 4 5 11 21 22 46 71 76 92 95 97 ]
55: [ 5 64 72 ]
56: [ 4 11 14 46 58 67 81 ]
57: [ 7 15 45 66 70 74 88 ]
58: [ 3 12 18 25 29 51 56 71 74 81 86 87 ]
59: [ 3 8 11 12 18 43 ]
60: [ 6 43 63 89 ]
61: [ 1 19 33 51 62 74 75 80 86 97 ]
62: [ 12 14 20 31 41 46 53 61 65 82 85 ]
63: [ 3 32 49 60 66 73 76 78 82 87 ]
64: [ 3 10 14 24 29 55 69 72 79 80 94 ]
65: [ 62 66 88 97 ]
66: [ 18 39 41 52 57 63 65 70 93 ]
67: [ 12 25 27 49 56 73 81 82 85 90 ]
68: [ 2 22 25 27 37 43 50 69 79 81 83 ]
69: [ 11 16 22 37 39 40 64 68 70 74 78 85 ]
70: [ 5 7 12 31 57 66 69 72 76 83 87 ]
71: [ 11 41 50 54 58 74 76 ]
72: [ 9 12 16 27 28 44 55 64 70 80 83 ]
73: [ 5 11 15 17 25 63 67 84 96 100 ]
74: [ 4 5 21 38 57 58 61 69 71 82 91 ]
75: [ 3 9 18 38 39 51 61 ]
76: [ 12 44 54 63 70 71 78 ]
77: [ 7 8 11 13 21 36 47 ]
78: [ 7 53 63 69 76 84 89 ]
79: [ 19 64 68 86 96 97 ]
80: [ 6 8 25 39 61 64 72 90 91 96 ]
81: [ 8 9 20 24 56 58 67 68 83 ]
82: [ 2 24 62 63 67 74 90 ]
83: [ 17 19 34 68 70 72 81 ]
84: [ 12 35 37 44 47 50 73 78 95 ]
85: [ 24 62 67 69 88 ]
86: [ 20 27 40 58 61 79 89 94 ]
87: [ 11 21 27 38 41 49 58 63 70 99 ]
88: [ 5 6 7 10 11 14 28 42 45 47 57 65 85 ]
89: [ 10 18 31 39 46 60 78 86 99 ]
90: [ 2 8 12 29 42 43 49 67 80 82 100 ]
91: [ 3 6 16 21 24 26 28 29 35 42 53 74 80 99 100 ]
92: [ 13 41 44 54 ]
93: [ 46 66 ]
94: [ 23 41 50 51 53 64 86 ]
95: [ 12 31 38 44 49 54 84 ]
96: [ 3 17 24 38 39 40 44 73 79 80 ]
97: [ 4 11 30 32 35 54 61 65 79 99 ]
98: [ 16 44 47 ]
99: [ 30 87 89 91 97 ]
100: [ 27 49 73 90 91 ]
