1: [ 2 3 22 23 68 69 70 ]
2: [ 1 31 86 87 98 ]
3: [ 1 17 48 80 87 ]
4: [ 22 47 69 75 ]
5: [ 8 10 11 14 23 26 46 47 57 66 72 98 ]
6: [ 18 26 38 47 57 65 98 100 ]
7: [ 17 18 19 23 27 32 37 43 52 56 73 79 82 ]
8: [ 5 12 22 56 70 85 ]
9: [ 38 75 89 90 ]
10: [ 5 39 56 66 67 69 70 ]
11: [ 5 32 41 50 57 61 ]
12: [ 8 23 34 47 55 59 62 77 81 87 ]
13: [ 27 29 33 35 58 69 90 91 ]
14: [ 5 15 26 27 39 52 55 70 74 83 87 92 ]
15: [ 14 16 17 24 25 47 54 66 ]
16: [ 15 27 33 47 95 ]
17: [ 3 7 15 19 21 24 41 65 70 76 77 89 90 ]
18: [ 6 7 25 28 39 46 58 73 75 87 94 ]
19: [ 7 17 22 25 37 47 58 71 86 87 94 95 ]
20: [ 25 27 84 89 ]
21: [ 17 24 30 46 77 85 ]
22: [ 1 4 8 19 35 49 59 70 87 90 91 ]
23: [ 1 5 7 12 32 44 65 90 ]
24: [ 15 17 21 53 57 61 83 92 97 98 ]
25: [ 15 18 19 20 27 31 39 40 47 97 ]
26: [ 5 6 14 31 49 57 58 59 71 76 82 100 ]
27: [ 7 13 14 16 20 25 41 57 91 ]
28: [ 18 38 58 63 64 72 98 ]
29: [ 13 35 42 59 83 89 90 95 97 ]
30: [ 21 37 39 47 52 61 65 81 91 95 ]
31: [ 2 25 26 39 42 52 53 58 66 70 ]
32: [ 7 11 23 38 42 43 48 54 62 63 79 85 ]
33: [ 13 16 44 51 53 54 62 82 94 100 ]
34: [ 12 47 50 80 95 ]
35: [ 13 22 29 36 39 40 61 69 72 88 98 100 ]
36: [ 35 38 ]
37: [ 7 19 30 51 71 76 82 84 90 ]
38: [ 6 9 28 32 36 51 56 72 83 86 89 93 94 ]
39: [ 10 14 18 25 30 31 35 64 67 72 76 ]
40: [ 25 35 44 50 53 57 60 65 67 72 99 ]
41: [ 11 17 27 46 48 57 80 ]
42: [ 29 31 32 43 44 57 64 72 73 86 95 ]
43: [ 7 32 42 51 56 72 79 90 ]
44: [ 23 33 40 42 48 53 56 65 66 70 76 86 90 99 ]
45: [ 47 62 75 ]
46: [ 5 18 21 41 47 48 57 64 69 75 86 89 90 ]
47: [ 4 5 6 12 15 16 19 25 30 34 45 46 78 90 96 ]
48: [ 3 32 41 44 46 66 69 98 ]
49: [ 22 26 54 73 ]
50: [ 11 34 40 55 80 94 ]
51: [ 33 37 38 43 52 65 98 ]
52: [ 7 14 30 31 51 54 57 59 70 96 100 ]
53: [ 24 31 33 40 44 62 82 84 ]
54: [ 15 32 33 49 52 73 76 77 89 ]
55: [ 12 14 50 57 98 ]
56: [ 7 8 10 38 43 44 73 79 90 ]
57: [ 5 6 11 24 26 27 40 41 42 46 52 55 83 ]
58: [ 13 18 19 26 28 31 82 87 ]
59: [ 12 22 26 29 52 70 76 80 88 ]
60: [ 40 71 72 ]
61: [ 11 24 30 35 64 69 70 73 ]
62: [ 12 32 33 45 53 ]
63: [ 28 32 68 88 93 95 97 98 ]
64: [ 28 39 42 46 61 75 92 94 ]
65: [ 6 17 23 30 40 44 51 73 77 84 86 89 90 92 98 ]
66: [ 5 10 15 31 44 48 70 87 97 98 ]
67: [ 10 39 40 73 79 80 82 83 86 89 92 96 97 ]
68: [ 1 63 84 98 ]
69: [ 1 4 10 13 35 46 48 61 76 77 79 83 99 ]
70: [ 1 8 10 14 17 22 31 44 52 59 61 66 76 83 84 87 98 ]
71: [ 19 26 37 60 98 ]
72: [ 5 28 35 38 39 40 42 43 60 ]
73: [ 7 18 42 49 54 56 61 65 67 77 91 97 ]
74: [ 14 ]
75: [ 4 9 18 45 46 64 76 87 93 95 100 ]
76: [ 17 26 37 39 44 54 59 69 70 75 91 ]
77: [ 12 17 21 54 65 69 73 80 87 93 95 ]
78: [ 47 83 88 ]
79: [ 7 32 43 56 67 69 80 83 ]
80: [ 3 34 41 50 59 67 77 79 ]
81: [ 12 30 ]
82: [ 7 26 33 37 53 58 67 86 ]
83: [ 14 24 29 38 57 67 69 70 78 79 ]
84: [ 20 37 53 65 68 70 87 ]
85: [ 8 21 32 94 ]
86: [ 2 19 38 42 44 46 65 67 82 89 93 ]
87: [ 2 3 12 14 18 19 22 58 66 70 75 77 84 89 90 ]
88: [ 35 59 63 78 ]
89: [ 9 17 20 29 38 46 54 65 67 86 87 96 ]
90: [ 9 13 17 22 23 29 37 43 44 46 47 56 65 87 92 ]
91: [ 13 22 27 30 73 76 95 100 ]
92: [ 14 24 64 65 67 90 ]
93: [ 38 63 75 77 86 ]
94: [ 18 19 33 38 50 64 85 ]
95: [ 16 19 29 30 34 42 63 75 77 91 ]
96: [ 47 52 67 89 ]
97: [ 24 25 29 63 66 67 73 ]
98: [ 2 5 6 24 28 35 48 51 55 63 65 66 68 70 71 ]
99: [ 40 44 69 ]
100: [ 6 26 33 35 52 75 91 ]
