1: [ 5 35 52 66 ]
2: [ 17 18 47 48 52 54 70 79 88 97 98 ]
3: [ 14 29 34 39 50 56 57 58 79 82 88 89 93 ]
4: [ 18 29 32 39 45 49 62 64 70 78 80 82 91 ]
5: [ 1 6 23 26 33 43 49 67 72 89 ]
6: [ 5 9 31 40 67 81 96 97 99 ]
7: [ 27 65 82 ]
8: [ 11 17 59 99 ]
9: [ 6 33 85 93 ]
10: [ 12 27 35 40 43 48 49 54 61 72 75 76 89 90 93 99 ]
11: [ 8 15 17 29 37 48 54 72 ]
12: [ 10 32 45 65 76 93 95 ]
13: [ 21 65 69 72 83 ]
14: [ 3 22 28 33 43 84 ]
15: [ 11 28 30 45 57 60 61 78 82 96 ]
16: [ 28 48 50 55 67 77 79 97 ]
17: [ 2 8 11 20 21 23 33 45 55 57 96 ]
18: [ 2 4 28 58 61 62 81 85 89 ]
19: [ 25 45 51 57 89 93 95 ]
20: [ 17 36 40 50 56 58 60 69 72 79 92 95 99 ]
21: [ 13 17 36 51 64 74 80 93 94 ]
22: [ 14 32 60 61 79 87 88 91 92 ]
23: [ 5 17 25 45 52 59 71 78 92 ]
24: [ 26 44 51 57 90 98 ]
25: [ 19 23 38 39 48 59 70 78 97 ]
26: [ 5 24 30 38 42 48 59 63 71 72 76 87 ]
27: [ 7 10 36 39 48 60 80 82 83 90 ]
28: [ 14 15 16 18 32 38 43 45 59 66 76 ]
29: [ 3 4 11 34 37 39 43 47 48 59 60 81 85 89 ]
30: [ 15 26 31 53 87 90 98 ]
31: [ 6 30 41 80 99 ]
32: [ 4 12 22 28 38 40 50 56 82 92 94 97 ]
33: [ 5 9 14 17 38 43 63 66 73 81 84 90 91 94 ]
34: [ 3 29 69 93 ]
35: [ 1 10 57 90 96 ]
36: [ 20 21 27 37 48 56 90 91 96 ]
37: [ 11 29 36 64 88 93 ]
38: [ 25 26 28 32 33 40 62 75 76 ]
39: [ 3 4 25 27 29 40 42 52 53 64 76 81 92 ]
40: [ 6 10 20 32 38 39 43 47 55 58 59 62 83 87 92 94 ]
41: [ 31 54 60 79 85 87 94 ]
42: [ 26 39 44 48 50 67 88 ]
43: [ 5 10 14 28 29 33 40 47 51 54 67 92 ]
44: [ 24 42 ]
45: [ 4 12 15 17 19 23 28 53 62 66 67 72 74 75 76 82 89 91 ]
46: [ 60 65 89 ]
47: [ 2 29 40 43 65 72 77 88 ]
48: [ 2 10 11 16 25 26 27 29 36 42 54 66 77 88 95 ]
49: [ 4 5 10 51 75 92 97 ]
50: [ 3 16 20 32 42 55 65 67 74 76 77 89 ]
51: [ 19 21 24 43 49 57 81 89 91 ]
52: [ 1 2 23 39 53 60 69 70 72 79 ]
53: [ 30 39 45 52 82 ]
54: [ 2 10 11 41 43 48 55 58 61 72 79 ]
55: [ 16 17 40 50 54 57 62 63 66 89 ]
56: [ 3 20 32 36 61 72 ]
57: [ 3 15 17 19 24 35 51 55 61 71 90 95 ]
58: [ 3 18 20 40 54 60 61 82 98 99 ]
59: [ 8 23 25 26 28 29 40 66 68 90 99 ]
60: [ 15 20 22 27 29 41 46 52 58 64 77 ]
61: [ 10 15 18 22 54 56 57 58 71 75 81 92 98 99 ]
62: [ 4 18 38 40 45 55 64 ]
63: [ 26 33 55 74 90 99 ]
64: [ 4 21 37 39 60 62 67 79 83 91 ]
65: [ 7 12 13 46 47 50 69 75 78 82 98 ]
66: [ 1 28 33 45 48 55 59 71 82 87 99 ]
67: [ 5 6 16 42 43 45 50 64 74 81 84 86 92 93 ]
68: [ 59 74 ]
69: [ 13 20 34 52 65 88 91 ]
70: [ 2 4 25 52 81 ]
71: [ 23 26 57 61 66 76 82 ]
72: [ 5 10 11 13 20 26 45 47 52 54 56 75 94 ]
73: [ 33 ]
74: [ 21 45 50 63 67 68 80 99 ]
75: [ 10 38 45 49 61 65 72 93 ]
76: [ 10 12 26 28 38 39 45 50 71 98 ]
77: [ 16 47 48 50 60 94 ]
78: [ 4 15 23 25 65 ]
79: [ 2 3 16 20 22 41 52 54 64 94 99 ]
80: [ 4 21 27 31 74 94 95 96 97 ]
81: [ 6 18 29 33 39 51 61 67 70 91 92 100 ]
82: [ 3 4 7 15 27 32 45 53 58 65 66 71 87 88 91 ]
83: [ 13 27 40 64 92 ]
84: [ 14 33 67 97 ]
85: [ 9 18 29 41 90 ]
86: [ 67 ]
87: [ 22 26 30 40 41 66 82 ]
88: [ 2 3 22 37 42 47 48 69 82 91 92 98 ]
89: [ 3 5 10 18 19 29 45 46 50 51 55 ]
90: [ 10 24 27 30 33 35 36 57 59 63 85 ]
91: [ 4 22 33 36 45 51 64 69 81 82 88 94 99 ]
92: [ 20 22 23 32 39 40 43 49 61 67 81 83 88 ]
93: [ 3 9 10 12 19 21 34 37 67 75 ]
94: [ 21 32 33 40 41 72 77 79 80 91 ]
95: [ 12 19 20 48 57 80 100 ]
96: [ 6 15 17 35 36 80 ]
97: [ 2 6 16 25 32 49 80 84 ]
98: [ 2 24 30 58 61 65 76 88 ]
99: [ 6 8 10 20 31 58 59 61 63 66 74 79 91 100 ]
100: [ 81 95 99 ]
