1: [ 5 23 28 29 30 40 41 45 51 55 79 85 86 ]
2: [ 20 31 36 56 70 76 90 ]
3: [ 4 8 13 19 24 25 34 41 52 ]
4: [ 3 9 15 21 22 31 32 38 46 54 66 67 77 92 96 ]
5: [ 1 45 46 74 ]
6: [ 9 24 28 38 43 58 59 67 81 85 ]
7: [ 27 41 42 53 89 ]
8: [ 3 9 10 17 26 52 88 ]
9: [ 4 6 8 11 24 27 29 37 38 78 91 94 ]
10: [ 8 11 15 19 27 41 58 67 69 76 77 84 95 ]
11: [ 9 10 24 38 41 56 78 97 98 ]
12: [ 14 27 40 61 63 65 92 95 ]
13: [ 3 24 34 36 37 43 49 58 62 66 76 86 ]
14: [ 12 31 37 80 81 ]
15: [ 4 10 66 72 89 91 95 ]
16: [ 55 68 69 73 82 91 94 96 ]
17: [ 8 30 31 39 58 82 ]
18: [ 20 28 55 62 67 75 95 ]
19: [ 3 10 22 49 60 66 88 97 100 ]
20: [ 2 18 21 66 70 75 79 83 ]
21: [ 4 20 58 97 ]
22: [ 4 19 28 33 35 62 64 66 78 81 89 91 ]
23: [ 1 ]
24: [ 3 6 9 11 13 46 47 52 55 58 76 80 85 94 ]
25: [ 3 30 34 53 76 83 88 91 ]
26: [ 8 36 37 41 55 60 67 68 69 90 95 98 ]
27: [ 7 9 10 12 28 32 43 61 81 89 93 100 ]
28: [ 1 6 18 22 27 29 47 63 76 88 89 90 91 99 ]
29: [ 1 9 28 31 37 67 70 71 78 82 97 98 100 ]
30: [ 1 17 25 42 67 75 77 ]
31: [ 2 4 14 17 29 46 72 82 88 94 97 ]
32: [ 4 27 42 45 50 51 58 59 64 74 75 78 81 96 ]
33: [ 22 45 52 54 59 64 67 70 ]
34: [ 3 13 25 35 37 41 46 61 64 65 84 ]
35: [ 22 34 36 37 46 52 62 66 69 80 84 94 95 100 ]
36: [ 2 13 26 35 52 60 65 72 77 78 80 81 96 ]
37: [ 9 13 14 26 29 34 35 53 68 96 ]
38: [ 4 6 9 11 76 77 88 90 ]
39: [ 17 41 62 81 99 ]
40: [ 1 12 56 58 82 ]
41: [ 1 3 7 10 11 26 34 39 45 52 70 82 ]
42: [ 7 30 32 47 55 58 66 73 77 80 81 95 100 ]
43: [ 6 13 27 44 45 49 57 59 73 95 100 ]
44: [ 43 52 62 100 ]
45: [ 1 5 32 33 41 43 63 69 76 93 ]
46: [ 4 5 24 31 34 35 53 77 80 92 93 ]
47: [ 24 28 42 60 96 ]
48: [ 73 81 88 ]
49: [ 13 19 43 56 67 79 87 ]
50: [ 32 67 90 95 ]
51: [ 1 32 71 82 95 ]
52: [ 3 8 24 33 35 36 41 44 70 76 99 ]
53: [ 7 25 37 46 56 57 ]
54: [ 4 33 62 68 70 75 97 ]
55: [ 1 16 18 24 26 42 64 75 81 ]
56: [ 2 11 40 49 53 61 66 71 72 75 94 ]
57: [ 43 53 78 79 99 ]
58: [ 6 10 13 17 21 24 32 40 42 69 ]
59: [ 6 32 33 43 66 70 96 ]
60: [ 19 26 36 47 70 71 81 ]
61: [ 12 27 34 56 67 68 70 76 99 ]
62: [ 13 18 22 35 39 44 54 90 91 ]
63: [ 12 28 45 95 97 ]
64: [ 22 32 33 34 55 90 ]
65: [ 12 34 36 78 85 ]
66: [ 4 13 15 19 20 22 35 42 56 59 67 72 95 97 ]
67: [ 4 6 10 18 26 29 30 33 49 50 61 66 78 95 96 ]
68: [ 16 26 37 54 61 85 ]
69: [ 10 16 26 35 45 58 ]
70: [ 2 20 29 33 41 52 54 59 60 61 73 ]
71: [ 29 51 56 60 79 89 99 ]
72: [ 15 31 36 56 66 94 ]
73: [ 16 42 43 48 70 78 89 ]
74: [ 5 32 90 ]
75: [ 18 20 30 32 54 55 56 77 86 87 99 ]
76: [ 2 10 13 24 25 28 38 45 52 61 79 98 ]
77: [ 4 10 30 36 38 42 46 75 80 84 88 90 ]
78: [ 9 11 22 29 32 36 57 65 67 73 88 94 95 ]
79: [ 1 20 49 57 71 76 85 87 89 100 ]
80: [ 14 24 35 36 42 46 77 94 ]
81: [ 6 14 22 27 32 36 39 42 48 55 60 85 87 97 ]
82: [ 16 17 29 31 40 41 51 88 99 ]
83: [ 20 25 93 98 ]
84: [ 10 34 35 77 87 96 98 ]
85: [ 1 6 24 65 68 79 81 ]
86: [ 1 13 75 90 ]
87: [ 49 75 79 81 84 88 ]
88: [ 8 19 25 28 31 38 48 77 78 82 87 90 99 ]
89: [ 7 15 22 27 28 71 73 79 98 ]
90: [ 2 26 28 38 50 62 64 74 77 86 88 93 ]
91: [ 9 15 16 22 25 28 62 96 ]
92: [ 4 12 46 93 ]
93: [ 27 45 46 83 90 92 ]
94: [ 9 16 24 31 35 56 72 78 80 97 ]
95: [ 10 12 15 18 26 35 42 43 50 51 63 66 67 78 ]
96: [ 4 16 32 36 37 47 59 67 84 91 ]
97: [ 11 19 21 29 31 54 63 66 81 94 ]
98: [ 11 26 29 76 83 84 89 ]
99: [ 28 39 52 57 61 71 75 82 88 ]
100: [ 19 27 29 35 42 43 44 79 ]
