1: [ 5 23 27 48 52 55 58 65 66 73 90 ]
2: [ 6 7 14 18 19 20 32 35 39 43 58 75 77 91 100 ]
3: [ 15 46 50 59 68 73 ]
4: [ 32 61 87 93 ]
5: [ 1 22 43 49 59 75 90 94 ]
6: [ 2 7 52 54 59 62 71 90 ]
7: [ 2 6 18 21 23 26 27 28 33 35 42 52 56 68 71 ]
8: [ 12 14 27 34 43 58 75 76 81 100 ]
9: [ 29 38 69 75 81 83 100 ]
10: [ 17 18 39 42 44 51 55 58 65 83 99 ]
11: [ 12 20 36 48 58 59 94 ]
12: [ 8 11 14 18 19 20 40 44 58 64 94 98 100 ]
13: [ 47 49 59 71 83 ]
14: [ 2 8 12 20 23 24 30 45 50 51 52 54 58 84 100 ]
15: [ 3 20 25 33 43 61 64 99 ]
16: [ 42 55 65 75 86 90 ]
17: [ 10 36 37 49 59 67 91 95 98 ]
18: [ 2 7 10 12 22 39 42 47 51 52 83 85 88 ]
19: [ 2 12 32 39 40 45 56 63 70 83 87 94 ]
20: [ 2 11 12 14 15 35 43 64 70 72 84 93 ]
21: [ 7 22 26 27 33 34 35 38 68 80 94 98 ]
22: [ 5 18 21 29 37 42 48 65 69 80 89 100 ]
23: [ 1 7 14 25 30 31 41 46 53 59 68 92 ]
24: [ 14 28 29 40 60 70 97 ]
25: [ 15 23 27 38 69 73 74 81 87 96 ]
26: [ 7 21 53 54 70 73 ]
27: [ 1 7 8 21 25 36 38 46 55 57 67 70 93 94 96 100 ]
28: [ 7 24 35 49 55 69 77 78 89 96 ]
29: [ 9 22 24 53 68 75 ]
30: [ 14 23 67 69 76 83 86 93 ]
31: [ 23 33 49 60 67 78 79 97 ]
32: [ 2 4 19 58 62 70 72 78 95 99 ]
33: [ 7 15 21 31 36 40 44 52 67 81 90 100 ]
34: [ 8 21 45 46 54 79 95 ]
35: [ 2 7 20 21 28 41 51 53 54 74 78 94 ]
36: [ 11 17 27 33 80 90 91 95 97 ]
37: [ 17 22 40 45 58 79 ]
38: [ 9 21 25 27 48 49 76 85 ]
39: [ 2 10 18 19 48 49 52 55 58 66 ]
40: [ 12 19 24 33 37 65 74 97 ]
41: [ 23 35 51 70 73 85 ]
42: [ 7 10 16 18 22 43 45 55 58 61 62 68 89 93 ]
43: [ 2 5 8 15 20 42 46 47 52 65 79 89 ]
44: [ 10 12 33 50 60 68 82 88 ]
45: [ 14 19 34 37 42 46 63 74 92 ]
46: [ 3 23 27 34 43 45 49 58 62 63 66 78 83 ]
47: [ 13 18 43 79 83 85 95 97 ]
48: [ 1 11 22 38 39 58 60 65 68 76 93 95 ]
49: [ 5 13 17 28 31 38 39 46 56 64 85 96 ]
50: [ 3 14 44 62 ]
51: [ 10 14 18 35 41 58 60 61 67 69 85 90 ]
52: [ 1 6 7 14 18 33 39 43 61 62 63 73 ]
53: [ 23 26 29 35 55 71 73 76 82 85 96 ]
54: [ 6 14 26 34 35 60 66 89 ]
55: [ 1 10 16 27 28 39 42 53 57 61 68 72 76 99 ]
56: [ 7 19 49 57 ]
57: [ 27 55 56 59 75 83 94 ]
58: [ 1 2 8 10 11 12 14 32 37 39 42 46 48 51 64 92 95 ]
59: [ 3 5 6 11 13 17 23 57 62 72 78 83 87 97 ]
60: [ 24 31 44 48 51 54 61 73 ]
61: [ 4 15 42 51 52 55 60 66 78 81 97 ]
62: [ 6 32 42 46 50 52 59 71 80 87 95 100 ]
63: [ 19 45 46 52 ]
64: [ 12 15 20 49 58 80 97 ]
65: [ 1 10 16 22 40 43 48 89 90 91 92 99 ]
66: [ 1 39 46 54 61 95 98 ]
67: [ 17 27 30 31 33 51 68 69 79 ]
68: [ 3 7 21 23 29 42 44 48 55 67 73 78 83 90 91 ]
69: [ 9 22 25 28 30 51 67 70 71 96 99 ]
70: [ 19 20 24 26 27 32 41 69 72 88 92 97 ]
71: [ 6 7 13 53 62 69 74 81 85 89 90 93 96 ]
72: [ 20 32 55 59 70 79 83 94 99 ]
73: [ 1 3 25 26 41 52 53 60 68 76 77 88 92 95 ]
74: [ 25 35 40 45 71 87 90 94 99 ]
75: [ 2 5 8 9 16 29 57 94 99 ]
76: [ 8 30 38 48 53 55 73 77 79 85 90 95 ]
77: [ 2 28 73 76 ]
78: [ 28 31 32 35 46 59 61 68 83 87 93 ]
79: [ 31 34 37 43 47 67 72 76 88 96 ]
80: [ 21 22 36 62 64 ]
81: [ 8 9 25 33 61 71 83 86 97 ]
82: [ 44 53 ]
83: [ 9 10 13 18 19 30 46 47 57 59 68 72 78 81 84 85 88 ]
84: [ 14 20 83 85 99 ]
85: [ 18 38 41 47 49 51 53 71 76 83 84 99 100 ]
86: [ 16 30 81 100 ]
87: [ 4 19 25 59 62 74 78 96 97 100 ]
88: [ 18 44 70 73 79 83 ]
89: [ 22 28 42 43 54 65 71 94 100 ]
90: [ 1 5 6 16 33 36 51 65 68 71 74 76 93 100 ]
91: [ 2 17 36 65 68 ]
92: [ 23 45 58 65 70 73 ]
93: [ 4 20 27 30 42 48 71 78 90 98 ]
94: [ 5 11 12 19 21 27 35 57 72 74 75 89 95 99 ]
95: [ 17 32 34 36 47 48 58 62 66 73 76 94 ]
96: [ 25 27 28 49 53 69 71 79 87 99 ]
97: [ 24 31 36 40 47 59 61 64 70 81 87 100 ]
98: [ 12 17 21 66 93 ]
99: [ 10 15 32 55 65 69 72 74 75 84 85 94 96 ]
100: [ 2 8 9 12 14 22 27 33 62 85 86 87 89 90 97 ]
