1: [ 4 21 33 43 53 54 81 85 ]
2: [ 7 11 15 16 19 34 41 48 49 55 81 95 ]
3: [ 7 8 21 28 35 40 43 62 63 68 72 89 ]
4: [ 1 5 7 18 52 62 65 71 79 90 ]
5: [ 4 27 44 45 79 92 ]
6: [ 20 24 59 63 82 96 ]
7: [ 2 3 4 10 30 39 55 62 69 72 75 76 88 90 ]
8: [ 3 10 12 15 29 31 34 50 58 62 91 ]
9: [ 16 34 84 85 88 93 ]
10: [ 7 8 27 33 35 36 40 43 ]
11: [ 2 22 31 40 49 78 82 85 91 95 99 ]
12: [ 8 21 29 35 45 50 57 58 61 75 82 96 ]
13: [ 15 23 32 38 48 54 92 93 94 ]
14: [ 15 20 41 60 62 80 ]
15: [ 2 8 13 14 22 27 49 65 99 ]
16: [ 2 9 23 37 55 72 73 84 97 ]
17: [ 24 25 28 33 45 48 62 70 73 95 96 ]
18: [ 4 26 34 40 51 53 ]
19: [ 2 29 33 34 39 86 91 ]
20: [ 6 14 23 34 35 44 81 88 95 ]
21: [ 1 3 12 52 62 88 96 ]
22: [ 11 15 37 39 41 45 46 51 62 79 91 ]
23: [ 13 16 20 29 33 55 66 69 76 91 93 ]
24: [ 6 17 38 43 57 60 63 76 ]
25: [ 17 56 82 90 99 ]
26: [ 18 54 ]
27: [ 5 10 15 39 41 56 85 88 97 100 ]
28: [ 3 17 31 53 65 84 92 ]
29: [ 8 12 19 23 33 54 71 84 88 ]
30: [ 7 31 40 51 52 67 73 74 84 87 98 99 ]
31: [ 8 11 28 30 67 91 98 ]
32: [ 13 41 46 48 58 78 84 86 ]
33: [ 1 10 17 19 23 29 47 54 66 73 78 94 ]
34: [ 2 8 9 18 19 20 48 53 56 64 90 92 ]
35: [ 3 10 12 20 37 39 75 79 84 86 92 93 96 ]
36: [ 10 47 52 53 56 78 92 99 ]
37: [ 16 22 35 40 76 94 100 ]
38: [ 13 24 42 54 64 ]
39: [ 7 19 22 27 35 41 75 79 86 ]
40: [ 3 10 11 18 30 37 53 89 ]
41: [ 2 14 22 27 32 39 73 75 96 ]
42: [ 38 75 ]
43: [ 1 3 10 24 47 59 61 64 70 ]
44: [ 5 20 46 51 69 70 71 73 ]
45: [ 5 12 17 22 56 64 76 80 84 ]
46: [ 22 32 44 47 49 57 62 ]
47: [ 33 36 43 46 92 97 ]
48: [ 2 13 17 32 34 81 ]
49: [ 2 11 15 46 58 87 89 ]
50: [ 8 12 68 88 92 99 ]
51: [ 18 22 30 44 54 58 91 ]
52: [ 4 21 30 36 60 63 75 81 89 94 ]
53: [ 1 18 28 34 36 40 54 55 63 84 86 92 ]
54: [ 1 13 26 29 33 38 51 53 57 58 66 71 83 90 93 99 ]
55: [ 2 7 16 23 53 57 62 90 ]
56: [ 25 27 34 36 45 76 96 98 ]
57: [ 12 24 46 54 55 76 82 86 93 ]
58: [ 8 12 32 49 51 54 61 74 81 89 90 98 ]
59: [ 6 43 81 95 ]
60: [ 14 24 52 71 75 98 ]
61: [ 12 43 58 72 79 96 97 ]
62: [ 3 4 7 8 14 17 21 22 46 55 91 96 ]
63: [ 3 6 24 52 53 76 ]
64: [ 34 38 43 45 80 83 92 ]
65: [ 4 15 28 90 91 92 97 ]
66: [ 23 33 54 68 81 93 97 ]
67: [ 30 31 89 95 ]
68: [ 3 50 66 85 88 93 96 ]
69: [ 7 23 44 71 72 ]
70: [ 17 43 44 82 ]
71: [ 4 29 44 54 60 69 73 88 94 ]
72: [ 3 7 16 61 69 86 89 95 ]
73: [ 16 17 30 33 41 44 71 81 98 99 ]
74: [ 30 58 76 82 84 ]
75: [ 7 12 35 39 41 42 52 60 90 ]
76: [ 7 23 24 37 45 56 57 63 74 92 95 ]
77: [ 98 99 ]
78: [ 11 32 33 36 ]
79: [ 4 5 22 35 39 61 84 99 ]
80: [ 14 45 64 81 82 84 99 ]
81: [ 1 2 20 48 52 58 59 66 73 80 88 99 100 ]
82: [ 6 11 12 25 57 70 74 80 ]
83: [ 54 64 86 90 ]
84: [ 9 16 28 29 30 32 35 45 53 74 79 80 92 98 ]
85: [ 1 9 11 27 68 96 99 ]
86: [ 19 32 35 39 53 57 72 83 ]
87: [ 30 49 88 90 93 95 ]
88: [ 7 9 20 21 27 29 50 68 71 81 87 96 100 ]
89: [ 3 40 49 52 58 67 72 95 97 98 ]
90: [ 4 7 25 34 54 55 58 65 75 83 87 98 ]
91: [ 8 11 19 22 23 31 51 62 65 93 94 96 99 ]
92: [ 5 13 28 34 35 36 47 50 53 64 65 76 84 100 ]
93: [ 9 13 23 35 54 57 66 68 87 91 ]
94: [ 13 33 37 52 71 91 ]
95: [ 2 11 17 20 59 67 72 76 87 89 98 ]
96: [ 6 12 17 21 35 41 56 61 62 68 85 88 91 ]
97: [ 16 27 47 61 65 66 89 ]
98: [ 30 31 56 58 60 73 77 84 89 90 95 ]
99: [ 11 15 25 30 36 50 54 73 77 79 80 81 85 91 ]
100: [ 27 37 81 88 92 ]
