1: [ 14 15 39 49 54 64 75 77 89 98 99 ]
2: [ 17 18 24 32 43 61 66 71 76 84 92 97 ]
3: [ 6 9 75 78 88 ]
4: [ 7 8 67 74 80 91 95 ]
5: [ 9 13 20 24 36 50 73 77 95 99 ]
6: [ 3 15 16 24 25 35 45 56 58 59 68 ]
7: [ 4 12 19 20 21 28 35 49 55 84 85 88 ]
8: [ 4 13 28 47 74 ]
9: [ 3 5 15 16 29 42 44 61 92 100 ]
10: [ 24 28 30 64 ]
11: [ 27 43 60 62 ]
12: [ 7 20 43 55 61 78 ]
13: [ 5 8 14 36 42 56 59 74 80 86 94 96 ]
14: [ 1 13 27 29 72 98 ]
15: [ 1 6 9 16 30 41 70 78 94 ]
16: [ 6 9 15 29 37 45 47 59 79 ]
17: [ 2 20 24 28 34 35 65 75 83 94 ]
18: [ 2 25 26 33 49 62 64 77 80 84 86 92 97 100 ]
19: [ 7 22 29 39 54 69 75 83 88 91 100 ]
20: [ 5 7 12 17 29 36 37 50 68 72 84 85 87 88 ]
21: [ 7 35 56 61 76 77 ]
22: [ 19 31 34 42 ]
23: [ 95 ]
24: [ 2 5 6 10 17 32 35 48 68 74 84 91 ]
25: [ 6 18 32 38 54 60 68 74 93 99 100 ]
26: [ 18 30 33 50 79 81 86 89 ]
27: [ 11 14 29 30 33 35 44 77 95 96 97 ]
28: [ 7 8 10 17 43 46 58 70 72 80 86 89 99 100 ]
29: [ 9 14 16 19 20 27 36 37 53 57 62 64 75 76 90 ]
30: [ 10 15 26 27 47 62 66 79 94 ]
31: [ 22 42 50 54 55 ]
32: [ 2 24 25 41 48 56 57 59 62 64 65 76 85 ]
33: [ 18 26 27 59 62 79 91 97 ]
34: [ 17 22 40 42 45 49 56 60 64 74 83 84 ]
35: [ 6 7 17 21 24 27 37 39 41 50 51 60 84 ]
36: [ 5 13 20 29 49 51 59 68 74 81 ]
37: [ 16 20 29 35 51 64 67 ]
38: [ 25 50 79 93 ]
39: [ 1 19 35 78 81 84 89 94 ]
40: [ 34 53 79 82 83 90 93 94 96 97 99 ]
41: [ 15 32 35 44 46 55 60 62 65 68 72 85 ]
42: [ 9 13 22 31 34 51 86 87 89 94 100 ]
43: [ 2 11 12 28 67 75 79 84 ]
44: [ 9 27 41 63 67 68 84 92 ]
45: [ 6 16 34 50 54 ]
46: [ 28 41 64 83 92 95 ]
47: [ 8 16 30 72 77 80 85 91 ]
48: [ 24 32 67 69 97 ]
49: [ 1 7 18 34 36 64 76 78 85 87 93 96 ]
50: [ 5 20 26 31 35 38 45 51 54 60 61 79 80 89 ]
51: [ 35 36 37 42 50 59 72 86 92 ]
52: [ 54 70 78 ]
53: [ 29 40 63 75 81 94 ]
54: [ 1 19 25 31 45 50 52 79 92 93 ]
55: [ 7 12 31 41 57 70 78 80 86 95 ]
56: [ 6 13 21 32 34 59 71 75 81 88 92 ]
57: [ 29 32 55 86 ]
58: [ 6 28 ]
59: [ 6 13 16 32 33 36 51 56 65 96 100 ]
60: [ 11 25 34 35 41 50 72 74 80 100 ]
61: [ 2 9 12 21 50 79 84 85 87 91 ]
62: [ 11 18 29 30 32 33 41 83 ]
63: [ 44 53 100 ]
64: [ 1 10 18 29 32 34 37 46 49 76 78 79 94 97 ]
65: [ 17 32 41 59 73 77 95 97 ]
66: [ 2 30 67 70 85 98 ]
67: [ 4 37 43 44 48 66 70 73 84 86 91 100 ]
68: [ 6 20 24 25 36 41 44 75 90 92 ]
69: [ 19 48 80 81 84 87 ]
70: [ 15 28 52 55 66 67 ]
71: [ 2 56 79 83 ]
72: [ 14 20 28 41 47 51 60 85 98 ]
73: [ 5 65 67 78 81 88 93 ]
74: [ 4 8 13 24 25 34 36 60 76 83 88 91 92 98 ]
75: [ 1 3 17 19 29 43 53 56 68 76 78 ]
76: [ 2 21 29 32 49 64 74 75 79 83 99 ]
77: [ 1 5 18 21 27 47 65 82 93 ]
78: [ 3 12 15 39 49 52 55 64 73 75 100 ]
79: [ 16 26 30 33 38 40 43 50 54 61 64 71 76 81 84 ]
80: [ 4 13 18 28 47 50 55 60 69 88 ]
81: [ 26 36 39 53 56 69 73 79 83 88 99 ]
82: [ 40 77 ]
83: [ 17 19 34 40 46 62 71 74 76 81 90 92 93 98 ]
84: [ 2 7 18 20 24 34 35 39 43 44 61 67 69 79 85 90 ]
85: [ 7 20 32 41 47 49 61 66 72 84 92 ]
86: [ 13 18 26 28 42 51 55 57 67 87 94 97 ]
87: [ 20 42 49 61 69 86 ]
88: [ 3 7 19 20 56 73 74 80 81 97 ]
89: [ 1 26 28 39 42 50 ]
90: [ 29 40 68 83 84 ]
91: [ 4 19 24 33 47 61 67 74 ]
92: [ 2 9 18 44 46 51 54 56 68 74 83 85 98 ]
93: [ 25 38 40 49 54 73 77 83 98 ]
94: [ 13 15 17 30 39 40 42 53 64 86 ]
95: [ 4 5 23 27 46 55 65 97 ]
96: [ 13 27 40 49 59 98 ]
97: [ 2 18 27 33 40 48 64 65 86 88 95 ]
98: [ 1 14 66 72 74 83 92 93 96 ]
99: [ 1 5 25 28 40 76 81 ]
100: [ 9 18 19 25 28 42 59 60 63 67 78 ]
