1: [ 8 38 40 71 73 94 ]
2: [ 3 49 50 64 65 ]
3: [ 2 11 22 26 30 36 62 64 65 78 89 92 96 100 ]
4: [ 53 56 65 77 ]
5: [ 9 23 50 70 82 89 ]
6: [ 13 24 31 33 56 66 74 82 83 87 ]
7: [ 11 13 17 32 56 75 81 ]
8: [ 1 14 39 41 43 52 54 66 68 ]
9: [ 5 20 40 42 55 72 77 85 ]
10: [ 60 81 85 ]
11: [ 3 7 12 13 17 37 41 42 44 53 88 ]
12: [ 11 15 17 31 52 70 74 79 ]
13: [ 6 7 11 25 31 36 37 50 56 63 96 ]
14: [ 8 33 50 52 72 75 81 82 88 90 100 ]
15: [ 12 16 19 33 50 54 75 93 97 ]
16: [ 15 36 37 57 82 89 91 92 ]
17: [ 7 11 12 20 23 24 27 49 50 61 90 95 97 ]
18: [ 38 39 48 ]
19: [ 15 23 42 72 90 92 ]
20: [ 9 17 52 61 66 79 ]
21: [ 38 68 97 ]
22: [ 3 33 36 61 77 80 85 100 ]
23: [ 5 17 19 39 43 60 80 ]
24: [ 6 17 26 46 53 61 62 67 76 80 91 92 98 ]
25: [ 13 39 50 52 81 87 98 ]
26: [ 3 24 28 32 40 46 50 52 54 60 65 66 73 ]
27: [ 17 32 36 52 65 ]
28: [ 26 42 55 56 79 83 ]
29: [ 43 50 62 81 84 ]
30: [ 3 40 44 54 80 97 ]
31: [ 6 12 13 52 56 67 86 ]
32: [ 7 26 27 34 39 41 63 66 73 79 86 89 ]
33: [ 6 14 15 22 44 54 74 76 81 93 ]
34: [ 32 68 ]
35: [ 63 68 79 ]
36: [ 3 13 16 22 27 43 54 60 62 80 ]
37: [ 11 13 16 44 45 59 72 73 74 ]
38: [ 1 18 21 52 72 ]
39: [ 8 18 23 25 32 42 47 65 96 98 ]
40: [ 1 9 26 30 71 75 85 86 92 97 ]
41: [ 8 11 32 88 94 ]
42: [ 9 11 19 28 39 49 55 72 75 97 98 ]
43: [ 8 23 29 36 61 65 81 92 ]
44: [ 11 30 33 37 54 61 65 82 89 ]
45: [ 37 71 96 98 ]
46: [ 24 26 50 ]
47: [ 39 55 65 71 95 97 98 ]
48: [ 18 66 70 72 76 81 89 ]
49: [ 2 17 42 97 ]
50: [ 2 5 13 14 15 17 25 26 29 46 56 59 62 67 ]
51: [ 61 63 64 96 ]
52: [ 8 12 14 20 25 26 27 31 38 70 88 ]
53: [ 4 11 24 61 71 90 93 96 98 ]
54: [ 8 15 26 30 33 36 44 60 71 92 96 ]
55: [ 9 28 42 47 56 59 71 78 83 89 95 98 99 ]
56: [ 4 6 7 13 28 31 50 55 66 70 71 72 75 77 80 ]
57: [ 16 81 ]
58: [ 81 89 ]
59: [ 37 50 55 60 62 70 77 94 95 ]
60: [ 10 23 26 36 54 59 64 69 73 76 86 ]
61: [ 17 20 22 24 43 44 51 53 75 86 88 ]
62: [ 3 24 29 36 50 59 65 70 76 77 87 99 ]
63: [ 13 32 35 51 96 99 ]
64: [ 2 3 51 60 74 90 97 ]
65: [ 2 3 4 26 27 39 43 44 47 62 86 91 ]
66: [ 6 8 20 26 32 48 56 76 80 94 100 ]
67: [ 24 31 50 74 81 95 ]
68: [ 8 21 34 35 99 ]
69: [ 60 72 ]
70: [ 5 12 48 52 56 59 62 74 87 ]
71: [ 1 40 45 47 53 54 55 56 82 ]
72: [ 9 14 19 37 38 42 48 56 69 73 81 82 98 ]
73: [ 1 26 32 37 60 72 92 ]
74: [ 6 12 33 37 64 67 70 77 95 ]
75: [ 7 14 15 40 42 56 61 85 96 99 ]
76: [ 24 33 48 60 62 66 77 92 94 99 ]
77: [ 4 9 22 56 59 62 74 76 85 ]
78: [ 3 55 96 ]
79: [ 12 20 28 32 35 81 87 96 ]
80: [ 22 23 24 30 36 56 66 93 99 ]
81: [ 7 10 14 25 29 33 43 48 57 58 67 72 79 87 ]
82: [ 5 6 14 16 44 71 72 ]
83: [ 6 28 55 86 87 ]
84: [ 29 98 ]
85: [ 9 10 22 40 75 77 95 100 ]
86: [ 31 32 40 60 61 65 83 89 97 ]
87: [ 6 25 62 70 79 81 83 94 95 ]
88: [ 11 14 41 52 61 95 99 ]
89: [ 3 5 16 32 44 48 55 58 86 93 ]
90: [ 14 17 19 53 64 91 93 ]
91: [ 16 24 65 90 ]
92: [ 3 16 19 24 40 43 54 73 76 100 ]
93: [ 15 33 53 80 89 90 97 ]
94: [ 1 41 59 66 76 87 ]
95: [ 17 47 55 59 67 74 85 87 88 97 ]
96: [ 3 13 39 45 51 53 54 63 75 78 79 ]
97: [ 15 17 21 30 40 42 47 49 64 86 93 95 ]
98: [ 24 25 39 42 45 47 53 55 72 84 ]
99: [ 55 62 63 68 75 76 80 88 ]
100: [ 3 14 22 66 85 92 ]
