1: [ 2 11 60 67 81 100 ]
2: [ 1 4 10 15 17 20 22 27 33 38 43 55 56 62 63 65 68 69 78 ]
3: [ 19 27 36 42 58 65 78 88 100 ]
4: [ 2 13 14 21 26 27 43 67 69 75 83 ]
5: [ 52 53 56 68 ]
6: [ 9 19 21 33 34 36 45 52 68 70 71 73 74 ]
7: [ 35 40 55 72 85 ]
8: [ 16 42 46 94 ]
9: [ 6 21 23 39 57 65 73 74 78 88 98 ]
10: [ 2 17 22 31 53 69 79 ]
11: [ 1 28 31 43 44 58 66 70 71 86 90 ]
12: [ 18 19 38 50 64 66 68 76 79 89 ]
13: [ 4 15 24 32 35 41 47 58 62 64 69 70 72 81 ]
14: [ 4 22 24 50 55 59 73 75 ]
15: [ 2 13 17 38 44 61 62 74 83 91 99 ]
16: [ 8 28 30 66 74 75 82 84 88 90 99 ]
17: [ 2 10 15 25 28 39 42 44 82 90 ]
18: [ 12 30 39 41 45 56 58 67 86 89 92 94 97 ]
19: [ 3 6 12 48 57 72 81 94 ]
20: [ 2 21 27 42 57 63 65 83 86 93 ]
21: [ 4 6 9 20 45 ]
22: [ 2 10 14 34 46 49 54 70 72 74 81 86 ]
23: [ 9 34 49 55 ]
24: [ 13 14 28 66 86 ]
25: [ 17 50 73 80 87 99 ]
26: [ 4 31 39 46 54 ]
27: [ 2 3 4 20 30 31 43 47 63 66 ]
28: [ 11 16 17 24 34 35 36 40 46 50 51 64 83 94 98 ]
29: [ 59 69 79 95 96 ]
30: [ 16 18 27 33 40 47 54 66 86 89 99 ]
31: [ 10 11 26 27 34 50 51 69 73 98 ]
32: [ 13 71 72 75 87 ]
33: [ 2 6 30 39 68 78 80 100 ]
34: [ 6 22 23 28 31 37 ]
35: [ 7 13 28 49 53 57 71 76 81 83 87 99 ]
36: [ 3 6 28 42 65 69 74 81 83 84 97 ]
37: [ 34 83 98 ]
38: [ 2 12 15 61 67 68 69 74 81 89 94 100 ]
39: [ 9 17 18 26 33 48 82 85 94 98 ]
40: [ 7 28 30 52 55 65 73 74 84 ]
41: [ 13 18 47 55 56 58 86 88 94 96 99 ]
42: [ 3 8 17 20 36 48 52 65 75 ]
43: [ 2 4 11 27 59 78 ]
44: [ 11 15 17 88 ]
45: [ 6 18 21 51 75 80 ]
46: [ 8 22 26 28 53 66 69 72 88 99 ]
47: [ 13 27 30 41 73 ]
48: [ 19 39 42 49 68 ]
49: [ 22 23 35 48 56 96 97 ]
50: [ 12 14 25 28 31 65 69 76 82 91 98 ]
51: [ 28 31 45 93 ]
52: [ 5 6 40 42 73 86 89 ]
53: [ 5 10 35 46 66 69 79 86 95 98 ]
54: [ 22 26 30 69 96 97 98 100 ]
55: [ 2 7 14 23 40 41 62 65 68 70 84 95 ]
56: [ 2 5 18 41 49 63 75 78 79 ]
57: [ 9 19 20 35 73 97 99 ]
58: [ 3 11 13 18 41 63 65 ]
59: [ 14 29 43 64 86 99 ]
60: [ 1 70 84 98 ]
61: [ 15 38 65 76 ]
62: [ 2 13 15 55 67 72 83 95 ]
63: [ 2 20 27 56 58 79 80 83 88 ]
64: [ 12 13 28 59 94 ]
65: [ 2 3 9 20 36 40 42 50 55 58 61 ]
66: [ 11 12 16 24 27 30 46 53 72 97 ]
67: [ 1 4 18 38 62 76 84 90 97 98 99 ]
68: [ 2 5 6 12 33 38 48 55 70 73 79 81 84 98 ]
69: [ 2 4 10 13 29 31 36 38 46 50 53 54 81 88 95 ]
70: [ 6 11 13 22 55 60 68 74 97 100 ]
71: [ 6 11 32 35 ]
72: [ 7 13 19 22 32 46 62 66 75 82 84 88 91 ]
73: [ 6 9 14 25 31 40 47 52 57 68 88 ]
74: [ 6 9 15 16 22 36 38 40 70 79 85 87 94 ]
75: [ 4 14 16 32 42 45 56 72 100 ]
76: [ 12 35 50 61 67 81 89 90 95 ]
77: [ 90 ]
78: [ 2 3 9 33 43 56 ]
79: [ 10 12 29 53 56 63 68 74 81 91 97 ]
80: [ 25 33 45 63 ]
81: [ 1 13 19 22 35 36 38 68 69 76 79 91 96 98 99 ]
82: [ 16 17 39 50 72 96 ]
83: [ 4 15 20 28 35 36 37 62 63 86 90 100 ]
84: [ 16 36 40 55 60 67 68 72 95 ]
85: [ 7 39 74 ]
86: [ 11 18 20 22 24 30 41 52 53 59 83 88 92 ]
87: [ 25 32 35 74 97 98 ]
88: [ 3 9 16 41 44 46 63 69 72 73 86 90 ]
89: [ 12 18 30 38 52 76 99 ]
90: [ 11 16 17 67 76 77 83 88 ]
91: [ 15 50 72 79 81 92 98 ]
92: [ 18 86 91 99 ]
93: [ 20 51 94 ]
94: [ 8 18 19 28 38 39 41 64 74 93 ]
95: [ 29 53 55 62 69 76 84 98 ]
96: [ 29 41 49 54 81 82 ]
97: [ 18 36 49 54 57 66 67 70 79 87 ]
98: [ 9 28 31 37 39 50 53 54 60 67 68 81 87 91 95 ]
99: [ 15 16 25 30 35 41 46 57 59 67 81 89 92 ]
100: [ 1 3 33 38 54 70 75 83 ]
