1: [ 45 49 52 71 77 78 85 95 ]
2: [ 19 25 31 69 100 ]
3: [ 21 37 45 46 94 ]
4: [ 5 13 37 38 49 58 73 78 ]
5: [ 4 14 15 16 42 44 71 73 91 ]
6: [ 51 55 56 81 ]
7: [ 18 62 72 77 78 ]
8: [ 16 39 41 43 49 70 78 87 ]
9: [ 36 47 74 77 94 96 ]
10: [ 16 27 28 39 51 56 61 78 80 ]
11: [ 18 44 81 84 93 ]
12: [ 36 38 39 46 48 58 68 69 81 87 95 99 ]
13: [ 4 15 24 32 56 66 82 86 99 ]
14: [ 5 18 30 47 51 54 62 82 98 ]
15: [ 5 13 22 23 25 50 56 65 71 77 79 93 100 ]
16: [ 5 8 10 37 53 62 63 90 98 ]
17: [ 49 84 ]
18: [ 7 11 14 21 61 69 81 86 88 89 90 ]
19: [ 2 22 26 28 38 59 63 86 ]
20: [ 25 27 35 39 64 74 77 78 85 ]
21: [ 3 18 26 30 35 43 60 70 83 98 ]
22: [ 15 19 27 40 66 83 ]
23: [ 15 33 65 68 71 78 87 100 ]
24: [ 13 25 27 37 38 43 45 51 57 73 94 97 98 ]
25: [ 2 15 20 24 33 40 56 78 85 ]
26: [ 19 21 31 49 76 87 93 95 ]
27: [ 10 20 22 24 32 36 67 77 81 85 ]
28: [ 10 19 44 51 56 60 74 ]
29: [ 91 ]
30: [ 14 21 36 37 71 73 79 ]
31: [ 2 26 33 34 41 58 62 70 87 88 90 92 93 98 ]
32: [ 13 27 52 96 ]
33: [ 23 25 31 35 84 ]
34: [ 31 42 59 71 ]
35: [ 20 21 33 39 54 59 62 89 90 93 ]
36: [ 9 12 27 30 38 39 47 57 59 66 68 79 89 90 ]
37: [ 3 4 16 24 30 41 80 ]
38: [ 4 12 19 24 36 46 83 98 99 ]
39: [ 8 10 12 20 35 36 62 70 81 86 90 93 ]
40: [ 22 25 47 55 57 81 85 87 92 ]
41: [ 8 31 37 50 85 ]
42: [ 5 34 45 52 66 70 78 ]
43: [ 8 21 24 62 92 ]
44: [ 5 11 28 45 46 62 68 75 77 79 ]
45: [ 1 3 24 42 44 48 68 75 76 95 ]
46: [ 3 12 38 44 72 ]
47: [ 9 14 36 40 69 72 90 ]
48: [ 12 45 65 78 82 95 ]
49: [ 1 4 8 17 26 59 66 73 ]
50: [ 15 41 59 62 71 90 ]
51: [ 6 10 14 24 28 52 66 69 86 91 92 ]
52: [ 1 32 42 51 58 77 87 88 90 91 96 ]
53: [ 16 56 59 73 86 ]
54: [ 14 35 ]
55: [ 6 40 ]
56: [ 6 10 13 15 25 28 53 58 62 68 70 77 89 ]
57: [ 24 36 40 61 66 82 85 92 95 99 ]
58: [ 4 12 31 52 56 ]
59: [ 19 34 35 36 49 50 53 60 64 77 88 93 94 ]
60: [ 21 28 59 70 75 77 95 99 ]
61: [ 10 18 57 74 80 84 91 96 ]
62: [ 7 14 16 31 35 39 43 44 50 56 86 89 95 ]
63: [ 16 19 ]
64: [ 20 59 100 ]
65: [ 15 23 48 ]
66: [ 13 22 36 42 49 51 57 68 73 77 86 91 ]
67: [ 27 81 93 ]
68: [ 12 23 36 44 45 56 66 ]
69: [ 2 12 18 47 51 72 87 ]
70: [ 8 21 31 39 42 56 60 77 86 96 ]
71: [ 1 5 15 23 30 34 50 80 90 ]
72: [ 7 46 47 69 76 84 95 97 ]
73: [ 4 5 24 30 49 53 66 86 89 91 92 97 ]
74: [ 9 20 28 61 84 85 ]
75: [ 44 45 60 93 ]
76: [ 26 45 72 ]
77: [ 1 7 9 15 20 27 44 52 56 59 60 66 70 86 ]
78: [ 1 4 7 8 10 20 23 25 42 48 84 ]
79: [ 15 30 36 44 90 ]
80: [ 10 37 61 71 ]
81: [ 6 11 12 18 27 39 40 67 ]
82: [ 13 14 48 57 83 84 90 ]
83: [ 21 22 38 82 ]
84: [ 11 17 33 61 72 74 78 82 92 95 98 ]
85: [ 1 20 25 27 40 41 57 74 86 98 ]
86: [ 13 18 19 39 51 53 62 66 70 73 77 85 93 98 99 ]
87: [ 8 12 23 26 31 40 52 69 88 94 100 ]
88: [ 18 31 52 59 87 89 92 96 ]
89: [ 18 35 36 56 62 73 88 ]
90: [ 16 18 31 35 36 39 47 50 52 71 79 82 ]
91: [ 5 29 51 52 61 66 73 ]
92: [ 31 40 43 51 57 73 84 88 93 ]
93: [ 11 15 26 31 35 39 59 67 75 86 92 ]
94: [ 3 9 24 59 87 ]
95: [ 1 12 26 45 48 57 60 62 72 84 ]
96: [ 9 32 52 61 70 88 ]
97: [ 24 72 73 ]
98: [ 14 16 21 24 31 38 84 85 86 ]
99: [ 12 13 38 57 60 86 ]
100: [ 2 15 23 64 87 ]
