1: [ 3 4 9 48 52 59 63 66 77 80 87 ]
2: [ 13 33 40 50 52 72 75 80 82 89 ]
3: [ 1 8 14 15 29 49 53 54 72 81 88 ]
4: [ 1 7 29 48 73 ]
5: [ 35 38 51 60 61 65 74 82 87 95 98 ]
6: [ 7 8 12 17 18 19 24 36 52 71 82 83 98 ]
7: [ 4 6 14 23 34 37 43 68 88 94 ]
8: [ 3 6 22 25 28 33 34 40 45 47 60 64 87 92 94 95 ]
9: [ 1 12 17 18 21 23 26 29 46 69 72 ]
10: [ 13 18 27 31 46 66 77 90 92 94 95 ]
11: [ 14 17 39 97 ]
12: [ 6 9 49 56 59 67 75 81 82 85 92 ]
13: [ 2 10 22 30 31 32 40 43 61 70 73 98 99 ]
14: [ 3 7 11 18 27 38 47 72 86 90 91 96 ]
15: [ 3 33 40 42 44 77 79 82 ]
16: [ 26 28 45 53 72 82 90 ]
17: [ 6 9 11 20 25 38 56 83 90 95 ]
18: [ 6 9 10 14 20 24 37 39 46 51 60 74 79 81 82 85 96 ]
19: [ 6 40 44 45 48 54 78 82 91 ]
20: [ 17 18 73 ]
21: [ 9 41 44 49 51 67 71 77 90 93 ]
22: [ 8 13 23 32 36 39 42 56 59 65 66 88 92 ]
23: [ 7 9 22 25 46 63 69 71 97 ]
24: [ 6 18 25 39 48 57 67 89 97 ]
25: [ 8 17 23 24 35 46 51 52 66 84 94 ]
26: [ 9 16 29 46 73 77 90 ]
27: [ 10 14 39 43 48 71 72 74 75 81 84 86 95 ]
28: [ 8 16 30 43 44 45 56 70 87 92 94 95 97 ]
29: [ 3 4 9 26 30 34 37 40 41 42 46 47 61 74 96 98 ]
30: [ 13 28 29 48 70 85 97 ]
31: [ 10 13 51 61 71 ]
32: [ 13 22 97 ]
33: [ 2 8 15 42 45 78 88 93 ]
34: [ 7 8 29 40 65 92 ]
35: [ 5 25 50 53 ]
36: [ 6 22 38 42 44 54 72 95 ]
37: [ 7 18 29 42 65 69 92 ]
38: [ 5 14 17 36 41 46 58 70 76 77 81 85 91 96 ]
39: [ 11 18 22 24 27 51 56 68 94 99 ]
40: [ 2 8 13 15 19 29 34 69 77 80 ]
41: [ 21 29 38 48 55 61 65 72 92 93 ]
42: [ 15 22 29 33 36 37 53 57 73 78 ]
43: [ 7 13 27 28 60 70 74 ]
44: [ 15 19 21 28 36 45 56 64 79 88 96 ]
45: [ 8 16 19 28 33 44 60 61 77 89 91 ]
46: [ 9 10 18 23 25 26 29 38 60 82 89 91 94 ]
47: [ 8 14 29 63 64 77 92 ]
48: [ 1 4 19 24 27 30 41 61 76 84 ]
49: [ 3 12 21 50 51 59 78 81 95 97 ]
50: [ 2 35 49 52 63 66 80 ]
51: [ 5 18 21 25 31 39 49 54 58 96 ]
52: [ 1 2 6 25 50 94 ]
53: [ 3 16 35 42 60 62 69 75 87 91 ]
54: [ 3 19 36 51 56 73 74 78 ]
55: [ 41 70 79 81 84 ]
56: [ 12 17 22 28 39 44 54 96 ]
57: [ 24 42 97 ]
58: [ 38 51 63 ]
59: [ 1 12 22 49 ]
60: [ 5 8 18 43 45 46 53 61 68 79 86 89 ]
61: [ 5 13 29 31 41 45 48 60 67 74 92 94 97 ]
62: [ 53 69 70 97 ]
63: [ 1 23 47 50 58 70 73 83 87 90 ]
64: [ 8 44 47 72 74 80 81 97 ]
65: [ 5 22 34 37 41 74 75 81 82 83 90 92 94 95 99 ]
66: [ 1 10 22 25 50 75 77 ]
67: [ 12 21 24 61 84 90 ]
68: [ 7 39 60 ]
69: [ 9 23 37 40 53 62 73 83 97 98 99 ]
70: [ 13 28 30 38 43 55 62 63 73 92 99 ]
71: [ 6 21 23 27 31 81 83 89 ]
72: [ 2 3 9 14 16 27 36 41 64 80 84 93 96 97 ]
73: [ 4 13 20 26 42 54 63 69 70 76 81 88 93 94 ]
74: [ 5 18 27 29 43 54 61 64 65 87 ]
75: [ 2 12 27 53 65 66 80 84 ]
76: [ 38 48 73 82 84 87 88 91 ]
77: [ 1 10 15 21 26 38 40 45 47 66 81 93 ]
78: [ 19 33 42 49 54 ]
79: [ 15 18 44 55 60 81 98 ]
80: [ 1 2 40 50 64 72 75 91 97 99 ]
81: [ 3 12 18 27 38 49 55 64 65 71 73 77 79 92 98 100 ]
82: [ 2 5 6 12 15 16 18 19 46 65 76 ]
83: [ 6 17 63 65 69 71 ]
84: [ 25 27 48 55 67 72 75 76 85 87 90 95 ]
85: [ 12 18 30 38 84 ]
86: [ 14 27 60 88 ]
87: [ 1 5 8 28 53 63 74 76 84 91 95 ]
88: [ 3 7 22 33 44 73 76 86 92 98 ]
89: [ 2 24 45 46 60 71 93 100 ]
90: [ 10 14 16 17 21 26 63 65 67 84 91 ]
91: [ 14 19 38 45 46 53 76 80 87 90 ]
92: [ 8 10 12 22 28 34 37 41 47 61 65 70 81 88 93 97 ]
93: [ 21 33 41 72 73 77 89 92 100 ]
94: [ 7 8 10 25 28 39 46 52 61 65 73 99 ]
95: [ 5 8 10 17 27 28 36 49 65 84 87 ]
96: [ 14 18 29 38 44 51 56 72 ]
97: [ 11 23 24 28 30 32 49 57 61 62 64 69 72 80 92 ]
98: [ 5 6 13 29 69 79 81 88 99 ]
99: [ 13 39 65 69 70 80 94 98 ]
100: [ 81 89 93 ]
