1: [ 5 8 16 18 19 22 31 34 43 44 56 57 77 83 ]
2: [ 12 17 30 37 45 48 49 52 57 62 64 75 91 95 100 ]
3: [ 43 44 83 ]
4: [ 12 17 20 30 40 46 47 70 71 92 ]
5: [ 1 7 20 27 44 51 90 96 99 ]
6: [ 10 20 22 26 56 57 64 90 91 93 ]
7: [ 5 12 24 34 38 43 44 66 69 97 ]
8: [ 1 30 33 38 ]
9: [ 51 58 74 ]
10: [ 6 14 34 45 53 59 67 69 92 ]
11: [ 18 20 28 57 78 ]
12: [ 2 4 7 85 ]
13: [ 18 61 64 82 ]
14: [ 10 20 70 ]
15: [ 28 43 76 ]
16: [ 1 27 30 32 40 49 56 94 ]
17: [ 2 4 22 23 39 60 65 94 97 ]
18: [ 1 11 13 29 31 40 71 79 82 86 87 ]
19: [ 1 21 28 35 39 45 63 64 86 98 ]
20: [ 4 5 6 11 14 31 32 47 74 88 ]
21: [ 19 54 57 61 69 ]
22: [ 1 6 17 36 82 95 ]
23: [ 17 28 34 43 53 77 ]
24: [ 7 26 29 42 51 83 91 99 ]
25: [ 28 34 37 40 45 51 66 81 97 ]
26: [ 6 24 27 30 31 37 38 53 64 71 91 95 99 ]
27: [ 5 16 26 28 48 55 67 69 84 92 ]
28: [ 11 15 19 23 25 27 30 31 48 54 65 66 70 74 86 ]
29: [ 18 24 51 57 66 76 78 ]
30: [ 2 4 8 16 26 28 37 44 74 85 86 ]
31: [ 1 18 20 26 28 55 77 86 89 97 100 ]
32: [ 16 20 55 65 97 ]
33: [ 8 35 56 71 85 ]
34: [ 1 7 10 23 25 40 44 48 49 54 64 69 74 86 90 93 94 ]
35: [ 19 33 38 39 48 78 87 90 ]
36: [ 22 41 43 ]
37: [ 2 25 26 30 55 61 71 89 95 ]
38: [ 7 8 26 35 43 54 95 ]
39: [ 17 19 35 40 45 47 48 72 78 81 86 94 100 ]
40: [ 4 16 18 25 34 39 48 66 82 ]
41: [ 36 60 89 100 ]
42: [ 24 45 92 ]
43: [ 1 3 7 15 23 36 38 46 55 57 65 72 79 91 ]
44: [ 1 3 5 7 30 34 65 73 92 97 ]
45: [ 2 10 19 25 39 42 56 63 66 91 ]
46: [ 4 43 55 73 76 86 ]
47: [ 4 20 39 82 ]
48: [ 2 27 28 34 35 39 40 51 55 62 78 97 ]
49: [ 2 16 34 56 69 85 ]
50: [ 78 ]
51: [ 5 9 24 25 29 48 66 ]
52: [ 2 57 69 76 84 97 ]
53: [ 10 23 26 55 62 69 85 89 99 ]
54: [ 21 28 34 38 70 74 ]
55: [ 27 31 32 37 43 46 48 53 72 85 87 ]
56: [ 1 6 16 33 45 49 60 66 89 94 ]
57: [ 1 2 6 11 21 29 43 52 65 66 70 77 93 100 ]
58: [ 9 ]
59: [ 10 64 66 93 ]
60: [ 17 41 56 61 81 ]
61: [ 13 21 37 60 64 77 83 93 96 98 99 ]
62: [ 2 48 53 97 ]
63: [ 19 45 85 96 ]
64: [ 2 6 13 19 26 34 59 61 68 78 88 92 96 ]
65: [ 17 28 32 43 44 57 69 71 74 76 86 92 97 99 ]
66: [ 7 25 28 29 40 45 51 56 57 59 85 96 ]
67: [ 10 27 70 75 78 ]
68: [ 64 84 98 ]
69: [ 7 10 21 27 34 49 52 53 65 91 96 ]
70: [ 4 14 28 54 57 67 83 90 ]
71: [ 4 18 26 33 37 65 88 96 ]
72: [ 39 43 55 77 83 ]
73: [ 44 46 90 94 ]
74: [ 9 20 28 30 34 54 65 ]
75: [ 2 67 95 98 ]
76: [ 15 29 46 52 65 80 81 82 ]
77: [ 1 23 31 57 61 72 83 85 99 100 ]
78: [ 11 29 35 39 48 50 64 67 97 ]
79: [ 18 43 86 94 ]
80: [ 76 99 100 ]
81: [ 25 39 60 76 83 94 99 ]
82: [ 13 18 22 40 47 76 100 ]
83: [ 1 3 24 61 70 72 77 81 99 ]
84: [ 27 52 68 92 ]
85: [ 12 30 33 49 53 55 63 66 77 94 ]
86: [ 18 19 28 30 31 34 39 46 65 79 94 ]
87: [ 18 35 55 ]
88: [ 20 64 71 ]
89: [ 31 37 41 53 56 ]
90: [ 5 6 34 35 70 73 ]
91: [ 2 6 24 26 43 45 69 92 96 ]
92: [ 4 10 27 42 44 64 65 84 91 ]
93: [ 6 34 57 59 61 ]
94: [ 16 17 34 39 56 73 79 81 85 86 ]
95: [ 2 22 26 37 38 75 ]
96: [ 5 61 63 64 66 69 71 91 ]
97: [ 7 17 25 31 32 44 48 52 62 65 78 ]
98: [ 19 61 68 75 ]
99: [ 5 24 26 53 61 65 77 80 81 83 ]
100: [ 2 31 39 41 57 77 80 82 ]
