1: [ 4 37 40 46 61 68 69 81 ]
2: [ 4 7 11 21 38 54 65 76 78 ]
3: [ 20 21 24 48 61 68 70 73 80 82 83 ]
4: [ 1 2 17 66 89 ]
5: [ 17 48 66 75 99 ]
6: [ 25 30 66 ]
7: [ 2 19 30 52 53 54 ]
8: [ 53 56 73 80 ]
9: [ 24 32 40 45 72 81 86 98 ]
10: [ 20 25 27 28 31 32 46 60 84 ]
11: [ 2 22 43 72 94 100 ]
12: [ 18 24 35 45 69 74 ]
13: [ 14 16 32 37 39 50 53 78 86 88 100 ]
14: [ 13 29 34 44 45 46 48 54 60 63 65 88 ]
15: [ 21 29 32 45 58 61 71 88 90 96 ]
16: [ 13 27 42 52 64 96 ]
17: [ 4 5 18 27 38 44 47 55 65 71 93 96 ]
18: [ 12 17 41 54 ]
19: [ 7 25 53 65 73 88 ]
20: [ 3 10 24 35 39 51 59 64 74 85 93 97 99 ]
21: [ 2 3 15 22 42 62 85 ]
22: [ 11 21 48 50 68 ]
23: [ 25 32 34 35 37 40 44 53 82 84 85 ]
24: [ 3 9 12 20 25 66 69 76 81 ]
25: [ 6 10 19 23 24 37 38 46 74 77 81 82 84 91 98 ]
26: [ 41 52 60 66 73 79 81 82 92 95 97 99 ]
27: [ 10 16 17 57 84 100 ]
28: [ 10 58 59 62 83 86 89 ]
29: [ 14 15 38 41 57 63 68 73 84 91 ]
30: [ 6 7 52 54 67 87 ]
31: [ 10 33 46 48 55 58 65 76 80 87 92 96 ]
32: [ 9 10 13 15 23 34 42 56 61 68 89 ]
33: [ 31 36 73 77 ]
34: [ 14 23 32 48 74 81 94 ]
35: [ 12 20 23 43 63 77 84 86 ]
36: [ 33 37 47 57 90 98 ]
37: [ 1 13 23 25 36 38 40 55 56 62 73 94 95 98 ]
38: [ 2 17 25 29 37 39 45 64 82 92 99 ]
39: [ 13 20 38 43 46 67 77 82 85 98 ]
40: [ 1 9 23 37 65 98 100 ]
41: [ 18 26 29 42 56 63 72 ]
42: [ 16 21 32 41 45 ]
43: [ 11 35 39 71 73 75 85 96 ]
44: [ 14 17 23 69 ]
45: [ 9 12 14 15 38 42 46 58 66 69 75 77 81 91 ]
46: [ 1 10 14 25 31 39 45 58 63 65 69 97 ]
47: [ 17 36 50 57 62 70 74 88 ]
48: [ 3 5 14 22 31 34 50 53 65 99 ]
49: [ 55 61 65 94 ]
50: [ 13 22 47 48 62 70 71 79 ]
51: [ 20 63 72 87 ]
52: [ 7 16 26 30 93 ]
53: [ 7 8 13 19 23 48 54 73 86 87 ]
54: [ 2 7 14 18 30 53 62 69 89 94 ]
55: [ 17 31 37 49 59 60 69 73 ]
56: [ 8 32 37 41 61 66 77 79 89 96 ]
57: [ 27 29 36 47 62 73 ]
58: [ 15 28 31 45 46 59 62 88 ]
59: [ 20 28 55 58 65 84 ]
60: [ 10 14 26 55 62 70 72 74 77 83 84 86 ]
61: [ 1 3 15 32 49 56 65 71 88 ]
62: [ 21 28 37 47 50 54 57 58 60 74 89 ]
63: [ 14 29 35 41 46 51 66 81 86 94 ]
64: [ 16 20 38 82 85 91 ]
65: [ 2 14 17 19 31 40 46 48 49 59 61 77 95 ]
66: [ 4 5 6 24 26 45 56 63 77 78 94 ]
67: [ 30 39 73 85 96 ]
68: [ 1 3 22 29 32 86 ]
69: [ 1 12 24 44 45 46 54 55 85 89 96 ]
70: [ 3 47 50 60 96 ]
71: [ 15 17 43 50 61 72 76 85 ]
72: [ 9 11 41 51 60 71 ]
73: [ 3 8 19 26 29 33 37 43 53 55 57 67 77 ]
74: [ 12 20 25 34 47 60 62 ]
75: [ 5 43 45 100 ]
76: [ 2 24 31 71 78 86 ]
77: [ 25 33 35 39 45 56 60 65 66 73 100 ]
78: [ 2 13 66 76 84 89 91 100 ]
79: [ 26 50 56 91 100 ]
80: [ 3 8 31 83 85 94 ]
81: [ 1 9 24 25 26 34 45 63 83 88 100 ]
82: [ 3 23 25 26 38 39 64 85 ]
83: [ 3 28 60 80 81 85 ]
84: [ 10 23 25 27 29 35 59 60 78 89 99 ]
85: [ 20 21 23 39 43 64 67 69 71 80 82 83 ]
86: [ 9 13 28 35 53 60 63 68 76 89 ]
87: [ 30 31 51 53 ]
88: [ 13 14 15 19 47 58 61 81 ]
89: [ 4 28 32 54 56 62 69 78 84 86 ]
90: [ 15 36 91 ]
91: [ 25 29 45 64 78 79 90 ]
92: [ 26 31 38 ]
93: [ 17 20 52 100 ]
94: [ 11 34 37 49 54 63 66 80 ]
95: [ 26 37 65 ]
96: [ 15 16 17 31 43 56 67 69 70 ]
97: [ 20 26 46 ]
98: [ 9 25 36 37 39 40 ]
99: [ 5 20 26 38 48 84 ]
100: [ 11 13 27 40 75 77 78 79 81 93 ]
