1: [ 3 12 20 25 37 51 61 78 90 ]
2: [ 3 17 19 44 75 77 78 82 88 90 95 96 ]
3: [ 1 2 58 ]
4: [ 9 15 36 54 76 78 85 ]
5: [ 12 30 46 48 62 ]
6: [ 19 21 35 44 47 53 71 72 79 80 82 ]
7: [ 34 56 86 ]
8: [ 12 13 15 39 66 73 85 89 94 ]
9: [ 4 18 23 47 82 ]
10: [ 12 20 38 54 ]
11: [ 13 30 51 93 ]
12: [ 1 5 8 10 13 27 65 78 99 ]
13: [ 8 11 12 15 22 32 34 45 47 54 64 65 69 71 100 ]
14: [ 19 26 35 49 50 54 56 66 ]
15: [ 4 8 13 21 22 24 27 35 37 40 53 66 69 90 ]
16: [ 20 23 63 66 83 ]
17: [ 2 24 32 56 68 81 88 90 92 97 99 ]
18: [ 9 34 54 63 73 92 ]
19: [ 2 6 14 22 33 36 64 ]
20: [ 1 10 16 31 47 48 55 68 ]
21: [ 6 15 25 36 53 57 72 96 ]
22: [ 13 15 19 26 44 52 57 74 76 ]
23: [ 9 16 29 41 47 52 96 ]
24: [ 15 17 59 60 ]
25: [ 1 21 35 47 48 60 62 63 75 81 ]
26: [ 14 22 27 50 54 75 79 82 89 92 ]
27: [ 12 15 26 30 38 52 56 68 86 87 ]
28: [ 38 49 50 60 61 75 81 83 89 95 ]
29: [ 23 64 72 76 80 90 ]
30: [ 5 11 27 42 47 78 87 88 ]
31: [ 20 96 ]
32: [ 13 17 39 63 75 79 82 ]
33: [ 19 40 51 73 81 83 88 96 ]
34: [ 7 13 18 63 77 84 ]
35: [ 6 14 15 25 43 47 52 68 ]
36: [ 4 19 21 46 52 55 75 78 83 85 88 ]
37: [ 1 15 64 71 75 88 ]
38: [ 10 27 28 47 48 59 78 82 86 93 ]
39: [ 8 32 50 68 ]
40: [ 15 33 45 59 60 65 85 86 91 ]
41: [ 23 56 63 ]
42: [ 30 61 66 80 90 94 ]
43: [ 35 57 64 88 ]
44: [ 2 6 22 46 60 61 65 78 100 ]
45: [ 13 40 56 59 60 63 86 ]
46: [ 5 36 44 58 62 73 81 91 ]
47: [ 6 9 13 20 23 25 30 35 38 55 58 92 97 ]
48: [ 5 20 25 38 69 90 ]
49: [ 14 28 56 69 72 ]
50: [ 14 26 28 39 70 81 89 ]
51: [ 1 11 33 52 65 90 ]
52: [ 22 23 27 35 36 51 54 60 65 83 86 98 ]
53: [ 6 15 21 ]
54: [ 4 10 13 14 18 26 52 63 64 68 ]
55: [ 20 36 47 62 ]
56: [ 7 14 17 27 41 45 49 82 86 95 ]
57: [ 21 22 43 71 92 96 ]
58: [ 3 46 47 88 99 ]
59: [ 24 38 40 45 96 ]
60: [ 24 25 28 40 44 45 52 65 68 79 86 93 ]
61: [ 1 28 42 44 64 70 83 93 ]
62: [ 5 25 46 55 71 81 100 ]
63: [ 16 18 25 32 34 41 45 54 97 ]
64: [ 13 19 29 37 43 54 61 76 80 85 89 ]
65: [ 12 13 40 44 51 52 60 74 92 95 96 ]
66: [ 8 14 15 16 42 85 93 98 ]
67: [ 68 92 94 ]
68: [ 17 20 27 35 39 54 60 67 75 79 83 ]
69: [ 13 15 48 49 97 ]
70: [ 50 61 81 83 90 91 ]
71: [ 6 13 37 57 62 72 93 97 ]
72: [ 6 21 29 49 71 83 ]
73: [ 8 18 33 46 91 ]
74: [ 22 65 ]
75: [ 2 25 26 28 32 36 37 68 92 95 97 ]
76: [ 4 22 29 64 ]
77: [ 2 34 ]
78: [ 1 2 4 12 30 36 38 44 85 90 92 ]
79: [ 6 26 32 60 68 81 ]
80: [ 6 29 42 64 96 ]
81: [ 17 25 28 33 46 50 62 70 79 86 100 ]
82: [ 2 6 9 26 32 38 56 85 87 94 96 ]
83: [ 16 28 33 36 52 61 68 70 72 ]
84: [ 34 88 100 ]
85: [ 4 8 36 40 64 66 78 82 92 ]
86: [ 7 27 38 40 45 52 56 60 81 93 ]
87: [ 27 30 82 92 ]
88: [ 2 17 30 33 36 37 43 58 84 97 ]
89: [ 8 26 28 50 64 98 ]
90: [ 1 2 15 17 29 42 48 51 70 78 91 93 94 95 ]
91: [ 40 46 70 73 90 ]
92: [ 17 18 26 47 57 65 67 75 78 85 87 98 ]
93: [ 11 38 60 61 66 71 86 90 ]
94: [ 8 42 67 82 90 ]
95: [ 2 28 56 65 75 90 ]
96: [ 2 21 23 31 33 57 59 65 80 82 98 ]
97: [ 17 47 63 69 71 75 88 ]
98: [ 52 66 89 92 96 ]
99: [ 12 17 58 ]
100: [ 13 44 62 81 84 ]
