1: [ 7 9 16 26 36 41 42 60 71 75 98 99 ]
2: [ 5 8 26 33 37 38 42 50 52 59 68 74 79 91 92 94 ]
3: [ 27 44 56 58 59 66 78 84 97 99 ]
4: [ 9 37 43 45 51 54 91 99 ]
5: [ 2 18 26 35 44 45 55 63 65 72 84 91 100 ]
6: [ 50 73 80 100 ]
7: [ 1 13 14 33 35 51 56 83 ]
8: [ 2 10 15 17 38 55 64 75 ]
9: [ 1 4 15 28 48 65 ]
10: [ 8 13 22 41 48 51 58 84 86 ]
11: [ 23 33 84 93 ]
12: [ 15 41 45 50 59 61 71 88 96 ]
13: [ 7 10 29 34 36 40 71 75 93 97 ]
14: [ 7 17 24 57 63 64 77 80 83 86 90 ]
15: [ 8 9 12 44 47 53 64 68 70 72 77 87 95 99 ]
16: [ 1 19 40 69 ]
17: [ 8 14 18 23 27 40 48 61 62 68 77 88 96 ]
18: [ 5 17 31 37 62 77 79 86 ]
19: [ 16 20 22 25 33 36 40 45 89 ]
20: [ 19 35 66 74 76 81 82 91 95 ]
21: [ 32 36 45 69 72 84 92 100 ]
22: [ 10 19 25 34 57 58 77 90 100 ]
23: [ 11 17 24 28 71 87 ]
24: [ 14 23 31 45 47 67 79 83 90 96 ]
25: [ 19 22 29 42 43 64 65 99 ]
26: [ 1 2 5 28 33 37 40 55 59 68 85 ]
27: [ 3 17 87 ]
28: [ 9 23 26 43 59 70 78 90 ]
29: [ 13 25 30 52 53 55 69 73 ]
30: [ 29 35 40 41 73 94 96 ]
31: [ 18 24 58 98 ]
32: [ 21 38 45 78 85 86 99 ]
33: [ 2 7 11 19 26 40 71 77 83 84 86 95 ]
34: [ 13 22 45 ]
35: [ 5 7 20 30 68 96 ]
36: [ 1 13 19 21 39 41 43 ]
37: [ 2 4 18 26 39 51 52 67 73 75 90 ]
38: [ 2 8 32 52 62 70 89 ]
39: [ 36 37 40 44 45 50 82 84 87 93 ]
40: [ 13 16 17 19 26 30 33 39 41 43 45 62 63 72 90 95 97 99 ]
41: [ 1 10 12 30 36 40 81 89 90 ]
42: [ 1 2 25 83 ]
43: [ 4 25 28 36 40 46 49 60 64 93 98 ]
44: [ 3 5 15 39 49 68 69 93 94 95 ]
45: [ 4 5 12 19 21 24 32 34 39 40 56 61 63 95 ]
46: [ 43 58 81 89 ]
47: [ 15 24 68 73 89 98 99 ]
48: [ 9 10 17 60 68 72 94 ]
49: [ 43 44 86 ]
50: [ 2 6 12 39 74 78 88 95 ]
51: [ 4 7 10 37 84 ]
52: [ 2 29 37 38 55 69 77 82 93 ]
53: [ 15 29 59 77 ]
54: [ 4 ]
55: [ 5 8 26 29 52 58 63 71 86 99 ]
56: [ 3 7 45 ]
57: [ 14 22 61 ]
58: [ 3 10 22 31 46 55 59 60 67 69 70 73 79 95 ]
59: [ 2 3 12 26 28 53 58 61 67 71 ]
60: [ 1 43 48 58 65 78 84 90 99 ]
61: [ 12 17 45 57 59 69 72 88 ]
62: [ 17 18 38 40 69 73 96 ]
63: [ 5 14 40 45 55 80 84 94 ]
64: [ 8 14 15 25 43 72 76 83 87 89 90 97 ]
65: [ 5 9 25 60 76 78 88 ]
66: [ 3 20 73 ]
67: [ 24 37 58 59 ]
68: [ 2 15 17 26 35 44 47 48 91 ]
69: [ 16 21 29 44 52 58 61 62 71 72 79 84 87 99 ]
70: [ 15 28 38 58 72 92 ]
71: [ 1 12 13 23 33 55 59 69 94 ]
72: [ 5 15 21 40 48 61 64 69 70 75 91 100 ]
73: [ 6 29 30 37 47 58 62 66 81 93 96 ]
74: [ 2 20 50 86 91 92 94 ]
75: [ 1 8 13 37 72 88 93 96 98 99 ]
76: [ 20 64 65 83 93 ]
77: [ 14 15 17 18 22 33 52 53 91 99 ]
78: [ 3 28 32 50 60 65 80 ]
79: [ 2 18 24 58 69 ]
80: [ 6 14 63 78 92 ]
81: [ 20 41 46 73 ]
82: [ 20 39 52 ]
83: [ 7 14 24 33 42 64 76 85 99 ]
84: [ 3 5 10 11 21 33 39 51 60 63 69 99 ]
85: [ 26 32 83 87 95 96 100 ]
86: [ 10 14 18 32 33 49 55 74 ]
87: [ 15 23 27 39 64 69 85 93 ]
88: [ 12 17 50 61 65 75 ]
89: [ 19 38 41 46 47 64 93 97 ]
90: [ 14 22 24 28 37 40 41 60 64 93 100 ]
91: [ 2 4 5 20 68 72 74 77 ]
92: [ 2 21 70 74 80 99 ]
93: [ 11 13 39 43 44 52 73 75 76 87 89 90 ]
94: [ 2 30 44 48 63 71 74 ]
95: [ 15 20 33 40 44 45 50 58 85 ]
96: [ 12 17 24 30 35 62 73 75 85 ]
97: [ 3 13 40 64 89 ]
98: [ 1 31 43 47 75 ]
99: [ 1 3 4 15 25 32 40 47 55 60 69 75 77 83 84 92 ]
100: [ 5 6 21 22 72 85 90 ]
