1: [ 28 30 90 99 100 ]
2: [ 3 6 24 27 30 63 66 67 73 78 80 87 96 100 ]
3: [ 2 5 6 22 34 39 47 49 60 70 86 ]
4: [ 9 10 17 19 22 27 33 39 56 76 78 89 93 99 100 ]
5: [ 3 7 33 83 98 ]
6: [ 2 3 7 9 13 15 27 39 43 48 70 71 79 82 88 100 ]
7: [ 5 6 11 19 22 25 35 45 65 68 83 ]
8: [ 15 30 53 76 88 ]
9: [ 4 6 12 43 53 60 81 90 99 ]
10: [ 4 14 29 34 89 ]
11: [ 7 42 ]
12: [ 9 20 27 36 48 62 87 ]
13: [ 6 45 48 53 55 58 65 73 ]
14: [ 10 16 25 27 60 62 64 70 76 86 90 95 96 ]
15: [ 6 8 57 63 80 93 95 ]
16: [ 14 24 31 52 ]
17: [ 4 29 57 ]
18: [ 19 29 45 60 79 88 93 98 ]
19: [ 4 7 18 32 42 63 81 88 ]
20: [ 12 28 43 56 60 67 90 92 95 96 ]
21: [ 28 31 40 55 60 93 ]
22: [ 3 4 7 38 39 49 51 59 68 73 87 95 ]
23: [ 31 66 ]
24: [ 2 16 49 52 65 86 90 100 ]
25: [ 7 14 35 55 63 68 74 82 100 ]
26: [ 31 38 53 65 67 69 70 71 75 97 99 ]
27: [ 2 4 6 12 14 29 34 47 54 56 90 97 ]
28: [ 1 20 21 33 38 48 58 65 68 79 90 ]
29: [ 10 17 18 27 45 58 71 90 97 ]
30: [ 1 2 8 32 37 66 70 71 ]
31: [ 16 21 23 26 32 38 42 51 66 80 91 96 ]
32: [ 19 30 31 49 50 64 77 ]
33: [ 4 5 28 37 40 44 45 63 64 74 79 85 87 95 ]
34: [ 3 10 27 42 43 75 86 95 98 ]
35: [ 7 25 42 56 ]
36: [ 12 38 48 70 71 78 86 92 96 ]
37: [ 30 33 40 44 53 55 57 59 72 80 94 98 ]
38: [ 22 26 28 31 36 40 45 58 85 88 95 ]
39: [ 3 4 6 22 63 67 81 96 ]
40: [ 21 33 37 38 41 56 78 99 ]
41: [ 40 59 72 87 88 92 95 ]
42: [ 11 19 31 34 35 43 70 72 80 94 96 ]
43: [ 6 9 20 34 42 64 66 70 71 97 ]
44: [ 33 37 46 51 58 64 67 72 74 88 ]
45: [ 7 13 18 29 33 38 66 71 85 86 92 99 ]
46: [ 44 54 55 64 66 79 81 85 86 ]
47: [ 3 27 57 58 67 ]
48: [ 6 12 13 28 36 49 51 68 90 ]
49: [ 3 22 24 32 48 51 79 81 97 98 100 ]
50: [ 32 59 63 71 72 ]
51: [ 22 31 44 48 49 52 56 ]
52: [ 16 24 51 54 62 63 64 72 79 83 84 89 ]
53: [ 8 9 13 26 37 64 66 71 79 95 97 99 ]
54: [ 27 46 52 72 ]
55: [ 13 21 25 37 46 59 91 ]
56: [ 4 20 27 35 40 51 60 62 71 84 98 ]
57: [ 15 17 37 47 58 65 78 93 96 ]
58: [ 13 28 29 38 44 47 57 74 78 85 89 90 96 ]
59: [ 22 37 41 50 55 90 ]
60: [ 3 9 14 18 20 21 56 72 93 ]
61: [ 68 74 81 86 95 ]
62: [ 12 14 52 56 93 99 ]
63: [ 2 15 19 25 33 39 50 52 76 80 91 ]
64: [ 14 32 33 43 44 46 52 53 65 68 71 74 76 77 89 93 96 97 98 ]
65: [ 7 13 24 26 28 57 64 69 91 98 ]
66: [ 2 23 30 31 43 45 46 53 74 78 90 98 ]
67: [ 2 20 26 39 44 47 ]
68: [ 7 22 25 28 48 61 64 72 78 80 81 95 ]
69: [ 26 65 98 ]
70: [ 3 6 14 26 30 36 42 43 76 81 86 88 ]
71: [ 6 26 29 30 36 43 45 50 53 56 64 ]
72: [ 37 41 42 44 50 52 54 60 68 75 87 100 ]
73: [ 2 13 22 77 83 87 ]
74: [ 25 33 44 58 61 64 66 77 100 ]
75: [ 26 34 72 ]
76: [ 4 8 14 63 64 70 87 99 ]
77: [ 32 64 73 74 78 81 91 ]
78: [ 2 4 36 40 57 58 66 68 77 85 89 92 96 99 ]
79: [ 6 18 28 33 46 49 52 53 ]
80: [ 2 15 31 37 42 63 68 91 95 ]
81: [ 9 19 39 46 49 61 68 70 77 85 98 ]
82: [ 6 25 83 86 88 98 ]
83: [ 5 7 52 73 82 85 88 90 98 100 ]
84: [ 52 56 ]
85: [ 33 38 45 46 58 78 81 83 93 100 ]
86: [ 3 14 24 34 36 45 46 61 70 82 87 93 99 100 ]
87: [ 2 12 22 33 41 72 73 76 86 96 ]
88: [ 6 8 18 19 38 41 44 70 82 83 89 ]
89: [ 4 10 52 58 64 78 88 97 ]
90: [ 1 9 14 20 24 27 28 29 48 58 59 66 83 92 ]
91: [ 31 55 63 65 77 80 ]
92: [ 20 36 41 45 78 90 ]
93: [ 4 15 18 21 57 60 62 64 85 86 ]
94: [ 37 42 99 ]
95: [ 14 15 20 22 33 34 38 41 53 61 68 80 ]
96: [ 2 14 20 31 36 39 42 57 58 64 78 87 ]
97: [ 26 27 29 43 49 53 64 89 100 ]
98: [ 5 18 34 37 49 56 64 65 66 69 81 82 83 ]
99: [ 1 4 9 26 40 45 53 62 76 78 86 94 ]
100: [ 1 2 4 6 24 25 49 72 74 83 85 86 97 ]
