1: [ 8 15 16 22 30 55 59 60 ]
2: [ 11 28 32 41 47 61 70 ]
3: [ 13 23 27 47 48 56 64 66 75 ]
4: [ 14 25 46 50 ]
5: [ 15 17 41 48 56 72 ]
6: [ 11 21 30 33 39 42 45 54 63 75 ]
7: [ 40 42 65 75 ]
8: [ 1 29 52 60 66 70 ]
9: [ 35 41 51 52 54 65 ]
10: [ 17 21 38 55 56 71 72 ]
11: [ 2 6 19 30 38 42 45 48 50 55 71 75 ]
12: [ 26 30 32 33 44 53 75 ]
13: [ 3 18 19 22 23 37 43 50 59 62 73 ]
14: [ 4 18 23 26 29 38 40 46 47 71 72 ]
15: [ 1 5 19 36 45 46 47 50 ]
16: [ 1 27 28 34 56 ]
17: [ 5 10 18 22 27 31 36 39 50 52 53 54 59 66 ]
18: [ 13 14 17 23 29 34 39 42 55 ]
19: [ 11 13 15 41 45 59 68 70 71 ]
20: [ 27 29 48 49 65 ]
21: [ 6 10 30 33 35 52 54 62 71 72 ]
22: [ 1 13 17 27 37 38 43 60 69 ]
23: [ 3 13 14 18 34 48 51 52 70 72 ]
24: [ 26 29 ]
25: [ 4 39 45 51 56 66 ]
26: [ 12 14 24 28 45 55 68 71 ]
27: [ 3 16 17 20 22 50 ]
28: [ 2 16 26 32 48 55 71 ]
29: [ 8 14 18 20 24 35 54 75 ]
30: [ 1 6 11 12 21 36 49 50 63 65 66 67 70 ]
31: [ 17 37 40 45 46 55 66 69 71 72 ]
32: [ 2 12 28 36 39 61 ]
33: [ 6 12 21 49 54 65 74 ]
34: [ 16 18 23 36 37 48 50 66 ]
35: [ 9 21 29 36 50 65 66 ]
36: [ 15 17 30 32 34 35 39 47 51 60 ]
37: [ 13 22 31 34 44 54 59 ]
38: [ 10 11 14 22 46 53 54 68 ]
39: [ 6 17 18 25 32 36 57 72 ]
40: [ 7 14 31 47 54 56 64 75 ]
41: [ 2 5 9 19 46 50 61 74 ]
42: [ 6 7 11 18 50 52 ]
43: [ 13 22 50 51 57 71 73 ]
44: [ 12 37 47 55 56 68 74 ]
45: [ 6 11 15 19 25 26 31 ]
46: [ 4 14 15 31 38 41 47 48 51 53 57 ]
47: [ 2 3 14 15 36 40 44 46 50 63 64 ]
48: [ 3 5 11 20 23 28 34 46 49 54 71 ]
49: [ 20 30 33 48 57 70 71 75 ]
50: [ 4 11 13 15 17 27 30 34 35 41 42 43 47 55 60 64 65 70 72 ]
51: [ 9 23 25 36 43 46 69 ]
52: [ 8 9 17 21 23 42 64 69 ]
53: [ 12 17 38 46 63 69 75 ]
54: [ 6 9 17 21 29 33 37 38 40 48 71 ]
55: [ 1 10 11 18 26 28 31 44 50 66 67 70 ]
56: [ 3 5 10 16 25 40 44 59 ]
57: [ 39 43 46 49 62 71 ]
58: [ 62 ]
59: [ 1 13 17 19 37 56 74 ]
60: [ 1 8 22 36 50 67 73 ]
61: [ 2 32 41 75 ]
62: [ 13 21 57 58 ]
63: [ 6 30 47 53 ]
64: [ 3 40 47 50 52 ]
65: [ 7 9 20 30 33 35 50 67 ]
66: [ 3 8 17 25 30 31 34 35 55 ]
67: [ 30 55 60 65 72 ]
68: [ 19 26 38 44 71 ]
69: [ 22 31 51 52 53 72 ]
70: [ 2 8 19 23 30 49 50 55 ]
71: [ 10 11 14 19 21 26 28 31 43 48 49 54 57 68 ]
72: [ 5 10 14 21 23 31 39 50 67 69 ]
73: [ 13 43 60 ]
74: [ 33 41 44 59 ]
75: [ 3 6 7 11 12 29 40 49 53 61 ]
