1: [ 54 71 ]
2: [ 17 22 26 31 34 40 48 51 53 62 67 ]
3: [ 39 40 54 56 58 62 67 72 ]
4: [ 20 63 71 ]
5: [ 7 15 17 18 33 41 69 75 ]
6: [ 8 21 34 35 43 48 ]
7: [ 5 13 26 34 37 42 45 49 55 68 71 ]
8: [ 6 11 21 32 33 37 38 52 ]
9: [ 11 18 20 23 70 73 ]
10: [ 40 71 ]
11: [ 8 9 14 16 19 30 32 45 51 52 56 64 ]
12: [ 55 62 ]
13: [ 7 14 16 19 40 42 50 67 ]
14: [ 11 13 20 27 36 41 53 60 ]
15: [ 5 24 38 41 59 65 67 ]
16: [ 11 13 20 21 32 39 46 53 54 60 62 73 ]
17: [ 2 5 19 22 46 58 59 70 71 ]
18: [ 5 9 29 40 58 ]
19: [ 11 13 17 49 ]
20: [ 4 9 14 16 27 30 54 55 ]
21: [ 6 8 16 29 30 39 49 52 67 69 ]
22: [ 2 17 72 ]
23: [ 9 26 38 47 61 ]
24: [ 15 27 41 55 61 68 ]
25: [ 28 37 40 42 49 52 71 ]
26: [ 2 7 23 55 70 ]
27: [ 14 20 24 29 33 40 50 59 63 ]
28: [ 25 29 33 34 43 45 47 48 50 52 58 60 ]
29: [ 18 21 27 28 31 33 39 41 64 69 ]
30: [ 11 20 21 42 49 54 59 60 66 ]
31: [ 2 29 39 52 53 ]
32: [ 8 11 16 35 43 44 70 ]
33: [ 5 8 27 28 29 52 58 72 ]
34: [ 2 6 7 28 57 58 70 71 ]
35: [ 6 32 53 60 ]
36: [ 14 47 56 ]
37: [ 7 8 25 43 51 55 56 65 ]
38: [ 8 15 23 42 47 49 57 63 67 69 ]
39: [ 3 16 21 29 31 41 49 53 56 ]
40: [ 2 3 10 13 18 25 27 42 50 60 65 69 73 ]
41: [ 5 14 15 24 29 39 47 48 50 52 54 58 60 ]
42: [ 7 13 25 30 38 40 43 63 68 73 ]
43: [ 6 28 32 37 42 68 72 73 ]
44: [ 32 52 65 72 ]
45: [ 7 11 28 52 54 64 ]
46: [ 16 17 47 ]
47: [ 23 28 36 38 41 46 49 65 68 71 72 ]
48: [ 2 6 28 41 58 61 62 ]
49: [ 7 19 21 25 30 38 39 47 64 67 ]
50: [ 13 27 28 40 41 73 ]
51: [ 2 11 37 54 72 ]
52: [ 8 11 21 25 28 31 33 41 44 45 62 73 ]
53: [ 2 14 16 31 35 39 69 72 73 ]
54: [ 1 3 16 20 30 41 45 51 59 ]
55: [ 7 12 20 24 26 37 60 ]
56: [ 3 11 36 37 39 63 68 75 ]
57: [ 34 38 67 68 ]
58: [ 3 17 18 28 33 34 41 48 63 68 69 71 ]
59: [ 15 17 27 30 54 62 ]
60: [ 14 16 28 30 35 40 41 55 ]
61: [ 23 24 48 ]
62: [ 2 3 12 16 48 52 59 ]
63: [ 4 27 38 42 56 58 68 69 72 ]
64: [ 11 29 45 49 67 74 ]
65: [ 15 37 40 44 47 ]
66: [ 30 70 ]
67: [ 2 3 13 15 21 38 49 57 64 ]
68: [ 7 24 42 43 47 56 57 58 63 ]
69: [ 5 21 29 38 40 53 58 63 ]
70: [ 9 17 26 32 34 66 ]
71: [ 1 4 7 10 17 25 34 47 58 ]
72: [ 3 22 33 43 44 47 51 53 63 73 75 ]
73: [ 9 16 40 42 43 50 52 53 72 ]
74: [ 64 ]
75: [ 5 56 72 ]
