1: [ 11 25 47 70 ]
2: [ 3 9 13 36 38 58 61 ]
3: [ 2 17 25 50 72 ]
4: [ 16 41 43 47 49 53 63 ]
5: [ 8 22 26 33 34 39 44 59 66 69 ]
6: [ 19 21 23 29 31 58 ]
7: [ 12 22 32 36 45 48 53 59 74 75 ]
8: [ 5 17 18 27 35 36 40 42 53 58 66 70 ]
9: [ 2 15 20 40 42 44 53 55 69 ]
10: [ 15 31 32 41 44 62 64 65 72 74 ]
11: [ 1 18 26 32 37 41 43 58 68 72 ]
12: [ 7 13 15 18 37 39 50 62 ]
13: [ 2 12 21 44 50 60 69 ]
14: [ 15 21 24 27 29 31 40 43 51 ]
15: [ 9 10 12 14 17 18 25 52 ]
16: [ 4 28 42 44 59 63 64 ]
17: [ 3 8 15 36 40 50 62 64 71 ]
18: [ 8 11 12 15 19 22 24 36 48 52 59 64 68 72 ]
19: [ 6 18 29 50 52 67 ]
20: [ 9 36 37 40 ]
21: [ 6 13 14 29 30 39 44 65 ]
22: [ 5 7 18 45 70 71 75 ]
23: [ 6 24 38 62 69 71 75 ]
24: [ 14 18 23 29 37 45 48 62 ]
25: [ 1 3 15 45 ]
26: [ 5 11 33 35 40 47 49 50 61 63 70 ]
27: [ 8 14 52 59 73 ]
28: [ 16 ]
29: [ 6 14 19 21 24 41 43 48 55 71 ]
30: [ 21 41 42 57 59 ]
31: [ 6 10 14 63 64 ]
32: [ 7 10 11 33 41 50 55 69 ]
33: [ 5 26 32 39 44 75 ]
34: [ 5 42 57 67 ]
35: [ 8 26 48 52 66 69 72 ]
36: [ 2 7 8 17 18 20 44 45 46 61 ]
37: [ 11 12 20 24 53 58 72 ]
38: [ 2 23 40 ]
39: [ 5 12 21 33 45 47 48 70 ]
40: [ 8 9 14 17 20 26 38 43 62 ]
41: [ 4 10 11 29 30 32 51 56 57 71 74 ]
42: [ 8 9 16 30 34 44 46 48 66 ]
43: [ 4 11 14 29 40 45 50 66 71 ]
44: [ 5 9 10 13 16 21 33 36 42 45 51 52 53 68 ]
45: [ 7 22 24 25 36 39 43 44 67 ]
46: [ 36 42 47 50 55 68 69 ]
47: [ 1 4 26 39 46 ]
48: [ 7 18 24 29 35 39 42 49 57 59 63 67 ]
49: [ 4 26 48 59 60 62 64 65 67 71 ]
50: [ 3 12 13 17 19 26 32 43 46 57 59 ]
51: [ 14 41 44 68 ]
52: [ 15 18 19 27 35 44 58 62 74 75 ]
53: [ 4 7 8 9 37 44 60 62 70 ]
54: [ 55 57 58 ]
55: [ 9 29 32 46 54 59 63 74 ]
56: [ 41 64 67 69 73 ]
57: [ 30 34 41 48 50 54 68 ]
58: [ 2 6 8 11 37 52 54 66 67 ]
59: [ 5 7 16 18 27 30 48 49 50 55 61 71 ]
60: [ 13 49 53 ]
61: [ 2 26 36 59 71 ]
62: [ 10 12 17 23 24 40 49 52 53 63 72 ]
63: [ 4 16 26 31 48 55 62 68 70 75 ]
64: [ 10 16 17 18 31 49 56 70 75 ]
65: [ 10 21 49 67 ]
66: [ 5 8 35 42 43 58 70 ]
67: [ 19 34 45 48 49 56 58 65 75 ]
68: [ 11 18 44 46 51 57 63 69 75 ]
69: [ 5 9 13 23 32 35 46 56 68 ]
70: [ 1 8 22 26 39 53 63 64 66 73 ]
71: [ 17 22 23 29 41 43 49 59 61 72 73 ]
72: [ 3 10 11 18 35 37 62 71 ]
73: [ 27 56 70 71 ]
74: [ 7 10 41 52 55 ]
75: [ 7 22 23 33 52 63 64 67 68 ]
