1: [ 5 8 33 37 42 43 50 63 65 ]
2: [ 3 12 22 23 36 54 67 70 ]
3: [ 2 5 7 17 20 25 27 29 31 39 54 65 67 ]
4: [ 7 9 22 24 39 47 57 66 ]
5: [ 1 3 10 33 38 39 46 50 54 55 70 ]
6: [ 18 21 35 54 ]
7: [ 3 4 19 27 33 48 51 55 56 63 ]
8: [ 1 12 14 19 31 42 49 58 ]
9: [ 4 32 74 ]
10: [ 5 13 14 19 34 39 40 42 55 63 ]
11: [ 32 70 72 ]
12: [ 2 8 20 27 34 39 44 61 ]
13: [ 10 14 24 27 36 40 58 71 72 ]
14: [ 8 10 13 37 42 44 48 54 67 71 ]
15: [ 23 63 ]
16: [ 21 25 27 35 61 ]
17: [ 3 20 24 68 ]
18: [ 6 43 54 67 ]
19: [ 7 8 10 20 27 34 42 55 66 ]
20: [ 3 12 17 19 24 25 40 44 45 53 68 73 ]
21: [ 6 16 22 40 44 55 75 ]
22: [ 2 4 21 48 56 67 70 ]
23: [ 2 15 34 53 54 65 70 74 ]
24: [ 4 13 17 20 30 31 32 45 59 66 ]
25: [ 3 16 20 26 28 29 30 39 43 53 56 69 ]
26: [ 25 45 75 ]
27: [ 3 7 12 13 16 19 35 60 71 73 ]
28: [ 25 30 32 45 47 72 ]
29: [ 3 25 33 44 63 68 75 ]
30: [ 24 25 28 36 62 64 65 69 71 ]
31: [ 3 8 24 48 49 53 58 61 74 ]
32: [ 9 11 24 28 34 40 54 57 60 63 67 ]
33: [ 1 5 7 29 45 50 70 72 74 ]
34: [ 10 12 19 23 32 56 63 ]
35: [ 6 16 27 48 52 61 65 69 74 ]
36: [ 2 13 30 50 60 62 ]
37: [ 1 14 45 49 54 ]
38: [ 5 49 68 72 ]
39: [ 3 4 5 10 12 25 43 44 51 54 ]
40: [ 10 13 20 21 32 45 56 58 ]
41: [ 68 72 ]
42: [ 1 8 10 14 19 49 60 62 63 65 ]
43: [ 1 18 25 39 75 ]
44: [ 12 14 20 21 29 39 50 64 ]
45: [ 20 24 26 28 33 37 40 67 ]
46: [ 5 68 ]
47: [ 4 28 ]
48: [ 7 14 22 31 35 49 58 60 63 ]
49: [ 8 31 37 38 42 48 56 71 74 ]
50: [ 1 5 33 36 44 51 ]
51: [ 7 39 50 52 68 73 ]
52: [ 35 51 72 ]
53: [ 20 23 25 31 72 73 ]
54: [ 2 3 5 6 14 18 23 32 37 39 74 ]
55: [ 5 7 10 19 21 ]
56: [ 7 22 25 34 40 49 60 65 68 ]
57: [ 4 32 74 ]
58: [ 8 13 31 40 48 65 ]
59: [ 24 68 ]
60: [ 27 32 36 42 48 56 68 75 ]
61: [ 12 16 31 35 ]
62: [ 30 36 42 64 68 ]
63: [ 1 7 10 15 29 32 34 42 48 ]
64: [ 30 44 62 68 ]
65: [ 1 3 23 30 35 42 56 58 ]
66: [ 4 19 24 71 ]
67: [ 2 3 14 18 22 32 45 68 71 ]
68: [ 17 20 29 38 41 46 51 56 59 60 62 64 67 ]
69: [ 25 30 35 ]
70: [ 2 5 11 22 23 33 72 ]
71: [ 13 14 27 30 49 66 67 74 ]
72: [ 11 13 28 33 38 41 52 53 70 ]
73: [ 20 27 51 53 74 ]
74: [ 9 23 31 33 35 49 54 57 71 73 ]
75: [ 21 26 29 43 60 ]
