1: [ 15 19 38 49 64 69 ]
2: [ 13 39 56 60 65 70 ]
3: [ 24 33 36 37 52 62 66 ]
4: [ 9 18 20 28 31 39 46 51 53 63 ]
5: [ 46 49 52 59 61 65 ]
6: [ 33 50 52 ]
7: [ 9 30 42 55 58 59 62 67 75 ]
8: [ 22 24 ]
9: [ 4 7 14 35 41 46 70 71 ]
10: [ 17 19 31 35 46 47 50 70 ]
11: [ 18 29 37 46 67 ]
12: [ 17 30 37 54 58 60 65 ]
13: [ 2 17 26 46 58 66 ]
14: [ 9 15 18 25 40 53 73 ]
15: [ 1 14 22 39 50 66 ]
16: [ 17 42 46 48 49 58 ]
17: [ 10 12 13 16 25 30 37 58 61 63 74 ]
18: [ 4 11 14 19 34 40 46 54 74 ]
19: [ 1 10 18 23 27 29 46 55 60 72 ]
20: [ 4 42 47 ]
21: [ 26 53 59 ]
22: [ 8 15 33 36 41 48 74 ]
23: [ 19 25 35 37 64 68 ]
24: [ 3 8 28 39 40 49 59 65 66 ]
25: [ 14 17 23 30 31 43 71 74 ]
26: [ 13 21 38 59 70 71 74 ]
27: [ 19 33 34 37 39 48 51 66 72 ]
28: [ 4 24 36 41 46 58 63 68 ]
29: [ 11 19 41 45 50 54 58 68 70 ]
30: [ 7 12 17 25 39 50 ]
31: [ 4 10 25 56 69 ]
32: [ 48 50 58 61 ]
33: [ 3 6 22 27 37 47 51 60 62 65 68 ]
34: [ 18 27 56 74 75 ]
35: [ 9 10 23 38 47 50 59 61 73 ]
36: [ 3 22 28 38 40 43 47 54 58 68 ]
37: [ 3 11 12 17 23 27 33 39 47 50 62 ]
38: [ 1 26 35 36 40 54 58 62 ]
39: [ 2 4 15 24 27 30 37 42 43 59 60 ]
40: [ 14 18 24 36 38 58 72 74 ]
41: [ 9 22 28 29 56 57 59 61 ]
42: [ 7 16 20 39 49 62 65 69 ]
43: [ 25 36 39 60 66 ]
44: [ ]
45: [ 29 49 57 59 ]
46: [ 4 5 9 10 11 13 16 18 19 28 51 56 57 68 ]
47: [ 10 20 33 35 36 37 54 66 ]
48: [ 16 22 27 32 50 56 58 64 69 ]
49: [ 1 5 16 24 42 45 54 68 69 73 ]
50: [ 6 10 15 29 30 32 35 37 48 54 56 60 ]
51: [ 4 27 33 46 58 62 65 ]
52: [ 3 5 6 59 65 ]
53: [ 4 14 21 62 ]
54: [ 12 18 29 36 38 47 49 50 55 71 ]
55: [ 7 19 54 56 65 72 ]
56: [ 2 31 34 41 46 48 50 55 66 67 ]
57: [ 41 45 46 71 ]
58: [ 7 12 13 16 17 28 29 32 36 38 40 48 51 62 ]
59: [ 5 7 21 24 26 35 39 41 45 52 63 71 ]
60: [ 2 12 19 33 39 43 50 73 75 ]
61: [ 5 17 32 35 41 64 66 67 ]
62: [ 3 7 33 37 38 42 51 53 58 ]
63: [ 4 17 28 59 69 ]
64: [ 1 23 48 61 ]
65: [ 2 5 12 24 33 42 51 52 55 67 ]
66: [ 3 13 15 24 27 43 47 56 61 71 ]
67: [ 7 11 56 61 65 75 ]
68: [ 23 28 29 33 36 46 49 75 ]
69: [ 1 31 42 48 49 63 ]
70: [ 2 9 10 26 29 71 ]
71: [ 9 25 26 54 57 59 66 70 73 ]
72: [ 19 27 40 55 ]
73: [ 14 35 49 60 71 ]
74: [ 17 18 22 25 26 34 40 ]
75: [ 7 34 60 67 68 ]
