1: [ 8 17 25 35 39 50 53 58 63 64 67 ]
2: [ 10 24 32 35 37 40 41 57 69 ]
3: [ 22 27 43 44 46 53 54 69 ]
4: [ 6 7 9 10 18 24 35 46 48 50 59 68 70 ]
5: [ 20 26 35 45 46 54 ]
6: [ 4 9 12 23 27 39 44 50 52 67 ]
7: [ 4 43 45 53 ]
8: [ 1 17 25 30 34 40 41 43 51 69 ]
9: [ 4 6 11 17 18 23 59 60 65 66 67 71 74 ]
10: [ 2 4 17 19 25 35 37 52 61 64 71 74 ]
11: [ 9 48 61 65 69 ]
12: [ 6 13 18 21 29 38 51 54 65 71 ]
13: [ 12 17 31 34 47 49 53 60 71 ]
14: [ 17 28 34 53 55 61 ]
15: [ 25 30 40 45 56 64 ]
16: [ 19 22 35 38 45 ]
17: [ 1 8 9 10 13 14 34 42 43 45 46 48 55 62 63 69 ]
18: [ 4 9 12 45 46 65 ]
19: [ 10 16 22 36 46 55 68 72 ]
20: [ 5 26 42 44 50 62 ]
21: [ 12 22 39 42 44 45 46 47 69 ]
22: [ 3 16 19 21 27 32 39 46 54 64 73 ]
23: [ 6 9 24 60 ]
24: [ 2 4 23 39 45 46 55 68 ]
25: [ 1 8 10 15 29 33 38 58 70 71 ]
26: [ 5 20 38 59 ]
27: [ 3 6 22 30 32 37 40 42 51 54 59 ]
28: [ 14 38 40 ]
29: [ 12 25 32 50 64 70 ]
30: [ 8 15 27 31 40 42 45 56 67 ]
31: [ 13 30 46 48 59 62 63 69 ]
32: [ 2 22 27 29 39 52 61 64 68 71 74 ]
33: [ 25 51 53 54 65 70 ]
34: [ 8 13 14 17 38 47 51 56 60 68 69 ]
35: [ 1 2 4 5 10 16 38 51 60 66 74 ]
36: [ 19 45 73 ]
37: [ 2 10 27 53 54 55 58 60 65 67 ]
38: [ 12 16 25 26 28 34 35 44 62 65 74 ]
39: [ 1 6 21 22 24 32 42 45 57 63 ]
40: [ 2 8 15 27 28 30 ]
41: [ 2 8 48 55 62 ]
42: [ 17 20 21 27 30 39 64 69 74 ]
43: [ 3 7 8 17 63 ]
44: [ 3 6 20 21 38 46 54 62 63 65 ]
45: [ 5 7 15 16 17 18 21 24 30 36 39 63 ]
46: [ 3 4 5 17 18 19 21 22 24 31 44 57 65 67 ]
47: [ 13 21 34 54 61 73 ]
48: [ 4 11 17 31 41 60 62 63 69 ]
49: [ 13 55 65 71 ]
50: [ 1 4 6 20 29 54 65 75 ]
51: [ 8 12 27 33 34 35 59 60 63 71 ]
52: [ 6 10 32 68 ]
53: [ 1 3 7 13 14 33 37 69 ]
54: [ 3 5 12 22 27 33 37 44 47 50 61 63 ]
55: [ 14 17 19 24 37 41 49 56 ]
56: [ 15 30 34 55 72 ]
57: [ 2 39 46 63 68 70 ]
58: [ 1 25 37 64 ]
59: [ 4 9 26 27 31 51 65 68 70 ]
60: [ 9 13 23 34 35 37 48 51 64 ]
61: [ 10 11 14 32 47 54 ]
62: [ 17 20 31 38 41 44 48 64 69 ]
63: [ 1 17 31 39 43 44 45 48 51 54 57 ]
64: [ 1 10 15 22 29 32 42 58 60 62 73 75 ]
65: [ 9 11 12 18 33 37 38 44 46 49 50 59 ]
66: [ 9 35 ]
67: [ 1 6 9 30 37 46 69 ]
68: [ 4 19 24 32 34 52 57 59 73 ]
69: [ 2 3 8 11 17 21 31 34 42 48 53 62 67 ]
70: [ 4 25 29 33 57 59 ]
71: [ 9 10 12 13 25 32 49 51 ]
72: [ 19 56 ]
73: [ 22 36 47 64 68 ]
74: [ 9 10 32 35 38 42 ]
75: [ 50 64 ]
