1: [ 24 34 48 74 ]
2: [ 43 ]
3: [ 14 20 22 33 45 52 71 ]
4: [ 12 21 25 29 30 46 53 67 75 ]
5: [ 12 13 22 42 45 50 59 63 68 69 71 ]
6: [ 14 31 36 52 75 ]
7: [ 8 28 33 50 55 63 74 ]
8: [ 7 9 13 16 39 42 46 69 72 74 ]
9: [ 8 27 29 32 35 39 44 45 62 68 75 ]
10: [ 15 31 32 40 71 ]
11: [ 14 17 20 26 28 51 52 59 71 72 ]
12: [ 4 5 15 22 26 31 64 ]
13: [ 5 8 28 29 36 42 43 47 53 55 ]
14: [ 3 6 11 30 43 55 59 ]
15: [ 10 12 58 63 75 ]
16: [ 8 21 38 48 57 64 66 ]
17: [ 11 18 22 32 34 37 42 53 55 64 67 71 ]
18: [ 17 26 67 ]
19: [ 39 42 49 52 63 ]
20: [ 3 11 31 32 38 49 ]
21: [ 4 16 42 43 67 72 ]
22: [ 3 5 12 17 27 28 31 34 36 40 43 55 57 62 ]
23: [ 42 49 ]
24: [ 1 27 38 58 62 64 ]
25: [ 4 40 75 ]
26: [ 11 12 18 27 48 ]
27: [ 9 22 24 26 65 ]
28: [ 7 11 13 22 56 74 ]
29: [ 4 9 13 47 56 57 59 64 67 ]
30: [ 4 14 35 41 48 55 57 73 ]
31: [ 6 10 12 20 22 37 51 55 64 72 75 ]
32: [ 9 10 17 20 35 50 55 62 ]
33: [ 3 7 43 46 71 ]
34: [ 1 17 22 37 41 45 55 58 72 ]
35: [ 9 30 32 36 71 ]
36: [ 6 13 22 35 41 56 71 ]
37: [ 17 31 34 45 46 50 59 61 72 74 ]
38: [ 16 20 24 63 73 ]
39: [ 8 9 19 61 67 68 69 ]
40: [ 10 22 25 47 55 56 58 59 60 75 ]
41: [ 30 34 36 42 55 56 63 65 ]
42: [ 5 8 13 17 19 21 23 41 60 64 69 ]
43: [ 2 13 14 21 22 33 45 49 53 59 ]
44: [ 9 56 ]
45: [ 3 5 9 34 37 43 64 ]
46: [ 4 8 33 37 59 61 ]
47: [ 13 29 40 63 64 68 70 75 ]
48: [ 1 16 26 30 52 59 72 ]
49: [ 19 20 23 43 57 61 63 65 70 ]
50: [ 5 7 32 37 54 56 57 72 ]
51: [ 11 31 ]
52: [ 3 6 11 19 48 63 69 70 ]
53: [ 4 13 17 43 75 ]
54: [ 50 61 64 66 67 70 74 ]
55: [ 7 13 14 17 22 30 31 32 34 40 41 56 58 ]
56: [ 28 29 36 40 41 44 50 55 58 70 73 ]
57: [ 16 22 29 30 49 50 70 ]
58: [ 15 24 34 40 55 56 65 ]
59: [ 5 11 14 29 37 40 43 46 48 68 ]
60: [ 40 42 ]
61: [ 37 39 46 49 54 ]
62: [ 9 22 24 32 67 75 ]
63: [ 5 7 15 19 38 41 47 49 52 69 ]
64: [ 12 16 17 24 29 31 42 45 47 54 ]
65: [ 27 41 49 58 ]
66: [ 16 54 69 ]
67: [ 4 17 18 21 29 39 54 62 ]
68: [ 5 9 39 47 59 69 75 ]
69: [ 5 8 39 42 52 63 66 68 ]
70: [ 47 49 52 54 56 57 73 ]
71: [ 3 5 10 11 17 33 35 36 75 ]
72: [ 8 11 21 31 34 37 48 50 ]
73: [ 30 38 56 70 ]
74: [ 1 7 8 28 37 54 ]
75: [ 4 6 9 15 25 31 40 47 53 62 68 71 ]
