1: [ 22 47 70 ]
2: [ 4 28 41 43 50 60 71 ]
3: [ 21 41 49 72 74 ]
4: [ 2 10 15 30 60 69 70 ]
5: [ 12 16 24 31 33 49 53 63 65 ]
6: [ 7 13 40 46 51 56 60 71 ]
7: [ 6 10 13 15 22 30 37 42 50 53 69 ]
8: [ 17 23 24 49 51 58 60 65 66 ]
9: [ 23 24 50 66 ]
10: [ 4 7 12 15 21 29 35 39 48 67 71 ]
11: [ 16 33 41 44 47 70 ]
12: [ 5 10 19 42 56 58 70 72 ]
13: [ 6 7 17 28 50 51 66 67 ]
14: [ 15 21 24 51 63 67 69 ]
15: [ 4 7 10 14 48 58 59 66 ]
16: [ 5 11 30 32 54 63 66 ]
17: [ 8 13 24 35 46 55 60 67 68 ]
18: [ 20 21 55 57 60 71 ]
19: [ 12 41 58 63 69 ]
20: [ 18 27 56 70 ]
21: [ 3 10 14 18 27 53 66 67 ]
22: [ 1 7 26 32 35 41 52 65 66 67 69 75 ]
23: [ 8 9 32 66 ]
24: [ 5 8 9 14 17 26 30 39 52 ]
25: [ 39 56 63 74 75 ]
26: [ 22 24 40 42 56 58 65 ]
27: [ 20 21 58 60 ]
28: [ 2 13 33 46 49 51 ]
29: [ 10 32 39 63 ]
30: [ 4 7 16 24 53 62 67 69 ]
31: [ 5 36 55 59 66 72 ]
32: [ 16 22 23 29 39 47 50 52 63 67 68 74 ]
33: [ 5 11 28 35 36 58 62 64 73 ]
34: [ 39 53 66 75 ]
35: [ 10 17 22 33 43 66 68 71 75 ]
36: [ 31 33 40 42 50 56 ]
37: [ 7 46 47 52 56 60 ]
38: [ 71 ]
39: [ 10 24 25 29 32 34 51 57 58 59 61 67 69 74 75 ]
40: [ 6 26 36 42 65 69 ]
41: [ 2 3 11 19 22 50 ]
42: [ 7 12 26 36 40 60 65 70 73 74 ]
43: [ 2 35 ]
44: [ 11 51 65 67 69 70 73 75 ]
45: [ 52 ]
46: [ 6 17 28 37 47 63 70 73 ]
47: [ 1 11 32 37 46 56 ]
48: [ 10 15 49 54 60 ]
49: [ 3 5 8 28 48 60 67 68 ]
50: [ 2 7 9 13 32 36 41 53 55 58 59 63 72 ]
51: [ 6 8 13 14 28 39 44 59 61 67 ]
52: [ 22 24 32 37 45 55 69 74 ]
53: [ 5 7 21 30 34 50 56 68 69 72 ]
54: [ 16 48 55 67 73 ]
55: [ 17 18 31 50 52 54 59 62 72 ]
56: [ 6 12 20 25 26 36 37 47 53 68 ]
57: [ 18 39 ]
58: [ 8 12 15 19 26 27 33 39 50 68 ]
59: [ 15 31 39 50 51 55 72 ]
60: [ 2 4 6 8 17 18 27 37 42 48 49 62 67 ]
61: [ 39 51 70 ]
62: [ 30 33 55 60 ]
63: [ 5 14 16 19 25 29 32 46 50 74 ]
64: [ 33 72 ]
65: [ 5 8 22 26 40 42 44 71 ]
66: [ 8 9 13 15 16 21 22 23 31 34 35 74 ]
67: [ 10 13 14 17 21 22 30 32 39 44 49 51 54 60 68 74 75 ]
68: [ 17 32 35 49 53 56 58 67 69 74 75 ]
69: [ 4 7 14 19 22 30 39 40 44 52 53 68 74 ]
70: [ 1 4 11 12 20 42 44 46 61 73 ]
71: [ 2 6 10 18 35 38 65 ]
72: [ 3 12 31 50 53 55 59 64 ]
73: [ 33 42 44 46 54 70 ]
74: [ 3 25 32 39 42 52 63 66 67 68 69 ]
75: [ 22 25 34 35 39 44 67 68 ]
