1: [ 14 19 23 37 52 57 ]
2: [ 4 10 16 36 49 65 69 ]
3: [ 25 33 43 49 ]
4: [ 2 36 43 46 51 72 ]
5: [ 13 15 16 18 27 31 40 51 66 68 70 72 73 ]
6: [ 36 45 59 ]
7: [ 8 25 40 41 42 54 56 59 63 71 ]
8: [ 7 41 54 63 75 ]
9: [ 11 15 27 29 55 60 65 ]
10: [ 2 13 44 45 72 74 75 ]
11: [ 9 24 29 45 62 67 ]
12: [ 33 35 46 60 ]
13: [ 5 10 26 27 34 43 44 57 65 70 ]
14: [ 1 15 20 25 31 37 42 59 74 ]
15: [ 5 9 14 31 32 34 40 53 ]
16: [ 2 5 22 46 52 53 56 65 ]
17: [ 34 44 ]
18: [ 5 36 49 51 55 74 75 ]
19: [ 1 49 51 54 63 68 74 ]
20: [ 14 25 31 37 54 60 73 ]
21: [ 28 35 44 58 ]
22: [ 16 46 49 56 59 64 68 74 ]
23: [ 1 24 47 48 50 51 52 71 72 73 ]
24: [ 11 23 27 45 52 55 57 65 71 ]
25: [ 3 7 14 20 35 43 45 53 60 67 73 75 ]
26: [ 13 49 59 60 63 67 72 ]
27: [ 5 9 13 24 29 66 73 ]
28: [ 21 33 65 67 68 70 72 ]
29: [ 9 11 27 32 37 56 62 67 ]
30: [ 52 58 ]
31: [ 5 14 15 20 54 56 57 62 67 68 69 ]
32: [ 15 29 63 71 ]
33: [ 3 12 28 50 54 61 68 70 ]
34: [ 13 15 17 43 44 59 66 ]
35: [ 12 21 25 46 ]
36: [ 2 4 6 18 45 50 52 57 65 ]
37: [ 1 14 20 29 39 52 57 ]
38: [ 44 51 60 63 68 70 ]
39: [ 37 46 52 ]
40: [ 5 7 15 43 45 63 66 ]
41: [ 7 8 57 62 68 72 ]
42: [ 7 14 51 55 61 64 69 72 ]
43: [ 3 4 13 25 34 40 46 57 65 69 72 ]
44: [ 10 13 17 21 34 38 50 52 56 70 ]
45: [ 6 10 11 24 25 36 40 65 74 ]
46: [ 4 12 16 22 35 39 43 47 49 50 62 ]
47: [ 23 46 52 54 ]
48: [ 23 52 60 61 ]
49: [ 2 3 18 19 22 26 46 56 58 59 67 71 ]
50: [ 23 33 36 44 46 53 57 ]
51: [ 4 5 18 19 23 38 42 52 57 67 ]
52: [ 1 16 23 24 30 36 37 39 44 47 48 51 58 61 63 70 ]
53: [ 15 16 25 50 57 68 ]
54: [ 7 8 19 20 31 33 47 55 61 65 ]
55: [ 9 18 24 42 54 58 61 64 75 ]
56: [ 7 16 22 29 31 44 49 59 65 68 ]
57: [ 1 13 24 31 36 37 41 43 50 51 53 61 ]
58: [ 21 30 49 52 55 64 ]
59: [ 6 7 14 22 26 34 49 56 67 ]
60: [ 9 12 20 25 26 38 48 68 70 ]
61: [ 33 42 48 52 54 55 57 63 71 72 73 ]
62: [ 11 29 31 41 46 64 ]
63: [ 7 8 19 26 32 38 40 52 61 67 73 ]
64: [ 22 42 55 58 62 68 ]
65: [ 2 9 13 16 24 28 36 43 45 54 56 67 71 73 75 ]
66: [ 5 27 34 40 72 ]
67: [ 11 25 26 28 29 31 49 51 59 63 65 73 75 ]
68: [ 5 19 22 28 31 33 38 41 53 56 60 64 ]
69: [ 2 31 42 43 70 ]
70: [ 5 13 28 33 38 44 52 60 69 ]
71: [ 7 23 24 32 49 61 65 72 75 ]
72: [ 4 5 10 23 26 28 41 42 43 61 66 71 74 ]
73: [ 5 20 23 25 27 61 63 65 67 ]
74: [ 10 14 18 19 22 45 72 ]
75: [ 8 10 18 25 55 65 67 71 ]
