1: [ 15 21 24 39 ]
2: [ 13 17 20 39 48 54 62 65 72 ]
3: [ 5 10 17 47 50 55 58 60 64 68 ]
4: [ 7 23 34 47 48 66 ]
5: [ 3 12 22 24 36 41 49 59 74 ]
6: [ 20 27 32 34 35 51 ]
7: [ 4 10 21 26 54 74 ]
8: [ 17 28 40 50 53 61 64 66 67 69 ]
9: [ 11 18 46 59 70 ]
10: [ 3 7 34 45 60 ]
11: [ 9 12 15 28 29 34 49 52 60 ]
12: [ 5 11 20 23 66 73 ]
13: [ 2 20 24 34 35 37 39 53 55 ]
14: [ 17 54 ]
15: [ 1 11 21 27 40 45 53 65 68 75 ]
16: [ 18 23 30 34 45 54 56 58 65 66 71 ]
17: [ 2 3 8 14 24 35 40 50 55 ]
18: [ 9 16 24 39 44 48 55 ]
19: [ 40 53 ]
20: [ 2 6 12 13 23 24 31 52 58 62 67 ]
21: [ 1 7 15 26 32 36 40 45 71 72 74 ]
22: [ 5 30 34 41 44 48 58 ]
23: [ 4 12 16 20 40 45 59 65 ]
24: [ 1 5 13 17 18 20 28 43 46 ]
25: [ 35 40 56 ]
26: [ 7 21 27 30 32 37 45 49 55 58 63 74 ]
27: [ 6 15 26 47 63 64 ]
28: [ 8 11 24 31 38 40 46 54 60 ]
29: [ 11 32 44 ]
30: [ 16 22 26 57 67 ]
31: [ 20 28 39 40 46 47 49 53 55 68 ]
32: [ 6 21 26 29 46 47 49 54 ]
33: [ 48 50 73 74 ]
34: [ 4 6 10 11 13 16 22 48 49 55 63 73 ]
35: [ 6 13 17 25 38 60 65 ]
36: [ 5 21 ]
37: [ 13 26 39 47 60 75 ]
38: [ 28 35 40 41 45 54 55 63 65 ]
39: [ 1 2 13 18 31 37 45 55 57 68 ]
40: [ 8 15 17 19 21 23 25 28 31 38 46 53 54 60 64 65 68 69 ]
41: [ 5 22 38 53 61 63 ]
42: [ 65 ]
43: [ 24 62 73 ]
44: [ 18 22 29 ]
45: [ 10 15 16 21 23 26 38 39 61 63 68 70 ]
46: [ 9 24 28 31 32 40 51 63 75 ]
47: [ 3 4 27 31 32 37 67 ]
48: [ 2 4 18 22 33 34 51 52 55 69 ]
49: [ 5 11 26 31 32 34 62 66 75 ]
50: [ 3 8 17 33 ]
51: [ 6 46 48 63 66 ]
52: [ 11 20 48 74 ]
53: [ 8 13 15 19 31 40 41 62 63 71 72 ]
54: [ 2 7 14 16 28 32 38 40 ]
55: [ 3 13 17 18 26 31 34 38 39 48 70 ]
56: [ 16 25 68 75 ]
57: [ 30 39 74 ]
58: [ 3 16 20 22 26 74 ]
59: [ 5 9 23 60 74 ]
60: [ 3 10 11 28 35 37 40 59 66 72 ]
61: [ 8 41 45 64 65 68 69 ]
62: [ 2 20 43 49 53 65 70 71 74 ]
63: [ 26 27 34 38 41 45 46 51 53 ]
64: [ 3 8 27 40 61 ]
65: [ 2 15 16 23 35 38 40 42 61 62 66 71 ]
66: [ 4 8 12 16 49 51 60 65 ]
67: [ 8 20 30 47 ]
68: [ 3 15 31 39 40 45 56 61 73 75 ]
69: [ 8 40 48 61 72 74 ]
70: [ 9 45 55 62 ]
71: [ 16 21 53 62 65 ]
72: [ 2 21 53 60 69 ]
73: [ 12 33 34 43 68 ]
74: [ 5 7 21 26 33 52 57 58 59 62 69 ]
75: [ 15 37 46 49 56 68 ]
