1: [ 13 18 31 40 46 54 59 62 71 75 ]
2: [ 15 23 51 57 65 ]
3: [ 43 71 ]
4: [ 21 24 29 47 52 55 59 60 67 74 ]
5: [ 25 ]
6: [ 16 32 34 39 44 63 72 ]
7: [ 31 45 ]
8: [ 32 46 54 55 64 ]
9: [ 45 ]
10: [ 23 29 45 68 72 ]
11: [ 30 36 42 63 64 69 ]
12: [ 16 20 30 33 36 37 61 63 ]
13: [ 1 23 30 34 35 62 66 ]
14: [ 16 27 28 30 39 43 49 61 67 ]
15: [ 2 33 57 65 69 ]
16: [ 6 12 14 38 39 48 53 56 63 ]
17: [ 24 ]
18: [ 1 19 32 39 57 58 61 64 65 69 ]
19: [ 18 27 48 50 53 54 58 61 63 ]
20: [ 12 22 32 40 59 60 64 67 ]
21: [ 4 37 39 43 71 ]
22: [ 20 24 29 35 40 58 70 ]
23: [ 2 10 13 36 38 43 45 54 55 61 75 ]
24: [ 4 17 22 29 33 47 59 67 ]
25: [ 5 49 53 65 68 ]
26: [ 27 30 36 60 63 73 74 75 ]
27: [ 14 19 26 28 32 36 38 42 55 56 ]
28: [ 14 27 38 39 53 54 58 63 71 ]
29: [ 4 10 22 24 35 37 46 63 75 ]
30: [ 11 12 13 14 26 52 58 62 ]
31: [ 1 7 42 45 48 59 73 ]
32: [ 6 8 18 20 27 39 47 74 75 ]
33: [ 12 15 24 45 71 74 75 ]
34: [ 6 13 40 41 55 ]
35: [ 13 22 29 54 61 65 74 ]
36: [ 11 12 23 26 27 58 72 ]
37: [ 12 21 29 58 62 72 73 74 ]
38: [ 16 23 27 28 53 ]
39: [ 6 14 16 18 21 28 32 53 58 66 68 ]
40: [ 1 20 22 34 46 49 54 65 ]
41: [ 34 46 59 ]
42: [ 11 27 31 43 55 68 ]
43: [ 3 14 21 23 42 52 67 ]
44: [ 6 45 47 53 56 60 72 ]
45: [ 7 9 10 23 31 33 44 46 47 53 60 69 ]
46: [ 1 8 29 40 41 45 49 64 65 67 73 ]
47: [ 4 24 32 44 45 50 61 73 ]
48: [ 16 19 31 69 ]
49: [ 14 25 40 46 51 62 65 66 ]
50: [ 19 47 54 62 70 ]
51: [ 2 49 52 55 58 59 ]
52: [ 4 30 43 51 64 67 71 73 ]
53: [ 16 19 25 28 38 39 44 45 65 71 ]
54: [ 1 8 19 23 28 35 40 50 65 ]
55: [ 4 8 23 27 34 42 51 71 75 ]
56: [ 16 27 44 57 ]
57: [ 2 15 18 56 61 64 69 74 ]
58: [ 18 19 22 28 30 36 37 39 51 ]
59: [ 1 4 20 24 31 41 51 73 ]
60: [ 4 20 26 44 45 63 75 ]
61: [ 12 14 18 19 23 35 47 57 71 72 ]
62: [ 1 13 30 37 49 50 67 ]
63: [ 6 11 12 16 19 26 28 29 60 70 ]
64: [ 8 11 18 20 46 52 57 69 ]
65: [ 2 15 18 25 35 40 46 49 53 54 ]
66: [ 13 39 49 73 ]
67: [ 4 14 20 24 43 46 52 62 75 ]
68: [ 10 25 39 42 69 ]
69: [ 11 15 18 45 48 57 64 68 ]
70: [ 22 50 63 ]
71: [ 1 3 21 28 33 52 53 55 61 ]
72: [ 6 10 36 37 44 61 ]
73: [ 26 31 37 46 47 52 59 66 74 ]
74: [ 4 26 32 33 35 37 57 73 ]
75: [ 1 23 26 29 32 33 55 60 67 ]
