1: [ 3 4 8 9 28 33 34 49 59 60 65 ]
2: [ 8 17 22 30 34 35 38 53 60 ]
3: [ 1 11 14 29 34 46 74 ]
4: [ 1 10 64 69 ]
5: [ 6 16 19 24 41 60 ]
6: [ 5 36 57 66 68 ]
7: [ 12 14 15 19 26 45 58 60 61 ]
8: [ 1 2 9 18 19 24 28 49 53 55 73 ]
9: [ 1 8 11 39 46 52 55 ]
10: [ 4 12 27 63 69 ]
11: [ 3 9 12 14 20 26 33 41 42 46 ]
12: [ 7 10 11 15 37 48 49 50 54 67 71 ]
13: [ 60 ]
14: [ 3 7 11 16 22 26 29 65 74 ]
15: [ 7 12 26 28 39 40 51 55 68 ]
16: [ 5 14 19 30 33 54 64 67 ]
17: [ 2 47 49 60 61 64 67 ]
18: [ 8 20 21 22 23 29 33 40 67 ]
19: [ 5 7 8 16 24 31 36 38 41 48 60 65 69 ]
20: [ 11 18 34 42 44 ]
21: [ 18 22 27 33 36 42 46 58 69 ]
22: [ 2 14 18 21 35 39 70 ]
23: [ 18 34 42 53 60 69 ]
24: [ 5 8 19 37 ]
25: [ 68 ]
26: [ 7 11 14 15 34 35 42 46 49 57 70 ]
27: [ 10 21 37 55 56 57 ]
28: [ 1 8 15 40 48 49 50 58 59 66 72 ]
29: [ 3 14 18 31 42 54 63 ]
30: [ 2 16 39 48 63 73 75 ]
31: [ 19 29 48 55 69 ]
32: [ 45 ]
33: [ 1 11 16 18 21 35 43 44 69 74 ]
34: [ 1 2 3 20 23 26 40 45 62 63 73 75 ]
35: [ 2 22 26 33 41 42 52 55 66 68 ]
36: [ 6 19 21 45 53 60 62 65 68 ]
37: [ 12 24 27 ]
38: [ 2 19 64 67 ]
39: [ 9 15 22 30 45 53 64 ]
40: [ 15 18 28 34 48 51 73 ]
41: [ 5 11 19 35 45 53 62 67 68 ]
42: [ 11 20 21 23 26 29 35 57 58 62 66 68 ]
43: [ 33 46 48 51 ]
44: [ 20 33 65 ]
45: [ 7 32 34 36 39 41 54 57 58 62 ]
46: [ 3 9 11 21 26 43 48 63 66 73 ]
47: [ 17 52 57 58 60 64 65 73 ]
48: [ 12 19 28 30 31 40 43 46 49 65 70 ]
49: [ 1 8 12 17 26 28 48 56 60 64 66 71 74 ]
50: [ 12 28 61 69 70 ]
51: [ 15 40 43 69 ]
52: [ 9 35 47 55 59 ]
53: [ 2 8 23 36 39 41 59 63 72 73 ]
54: [ 12 16 29 45 ]
55: [ 8 9 15 27 31 35 52 57 66 69 71 ]
56: [ 27 49 58 59 ]
57: [ 6 26 27 42 45 47 55 65 68 70 ]
58: [ 7 21 28 42 45 47 56 70 71 74 ]
59: [ 1 28 52 53 56 63 ]
60: [ 1 2 5 7 13 17 19 23 36 47 49 64 ]
61: [ 7 17 50 63 69 ]
62: [ 34 36 41 42 45 66 68 ]
63: [ 10 29 30 34 46 53 59 61 ]
64: [ 4 16 17 38 39 47 49 60 66 ]
65: [ 1 14 19 36 44 47 48 57 67 ]
66: [ 6 28 35 42 46 49 55 62 64 69 71 ]
67: [ 12 16 17 18 38 41 65 69 ]
68: [ 6 15 25 35 36 41 42 57 62 69 ]
69: [ 4 10 19 21 23 31 33 50 51 55 61 66 67 68 ]
70: [ 22 26 48 50 57 58 72 ]
71: [ 12 49 55 58 66 ]
72: [ 28 53 70 ]
73: [ 8 30 34 40 46 47 53 ]
74: [ 3 14 33 49 58 ]
75: [ 30 34 ]
