1: [ 5 10 27 39 56 59 ]
2: [ 6 17 26 27 37 52 64 70 71 ]
3: [ 62 75 ]
4: [ 7 13 14 25 31 34 49 56 66 70 ]
5: [ 1 13 14 16 18 21 25 39 54 55 56 57 67 68 ]
6: [ 2 13 16 27 43 45 47 66 67 73 ]
7: [ 4 22 35 36 37 51 52 55 65 70 71 72 ]
8: [ 15 25 55 56 73 ]
9: [ 23 24 34 47 49 59 71 74 ]
10: [ 1 18 27 32 34 43 55 59 ]
11: [ 29 47 53 ]
12: [ 17 26 31 35 36 40 45 59 61 63 71 ]
13: [ 4 5 6 19 27 59 65 75 ]
14: [ 4 5 23 35 46 50 58 ]
15: [ 8 65 ]
16: [ 5 6 18 34 39 53 60 64 74 ]
17: [ 2 12 20 26 37 47 49 71 72 ]
18: [ 5 10 16 21 44 ]
19: [ 13 30 51 61 63 65 72 75 ]
20: [ 17 25 28 58 62 ]
21: [ 5 18 32 39 43 46 57 59 67 68 71 ]
22: [ 7 23 30 41 42 73 ]
23: [ 9 14 22 40 47 52 ]
24: [ 9 ]
25: [ 4 5 8 20 30 33 45 47 55 60 65 67 69 73 ]
26: [ 2 12 17 27 38 74 ]
27: [ 1 2 6 10 13 26 29 30 34 52 56 63 67 ]
28: [ 20 50 65 ]
29: [ 11 27 30 31 41 45 46 55 72 ]
30: [ 19 22 25 27 29 34 42 43 56 ]
31: [ 4 12 29 35 38 ]
32: [ 10 21 33 35 47 65 73 ]
33: [ 25 32 36 41 45 56 65 67 71 ]
34: [ 4 9 10 16 27 30 44 68 ]
35: [ 7 12 14 31 32 47 57 75 ]
36: [ 7 12 33 39 56 59 63 64 68 75 ]
37: [ 2 7 17 56 58 74 ]
38: [ 26 31 39 40 47 64 66 70 73 ]
39: [ 1 5 16 21 36 38 40 58 67 ]
40: [ 12 23 38 39 ]
41: [ 22 29 33 ]
42: [ 22 30 53 69 ]
43: [ 6 10 21 30 45 49 54 57 58 73 ]
44: [ 18 34 68 ]
45: [ 6 12 25 29 33 43 59 72 ]
46: [ 14 21 29 52 53 57 63 ]
47: [ 6 9 11 17 23 25 32 35 38 65 68 ]
48: [ 71 ]
49: [ 4 9 17 43 51 59 62 71 ]
50: [ 14 28 68 ]
51: [ 7 19 49 65 66 ]
52: [ 2 7 23 27 46 60 65 ]
53: [ 11 16 42 46 60 67 ]
54: [ 5 43 65 67 70 ]
55: [ 5 7 8 10 25 29 64 75 ]
56: [ 1 4 5 8 27 30 33 36 37 75 ]
57: [ 5 21 35 43 46 69 ]
58: [ 14 20 37 39 43 71 ]
59: [ 1 9 10 12 13 21 36 45 49 ]
60: [ 16 25 52 53 ]
61: [ 12 19 69 71 73 ]
62: [ 3 20 49 72 74 ]
63: [ 12 19 27 36 46 69 72 ]
64: [ 2 16 36 38 55 ]
65: [ 7 13 15 19 25 28 32 33 47 51 52 54 66 72 75 ]
66: [ 4 6 38 51 65 69 ]
67: [ 5 6 21 25 27 33 39 53 54 ]
68: [ 5 21 34 36 44 47 50 69 71 75 ]
69: [ 25 42 57 61 63 66 68 72 ]
70: [ 2 4 7 38 54 ]
71: [ 2 7 9 12 17 21 33 48 49 58 61 68 73 ]
72: [ 7 17 19 29 45 62 63 65 69 ]
73: [ 6 8 22 25 32 38 43 61 71 ]
74: [ 9 16 26 37 62 ]
75: [ 3 13 19 35 36 55 56 65 68 ]
