1: [ 8 10 17 18 39 40 45 47 52 60 ]
2: [ 17 24 35 45 58 69 72 74 ]
3: [ 7 8 9 13 19 39 44 53 68 ]
4: [ 7 13 27 29 37 42 45 48 54 65 72 74 ]
5: [ 6 7 24 29 36 69 70 ]
6: [ 5 18 26 36 49 53 70 ]
7: [ 3 4 5 8 37 45 62 64 68 72 73 ]
8: [ 1 3 7 12 18 38 40 42 45 72 ]
9: [ 3 63 ]
10: [ 1 12 28 45 67 69 74 ]
11: [ 26 33 54 66 68 72 ]
12: [ 8 10 23 30 42 49 50 51 60 ]
13: [ 3 4 18 20 26 38 52 56 67 ]
14: [ 33 34 38 42 63 67 69 75 ]
15: [ 21 27 32 37 44 50 51 55 56 ]
16: [ 24 49 57 67 ]
17: [ 1 2 20 26 31 33 39 47 59 65 70 ]
18: [ 1 6 8 13 29 40 43 52 59 ]
19: [ 3 59 ]
20: [ 13 17 49 51 61 65 ]
21: [ 15 23 25 35 39 43 49 52 53 61 ]
22: [ 57 66 ]
23: [ 12 21 33 52 54 60 ]
24: [ 2 5 16 27 34 44 ]
25: [ 21 50 63 ]
26: [ 6 11 13 17 28 30 42 71 ]
27: [ 4 15 24 33 46 64 ]
28: [ 10 26 46 ]
29: [ 4 5 18 32 38 42 47 66 68 74 75 ]
30: [ 12 26 49 63 68 ]
31: [ 17 ]
32: [ 15 29 36 49 ]
33: [ 11 14 17 23 27 39 51 60 61 72 ]
34: [ 14 24 38 46 47 48 50 69 ]
35: [ 2 21 44 45 47 48 49 68 74 ]
36: [ 5 6 32 44 45 46 49 54 57 66 ]
37: [ 4 7 15 40 68 ]
38: [ 8 13 14 29 34 45 ]
39: [ 1 3 17 21 33 44 45 53 58 70 ]
40: [ 1 8 18 37 43 45 52 54 55 64 66 ]
41: [ 49 51 53 74 ]
42: [ 4 8 12 14 26 29 67 69 71 73 ]
43: [ 18 21 40 56 63 65 67 ]
44: [ 3 15 24 35 36 39 52 53 54 56 57 ]
45: [ 1 2 4 7 8 10 35 36 38 39 40 47 50 59 72 73 ]
46: [ 27 28 34 36 47 59 67 72 ]
47: [ 1 17 29 34 35 45 46 52 57 ]
48: [ 4 34 35 67 70 ]
49: [ 6 12 16 20 21 30 32 35 36 41 55 62 69 ]
50: [ 12 15 25 34 45 54 ]
51: [ 12 15 20 33 41 52 57 58 61 65 68 73 ]
52: [ 1 13 18 21 23 40 44 47 51 53 58 64 66 67 ]
53: [ 3 6 21 39 41 44 52 66 ]
54: [ 4 11 23 36 40 44 50 ]
55: [ 15 40 49 72 ]
56: [ 13 15 43 44 71 72 ]
57: [ 16 22 36 44 47 51 72 74 ]
58: [ 2 39 51 52 74 ]
59: [ 17 18 19 45 46 60 65 71 ]
60: [ 1 12 23 33 59 66 ]
61: [ 20 21 33 51 63 ]
62: [ 7 49 ]
63: [ 9 14 25 30 43 61 72 ]
64: [ 7 27 40 52 66 67 72 75 ]
65: [ 4 17 20 43 51 59 73 ]
66: [ 11 22 29 36 40 52 53 60 64 67 74 ]
67: [ 10 13 14 16 42 43 46 48 52 64 66 ]
68: [ 3 7 11 29 30 35 37 51 ]
69: [ 2 5 10 14 34 42 49 ]
70: [ 5 6 17 39 48 ]
71: [ 26 42 56 59 ]
72: [ 2 4 7 8 11 33 45 46 55 56 57 63 64 74 ]
73: [ 7 42 45 51 65 ]
74: [ 2 4 10 29 35 41 57 58 66 72 ]
75: [ 14 29 64 ]
