1: [ 10 11 14 21 26 35 36 44 58 61 71 ]
2: [ 8 13 14 18 32 37 50 64 ]
3: [ 4 8 17 22 24 28 31 35 38 41 48 50 53 71 72 ]
4: [ 3 11 15 30 34 41 43 50 52 ]
5: [ 10 49 64 ]
6: [ 10 13 30 33 42 45 55 57 71 ]
7: [ 28 30 37 ]
8: [ 2 3 22 26 30 35 36 43 62 69 70 ]
9: [ 43 48 53 66 ]
10: [ 1 5 6 48 49 63 67 ]
11: [ 1 4 24 70 ]
12: [ 16 21 23 38 55 58 64 71 ]
13: [ 2 6 16 22 26 32 36 40 46 47 51 54 ]
14: [ 1 2 15 18 25 67 ]
15: [ 4 14 20 23 28 31 35 36 48 51 54 61 73 ]
16: [ 12 13 20 22 24 29 35 ]
17: [ 3 21 30 48 57 68 69 ]
18: [ 2 14 29 35 37 62 64 75 ]
19: [ 30 45 54 55 ]
20: [ 15 16 21 31 48 50 56 58 70 ]
21: [ 1 12 17 20 24 26 29 30 41 42 44 51 70 ]
22: [ 3 8 13 16 50 62 ]
23: [ 12 15 35 41 58 68 70 75 ]
24: [ 3 11 16 21 36 42 50 58 59 61 ]
25: [ 14 43 55 ]
26: [ 1 8 13 21 33 34 47 51 67 70 ]
27: [ 29 30 43 56 65 73 ]
28: [ 3 7 15 49 51 55 70 ]
29: [ 16 18 21 27 54 ]
30: [ 4 6 7 8 17 19 21 27 31 48 56 ]
31: [ 3 15 20 30 36 38 43 45 55 71 ]
32: [ 2 13 46 48 51 58 ]
33: [ 6 26 37 47 50 73 ]
34: [ 4 26 46 57 62 73 ]
35: [ 1 3 8 15 16 18 23 36 37 41 67 70 72 ]
36: [ 1 8 13 15 24 31 35 37 40 45 50 59 ]
37: [ 2 7 18 33 35 36 51 69 ]
38: [ 3 12 31 40 44 46 54 55 62 ]
39: [ 42 71 74 ]
40: [ 13 36 38 51 52 67 ]
41: [ 3 4 21 23 35 45 46 47 63 ]
42: [ 6 21 24 39 43 45 46 63 ]
43: [ 4 8 9 25 27 31 42 47 49 53 63 74 ]
44: [ 1 21 38 52 ]
45: [ 6 19 31 36 41 42 55 ]
46: [ 13 32 34 38 41 42 63 67 ]
47: [ 13 26 33 41 43 75 ]
48: [ 3 9 10 15 17 20 30 32 55 60 68 73 ]
49: [ 5 10 28 43 54 59 ]
50: [ 2 3 4 20 22 24 33 36 51 52 58 64 70 73 ]
51: [ 13 15 21 26 28 32 37 40 50 53 60 72 ]
52: [ 4 40 44 50 54 60 67 69 ]
53: [ 3 9 43 51 64 66 70 74 ]
54: [ 13 15 19 29 38 49 52 ]
55: [ 6 12 19 25 28 31 38 45 48 ]
56: [ 20 27 30 66 ]
57: [ 6 17 34 ]
58: [ 1 12 20 23 24 32 50 ]
59: [ 24 36 49 63 70 ]
60: [ 48 51 52 73 ]
61: [ 1 15 24 72 ]
62: [ 8 18 22 34 38 71 75 ]
63: [ 10 41 42 43 46 59 64 65 67 69 74 ]
64: [ 2 5 12 18 50 53 63 71 ]
65: [ 27 63 ]
66: [ 9 53 56 70 ]
67: [ 10 14 26 35 40 46 52 63 69 71 73 ]
68: [ 17 23 48 ]
69: [ 8 17 37 52 63 67 75 ]
70: [ 8 11 20 21 23 26 28 35 50 53 59 66 ]
71: [ 1 3 6 12 31 39 62 64 67 ]
72: [ 3 35 51 61 ]
73: [ 15 27 33 34 48 50 60 67 ]
74: [ 39 43 53 63 ]
75: [ 18 23 47 62 69 ]
