1: [ 13 31 32 35 38 46 48 71 ]
2: [ 9 37 65 ]
3: [ 12 13 17 22 27 50 ]
4: [ 47 51 62 65 ]
5: [ 23 37 40 62 ]
6: [ 7 11 20 24 50 58 66 68 ]
7: [ 6 8 17 34 ]
8: [ 7 15 46 65 68 ]
9: [ 2 16 35 39 48 49 50 51 75 ]
10: [ 26 35 48 63 67 68 ]
11: [ 6 27 32 33 35 48 54 64 66 67 73 ]
12: [ 3 14 17 28 30 33 42 44 55 56 58 67 68 ]
13: [ 1 3 14 39 51 64 ]
14: [ 12 13 20 34 40 70 75 ]
15: [ 8 32 47 49 66 68 70 ]
16: [ 9 18 25 31 44 73 ]
17: [ 3 7 12 23 69 ]
18: [ 16 22 34 40 44 54 ]
19: [ 46 59 70 73 ]
20: [ 6 14 32 35 39 40 61 69 70 71 ]
21: [ 23 28 32 51 57 75 ]
22: [ 3 18 28 29 30 37 39 45 46 62 ]
23: [ 5 17 21 24 27 38 40 42 48 68 ]
24: [ 6 23 35 36 46 51 52 63 65 67 68 ]
25: [ 16 30 33 44 45 52 53 59 61 64 71 ]
26: [ 10 28 33 34 43 47 64 73 ]
27: [ 3 11 23 52 55 60 62 68 ]
28: [ 12 21 22 26 34 35 53 64 75 ]
29: [ 22 35 37 40 41 54 ]
30: [ 12 22 25 34 40 41 42 43 49 53 63 67 ]
31: [ 1 16 39 40 41 44 51 70 ]
32: [ 1 11 15 20 21 34 41 55 74 ]
33: [ 11 12 25 26 40 73 ]
34: [ 7 14 18 26 28 30 32 36 39 40 57 58 ]
35: [ 1 9 10 11 20 24 28 29 46 74 ]
36: [ 24 34 39 61 66 ]
37: [ 2 5 22 29 43 54 57 61 64 ]
38: [ 1 23 45 46 64 65 ]
39: [ 9 13 20 22 31 34 36 40 41 42 48 52 58 61 75 ]
40: [ 5 14 18 20 23 29 30 31 33 34 39 44 53 56 60 ]
41: [ 29 30 31 32 39 51 58 65 66 68 ]
42: [ 12 23 30 39 43 54 56 65 ]
43: [ 26 30 37 42 49 67 68 ]
44: [ 12 16 18 25 31 40 ]
45: [ 22 25 38 46 62 68 ]
46: [ 1 8 19 22 24 35 38 45 48 54 73 74 ]
47: [ 4 15 26 ]
48: [ 1 9 10 11 23 39 46 50 54 58 64 74 ]
49: [ 9 15 30 43 75 ]
50: [ 3 6 9 48 53 ]
51: [ 4 9 13 21 24 31 41 52 75 ]
52: [ 24 25 27 39 51 57 ]
53: [ 25 28 30 40 50 55 68 73 ]
54: [ 11 18 29 37 42 46 48 62 70 ]
55: [ 12 27 32 53 59 69 74 ]
56: [ 12 40 42 59 66 ]
57: [ 21 34 37 52 75 ]
58: [ 6 12 34 39 41 48 74 ]
59: [ 19 25 55 56 ]
60: [ 27 40 71 ]
61: [ 20 25 36 37 39 71 ]
62: [ 4 5 22 27 45 54 63 73 ]
63: [ 10 24 30 62 73 ]
64: [ 11 13 25 26 28 37 38 48 65 67 74 ]
65: [ 2 4 8 24 38 41 42 64 71 72 ]
66: [ 6 11 15 36 41 56 73 ]
67: [ 10 11 12 24 30 43 64 70 ]
68: [ 6 8 10 12 15 23 24 27 41 43 45 53 ]
69: [ 17 20 55 75 ]
70: [ 14 15 19 20 31 54 67 ]
71: [ 1 20 25 60 61 65 ]
72: [ 65 ]
73: [ 11 16 19 26 33 46 53 62 63 66 ]
74: [ 32 35 46 48 55 58 64 ]
75: [ 9 14 21 28 39 49 51 57 69 ]
