1: [ 6 12 15 29 48 66 ]
2: [ 20 29 31 34 37 52 61 67 ]
3: [ 15 44 62 63 74 ]
4: [ 20 23 24 26 32 75 ]
5: [ 10 20 24 25 26 37 42 44 56 60 63 67 72 ]
6: [ 1 11 14 19 22 31 32 35 44 60 66 ]
7: [ 14 21 23 25 40 43 45 54 58 67 71 ]
8: [ 11 12 17 21 39 64 74 ]
9: [ 13 20 24 41 59 62 67 73 74 ]
10: [ 5 13 19 43 50 51 64 72 ]
11: [ 6 8 14 17 20 22 28 35 47 48 60 70 75 ]
12: [ 1 8 20 25 32 43 49 57 ]
13: [ 9 10 14 21 22 23 24 29 36 39 53 62 67 ]
14: [ 6 7 11 13 29 39 44 58 67 74 ]
15: [ 1 3 16 21 46 56 65 74 ]
16: [ 15 19 34 45 57 69 70 74 ]
17: [ 8 11 22 25 26 44 45 56 63 72 ]
18: [ 21 39 45 60 68 ]
19: [ 6 10 16 27 35 49 72 ]
20: [ 2 4 5 9 11 12 23 25 26 38 41 54 64 66 73 ]
21: [ 7 8 13 15 18 26 51 54 55 61 65 66 ]
22: [ 6 11 13 17 33 43 74 75 ]
23: [ 4 7 13 20 25 34 35 38 45 53 61 69 ]
24: [ 4 5 9 13 29 34 54 58 70 72 ]
25: [ 5 7 12 17 20 23 26 39 71 72 ]
26: [ 4 5 17 20 21 25 27 31 44 50 63 67 ]
27: [ 19 26 33 60 67 68 71 73 ]
28: [ 11 33 38 39 40 47 50 55 63 68 ]
29: [ 1 2 13 14 24 40 45 47 54 60 62 67 ]
30: [ 40 42 44 55 60 ]
31: [ 2 6 26 32 41 44 55 59 65 67 72 ]
32: [ 4 6 12 31 34 57 70 ]
33: [ 22 27 28 35 48 ]
34: [ 2 16 23 24 32 38 42 60 61 ]
35: [ 6 11 19 23 33 55 65 66 74 ]
36: [ 13 41 61 65 71 ]
37: [ 2 5 39 52 59 60 ]
38: [ 20 23 28 34 44 53 59 60 62 ]
39: [ 8 13 14 18 25 28 37 62 66 67 ]
40: [ 7 28 29 30 43 44 62 63 74 75 ]
41: [ 9 20 31 36 55 59 61 62 72 73 74 ]
42: [ 5 30 34 45 50 55 62 64 66 71 74 ]
43: [ 7 10 12 22 40 54 75 ]
44: [ 3 5 6 14 17 26 30 31 38 40 49 73 ]
45: [ 7 16 17 18 23 29 42 50 64 ]
46: [ 15 51 68 69 ]
47: [ 11 28 29 51 62 68 ]
48: [ 1 11 33 ]
49: [ 12 19 44 60 65 ]
50: [ 10 26 28 42 45 58 65 74 ]
51: [ 10 21 46 47 66 71 ]
52: [ 2 37 75 ]
53: [ 13 23 38 55 ]
54: [ 7 20 21 24 29 43 74 ]
55: [ 21 28 30 31 35 41 42 53 57 60 67 71 ]
56: [ 5 15 17 64 68 73 ]
57: [ 12 16 32 55 63 ]
58: [ 7 14 24 50 65 67 ]
59: [ 9 31 37 38 41 70 ]
60: [ 5 6 11 18 27 29 30 34 37 38 49 55 64 ]
61: [ 2 21 23 34 36 41 62 ]
62: [ 3 9 13 29 38 39 40 41 42 47 61 67 ]
63: [ 3 5 17 26 28 40 57 68 ]
64: [ 8 10 20 42 45 56 60 71 73 ]
65: [ 15 21 31 35 36 49 50 58 73 74 ]
66: [ 1 6 20 21 35 39 42 51 ]
67: [ 2 5 7 9 13 14 26 27 29 31 39 55 58 62 68 ]
68: [ 18 27 28 46 47 56 63 67 69 71 ]
69: [ 16 23 46 68 70 ]
70: [ 11 16 24 32 59 69 ]
71: [ 7 25 27 36 42 51 55 64 68 ]
72: [ 5 10 17 19 24 25 31 41 ]
73: [ 9 20 27 41 44 56 64 65 ]
74: [ 3 8 9 14 15 16 22 35 40 41 42 50 54 65 ]
75: [ 4 11 22 40 43 52 ]
