1: [ 16 41 42 52 67 75 ]
2: [ 16 21 26 54 70 ]
3: [ 23 34 40 44 50 74 ]
4: [ 30 ]
5: [ 25 33 40 47 67 71 ]
6: [ 7 12 27 53 56 68 ]
7: [ 6 27 30 36 52 57 68 71 ]
8: [ 11 23 28 32 60 ]
9: [ 15 29 38 55 60 ]
10: [ 32 34 41 46 65 ]
11: [ 8 13 16 25 29 36 39 50 67 71 75 ]
12: [ 6 21 45 57 ]
13: [ 11 25 29 32 35 48 50 51 60 62 ]
14: [ 20 24 25 30 60 61 72 ]
15: [ 9 22 23 43 45 51 53 54 69 75 ]
16: [ 1 2 11 25 35 38 51 64 67 71 ]
17: [ 20 35 39 42 46 48 51 56 59 63 68 70 71 ]
18: [ 25 27 35 47 51 59 67 ]
19: [ 54 60 71 74 ]
20: [ 14 17 21 27 30 33 45 50 51 54 68 ]
21: [ 2 12 20 27 37 46 55 68 ]
22: [ 15 23 42 55 73 ]
23: [ 3 8 15 22 54 56 60 ]
24: [ 14 32 40 41 61 71 ]
25: [ 5 11 13 14 16 18 32 43 45 48 50 51 65 ]
26: [ 2 41 46 55 56 60 61 72 ]
27: [ 6 7 18 20 21 28 34 53 61 62 66 ]
28: [ 8 27 35 36 37 71 ]
29: [ 9 11 13 38 41 51 62 65 67 75 ]
30: [ 4 7 14 20 42 44 48 54 56 61 73 74 ]
31: [ 37 46 51 61 62 65 71 ]
32: [ 8 10 13 24 25 35 40 47 62 66 70 ]
33: [ 5 20 34 38 40 42 44 ]
34: [ 3 10 27 33 36 46 65 68 69 ]
35: [ 13 16 17 18 28 32 41 59 73 ]
36: [ 7 11 28 34 45 50 55 66 68 69 ]
37: [ 21 28 31 40 72 73 ]
38: [ 9 16 29 33 45 46 51 54 62 ]
39: [ 11 17 65 ]
40: [ 3 5 24 32 33 37 48 68 74 ]
41: [ 1 10 24 26 29 35 44 50 52 60 73 ]
42: [ 1 17 22 30 33 45 52 73 ]
43: [ 15 25 50 66 ]
44: [ 3 30 33 41 48 61 62 65 68 69 ]
45: [ 12 15 20 25 36 38 42 48 50 72 ]
46: [ 10 17 21 26 31 34 38 48 ]
47: [ 5 18 32 70 71 75 ]
48: [ 13 17 25 30 40 44 45 46 62 64 ]
49: [ 65 66 73 ]
50: [ 3 11 13 20 25 36 41 43 45 54 64 65 68 71 73 74 ]
51: [ 13 15 16 17 18 20 25 29 31 38 61 ]
52: [ 1 7 41 42 66 67 ]
53: [ 6 15 27 61 62 68 ]
54: [ 2 15 19 20 23 30 38 50 55 60 65 ]
55: [ 9 21 22 26 36 54 ]
56: [ 6 17 23 26 30 67 70 75 ]
57: [ 7 12 ]
58: [ ]
59: [ 17 18 35 60 64 ]
60: [ 8 9 13 14 19 23 26 41 54 59 67 ]
61: [ 14 24 26 27 30 31 44 51 53 64 70 ]
62: [ 13 27 29 31 32 38 44 48 53 64 65 68 72 ]
63: [ 17 70 ]
64: [ 16 48 50 59 61 62 70 71 73 ]
65: [ 10 25 29 31 34 39 44 49 50 54 62 73 ]
66: [ 27 32 36 43 49 52 ]
67: [ 1 5 11 16 18 29 52 56 60 70 ]
68: [ 6 7 17 20 21 34 36 40 44 50 53 62 74 75 ]
69: [ 15 34 36 44 ]
70: [ 2 17 32 47 56 61 63 64 67 ]
71: [ 5 7 11 16 17 19 24 28 31 47 50 64 ]
72: [ 14 26 37 45 62 ]
73: [ 22 30 35 37 41 42 49 50 64 65 ]
74: [ 3 19 30 40 50 68 ]
75: [ 1 11 15 29 47 56 68 ]
