1: [ 2 3 10 11 13 22 23 29 30 37 45 50 53 57 ]
2: [ 1 9 21 22 29 36 37 41 49 53 65 ]
3: [ 1 50 54 68 69 72 ]
4: [ 11 14 31 36 42 51 52 63 66 67 72 73 ]
5: [ 11 13 14 17 20 41 44 47 66 ]
6: [ 35 61 68 ]
7: [ 22 25 27 32 39 66 73 ]
8: [ 14 15 26 54 59 74 ]
9: [ 2 18 37 39 41 46 48 70 72 ]
10: [ 1 29 54 69 73 ]
11: [ 1 4 5 15 27 38 44 45 48 52 60 61 ]
12: [ 23 50 54 55 63 69 71 ]
13: [ 1 5 16 31 32 36 37 62 73 ]
14: [ 4 5 8 35 37 49 52 54 59 71 74 ]
15: [ 8 11 19 29 36 54 55 62 66 68 70 74 ]
16: [ 13 42 47 50 52 63 ]
17: [ 5 24 30 32 35 56 63 ]
18: [ 9 24 40 46 50 51 53 55 57 60 70 71 ]
19: [ 15 22 23 33 38 51 ]
20: [ 5 39 44 ]
21: [ 2 36 41 42 50 55 59 61 ]
22: [ 1 2 7 19 48 52 57 67 ]
23: [ 1 12 19 35 42 45 48 55 60 ]
24: [ 17 18 42 ]
25: [ 7 27 35 44 70 ]
26: [ 8 45 46 48 57 61 62 ]
27: [ 7 11 25 45 53 57 66 69 ]
28: [ 59 67 70 ]
29: [ 1 2 10 15 32 35 50 57 69 ]
30: [ 1 17 44 49 59 65 ]
31: [ 4 13 34 38 43 52 59 ]
32: [ 7 13 17 29 37 39 40 43 44 52 65 71 74 ]
33: [ 19 67 ]
34: [ 31 39 44 55 57 69 73 75 ]
35: [ 6 14 17 23 25 29 38 41 43 54 56 ]
36: [ 2 4 13 15 21 42 64 65 ]
37: [ 1 2 9 13 14 32 39 47 56 71 ]
38: [ 11 19 31 35 41 42 44 54 62 66 75 ]
39: [ 7 9 20 32 34 37 41 44 52 56 61 64 68 75 ]
40: [ 18 32 45 52 64 65 70 74 ]
41: [ 2 5 9 21 35 38 39 70 ]
42: [ 4 16 21 23 24 36 38 45 55 57 63 74 ]
43: [ 31 32 35 63 75 ]
44: [ 5 11 20 25 30 32 34 38 39 53 65 66 69 73 ]
45: [ 1 11 23 26 27 40 42 51 66 67 70 74 ]
46: [ 9 18 26 59 66 ]
47: [ 5 16 37 51 54 62 ]
48: [ 9 11 22 23 26 49 54 55 56 58 66 74 ]
49: [ 2 14 30 48 65 75 ]
50: [ 1 3 12 16 18 21 29 59 70 ]
51: [ 4 18 19 45 47 54 55 57 ]
52: [ 4 11 14 16 22 31 32 39 40 71 ]
53: [ 1 2 18 27 44 74 ]
54: [ 3 8 10 12 14 15 35 38 47 48 51 ]
55: [ 12 15 18 21 23 34 42 48 51 58 65 72 ]
56: [ 17 35 37 39 48 60 63 72 ]
57: [ 1 18 22 26 27 29 34 42 51 67 ]
58: [ 48 55 67 ]
59: [ 8 14 21 28 30 31 46 50 65 70 ]
60: [ 11 18 23 56 63 66 75 ]
61: [ 6 11 21 26 39 62 63 ]
62: [ 13 15 26 38 47 61 ]
63: [ 4 12 16 17 42 43 56 60 61 ]
64: [ 36 39 40 67 68 74 ]
65: [ 2 30 32 36 40 44 49 55 59 66 72 ]
66: [ 4 5 7 15 27 38 44 45 46 48 60 65 68 ]
67: [ 4 22 28 33 45 57 58 64 70 74 ]
68: [ 3 6 15 39 64 66 ]
69: [ 3 10 12 27 29 34 44 72 73 74 ]
70: [ 9 15 18 25 28 40 41 45 50 59 67 73 ]
71: [ 12 14 18 32 37 52 74 ]
72: [ 3 4 9 55 56 65 69 75 ]
73: [ 4 7 10 13 34 44 69 70 ]
74: [ 8 14 15 32 40 42 45 48 53 64 67 69 71 ]
75: [ 34 38 39 43 49 60 72 ]
