1: [ 20 27 39 41 62 70 ]
2: [ 27 28 45 49 54 ]
3: [ 11 15 20 37 43 72 ]
4: [ 6 21 23 32 49 55 ]
5: [ 7 13 21 29 59 72 75 ]
6: [ 4 11 14 26 28 50 55 62 ]
7: [ 5 22 24 26 31 36 54 63 75 ]
8: [ 9 35 37 39 58 66 ]
9: [ 8 14 42 44 51 58 74 ]
10: [ 17 31 39 40 41 50 52 59 61 62 66 73 ]
11: [ 3 6 16 21 26 34 35 60 ]
12: [ 26 31 36 46 48 50 56 57 62 66 72 ]
13: [ 5 19 24 67 73 ]
14: [ 6 9 24 30 51 53 58 64 66 70 71 ]
15: [ 3 16 17 22 36 39 42 44 55 57 62 67 ]
16: [ 11 15 18 24 32 42 45 54 60 71 75 ]
17: [ 10 15 22 23 34 43 44 48 ]
18: [ 16 31 32 36 39 40 41 51 54 55 ]
19: [ 13 28 31 45 52 68 72 ]
20: [ 1 3 27 33 35 52 53 65 66 ]
21: [ 4 5 11 26 34 55 63 ]
22: [ 7 15 17 26 33 45 49 55 65 ]
23: [ 4 17 37 55 57 58 60 70 73 ]
24: [ 7 13 14 16 25 34 48 60 69 ]
25: [ 24 48 63 72 75 ]
26: [ 6 7 11 12 21 22 39 ]
27: [ 1 2 20 ]
28: [ 2 6 19 37 42 43 59 65 ]
29: [ 5 34 43 44 51 63 71 74 75 ]
30: [ 14 39 46 53 56 59 63 65 ]
31: [ 7 10 12 18 19 37 41 42 73 ]
32: [ 4 16 18 34 58 61 ]
33: [ 20 22 42 47 48 69 ]
34: [ 11 17 21 24 29 32 60 63 66 73 ]
35: [ 8 11 20 37 46 57 74 ]
36: [ 7 12 15 18 40 53 67 68 ]
37: [ 3 8 23 28 31 35 45 47 54 57 61 ]
38: [ 62 65 ]
39: [ 1 8 10 15 18 26 30 45 60 63 69 72 ]
40: [ 10 18 36 47 50 52 63 74 ]
41: [ 1 10 18 31 46 47 56 59 62 64 72 ]
42: [ 9 15 16 28 31 33 65 72 74 ]
43: [ 3 17 28 29 62 ]
44: [ 9 15 17 29 46 47 52 62 ]
45: [ 2 16 19 22 37 39 48 65 ]
46: [ 12 30 35 41 44 48 57 64 70 71 ]
47: [ 33 37 40 41 44 63 ]
48: [ 12 17 24 25 33 45 46 51 52 60 62 ]
49: [ 2 4 22 66 74 ]
50: [ 6 10 12 40 65 70 71 73 ]
51: [ 9 14 18 29 48 54 58 62 71 ]
52: [ 10 19 20 40 44 48 ]
53: [ 14 20 30 36 73 ]
54: [ 2 7 16 18 37 51 63 65 ]
55: [ 4 6 15 18 21 22 23 ]
56: [ 12 30 41 61 ]
57: [ 12 15 23 35 37 46 60 ]
58: [ 8 9 14 23 32 51 63 71 ]
59: [ 5 10 28 30 41 60 61 ]
60: [ 11 16 23 24 34 39 48 57 59 63 64 ]
61: [ 10 32 37 56 59 67 74 ]
62: [ 1 6 10 12 15 38 41 43 44 48 51 71 ]
63: [ 7 21 25 29 30 34 39 40 47 54 58 60 68 ]
64: [ 14 41 46 60 71 ]
65: [ 20 22 28 30 38 42 45 50 54 68 ]
66: [ 8 10 12 14 20 34 49 71 ]
67: [ 13 15 36 61 69 71 ]
68: [ 19 36 63 65 ]
69: [ 24 33 39 67 71 72 ]
70: [ 1 14 23 46 50 ]
71: [ 14 16 29 46 50 51 58 62 64 66 67 69 ]
72: [ 3 5 12 19 25 39 41 42 69 73 ]
73: [ 10 13 23 31 34 50 53 72 ]
74: [ 9 29 35 40 42 49 61 ]
75: [ 5 7 16 25 29 ]
