1: [ 15 33 36 40 45 47 50 64 72 ]
2: [ 17 31 34 37 39 40 54 60 65 66 73 ]
3: [ 12 22 29 32 55 58 65 69 ]
4: [ 11 17 25 37 43 73 74 ]
5: [ 13 25 29 33 44 45 67 ]
6: [ 10 11 17 19 24 29 30 35 41 45 55 ]
7: [ 14 16 26 43 52 60 67 69 ]
8: [ 20 29 56 60 66 71 ]
9: [ 30 33 51 66 ]
10: [ 6 30 34 45 57 58 61 ]
11: [ 4 6 23 31 44 60 71 72 ]
12: [ 3 24 25 31 42 53 ]
13: [ 5 14 17 18 25 28 29 41 43 52 53 57 67 71 ]
14: [ 7 13 17 24 35 39 50 56 66 72 75 ]
15: [ 1 45 53 ]
16: [ 7 17 42 ]
17: [ 2 4 6 13 14 16 27 42 50 54 55 69 ]
18: [ 13 34 51 ]
19: [ 6 31 43 53 ]
20: [ 8 27 35 37 43 44 66 69 72 ]
21: [ 23 25 42 58 59 64 68 ]
22: [ 3 24 25 53 62 64 66 ]
23: [ 11 21 32 38 47 60 67 ]
24: [ 6 12 14 22 26 50 75 ]
25: [ 4 5 12 13 21 22 34 36 48 53 59 ]
26: [ 7 24 47 63 67 73 ]
27: [ 17 20 33 41 46 61 62 ]
28: [ 13 35 39 51 58 63 67 ]
29: [ 3 5 6 8 13 44 59 69 71 74 ]
30: [ 6 9 10 31 52 64 70 75 ]
31: [ 2 11 12 19 30 53 58 69 72 ]
32: [ 3 23 66 ]
33: [ 1 5 9 27 34 51 59 74 ]
34: [ 2 10 18 25 33 37 57 61 ]
35: [ 6 14 20 28 37 44 66 74 ]
36: [ 1 25 37 53 ]
37: [ 2 4 20 34 35 36 41 43 47 57 60 ]
38: [ 23 43 57 62 64 67 73 74 75 ]
39: [ 2 14 28 40 48 58 ]
40: [ 1 2 39 44 ]
41: [ 6 13 27 37 62 68 ]
42: [ 12 16 17 21 64 ]
43: [ 4 7 13 19 20 37 38 51 73 ]
44: [ 5 11 20 29 35 40 62 67 68 ]
45: [ 1 5 6 10 15 65 ]
46: [ 27 51 53 74 ]
47: [ 1 23 26 37 73 ]
48: [ 25 39 57 60 69 75 ]
49: [ 57 61 62 64 ]
50: [ 1 14 17 24 54 67 72 ]
51: [ 9 18 28 33 43 46 55 ]
52: [ 7 13 30 60 ]
53: [ 12 13 15 19 22 25 31 36 46 ]
54: [ 2 17 50 69 ]
55: [ 3 6 17 51 67 72 ]
56: [ 8 14 ]
57: [ 10 13 34 37 38 48 49 66 ]
58: [ 3 10 21 28 31 39 71 ]
59: [ 21 25 29 33 72 74 ]
60: [ 2 7 8 11 23 37 48 52 61 62 65 71 ]
61: [ 10 27 34 49 60 67 73 ]
62: [ 22 27 38 41 44 49 60 ]
63: [ 26 28 ]
64: [ 1 21 22 30 38 42 49 74 ]
65: [ 2 3 45 60 66 ]
66: [ 2 8 9 14 20 22 32 35 57 65 73 ]
67: [ 5 7 13 23 26 28 38 44 50 55 61 72 ]
68: [ 21 41 44 ]
69: [ 3 7 17 20 29 31 48 54 73 75 ]
70: [ 30 74 ]
71: [ 8 11 13 29 58 60 ]
72: [ 1 11 14 20 31 50 55 59 67 ]
73: [ 2 4 26 38 43 47 61 66 69 ]
74: [ 4 29 33 35 38 46 59 64 70 ]
75: [ 14 24 30 38 48 69 ]
