1: [ 7 22 23 25 28 30 31 44 45 52 ]
2: [ 25 36 41 43 45 49 57 61 ]
3: [ 6 31 32 36 43 66 69 ]
4: [ 16 20 27 31 35 46 52 59 ]
5: [ 7 8 13 18 26 36 60 67 71 ]
6: [ 3 10 19 43 48 55 68 ]
7: [ 1 5 29 ]
8: [ 5 25 61 72 ]
9: [ 33 35 36 52 60 72 ]
10: [ 6 26 53 ]
11: [ 14 16 17 24 34 40 48 50 68 70 71 72 75 ]
12: [ 26 27 60 ]
13: [ 5 38 62 ]
14: [ 11 25 32 48 72 ]
15: [ 66 ]
16: [ 4 11 24 28 31 45 54 61 64 70 72 73 ]
17: [ 11 22 51 54 57 60 ]
18: [ 5 21 27 29 37 48 53 62 74 ]
19: [ 6 20 23 57 72 ]
20: [ 4 19 31 32 60 ]
21: [ 18 41 47 ]
22: [ 1 17 25 31 37 38 48 50 60 67 73 ]
23: [ 1 19 55 61 63 ]
24: [ 11 16 42 55 57 63 71 ]
25: [ 1 2 8 14 22 31 33 35 38 42 47 48 52 58 66 72 ]
26: [ 5 10 12 28 44 48 60 61 ]
27: [ 4 12 18 28 29 41 65 71 ]
28: [ 1 16 26 27 35 43 54 59 66 67 74 75 ]
29: [ 7 18 27 33 41 51 60 61 62 64 67 71 73 ]
30: [ 1 36 37 43 55 61 ]
31: [ 1 3 4 16 20 22 25 37 45 55 58 71 73 74 ]
32: [ 3 14 20 46 53 69 ]
33: [ 9 25 29 41 44 53 70 73 ]
34: [ 11 44 61 72 ]
35: [ 4 9 25 28 36 59 ]
36: [ 2 3 5 9 30 35 ]
37: [ 18 22 30 31 49 50 67 ]
38: [ 13 22 25 48 ]
39: [ 40 70 71 ]
40: [ 11 39 50 55 ]
41: [ 2 21 27 29 33 43 47 48 53 54 56 58 67 74 ]
42: [ 24 25 63 ]
43: [ 2 3 6 28 30 41 56 58 61 62 67 ]
44: [ 1 26 33 34 57 61 ]
45: [ 1 2 16 31 47 51 62 68 ]
46: [ 4 32 50 54 74 ]
47: [ 21 25 41 45 51 63 68 70 73 75 ]
48: [ 6 11 14 18 22 25 26 38 41 51 57 75 ]
49: [ 2 37 ]
50: [ 11 22 37 40 46 59 66 72 ]
51: [ 17 29 45 47 48 67 73 ]
52: [ 1 4 9 25 ]
53: [ 10 18 32 33 41 55 57 73 ]
54: [ 16 17 28 41 46 65 69 ]
55: [ 6 23 24 30 31 40 53 58 61 70 75 ]
56: [ 41 43 60 73 ]
57: [ 2 17 19 24 44 48 53 68 ]
58: [ 25 31 41 43 55 62 66 68 ]
59: [ 4 28 35 50 62 71 ]
60: [ 5 9 12 17 20 22 26 29 56 61 62 ]
61: [ 2 8 16 23 26 29 30 34 43 44 55 60 67 70 74 ]
62: [ 13 18 29 43 45 58 59 60 64 65 67 74 ]
63: [ 23 24 42 47 ]
64: [ 16 29 62 73 75 ]
65: [ 27 54 62 67 ]
66: [ 3 15 25 28 50 58 ]
67: [ 5 22 28 29 37 41 43 51 61 62 65 69 71 73 ]
68: [ 6 11 45 47 57 58 69 73 ]
69: [ 3 32 54 67 68 ]
70: [ 11 16 33 39 47 55 61 ]
71: [ 5 11 24 27 29 31 39 59 67 75 ]
72: [ 8 9 11 14 16 19 25 34 50 ]
73: [ 16 22 29 31 33 47 51 53 56 64 67 68 ]
74: [ 18 28 31 41 46 61 62 ]
75: [ 11 28 47 48 55 64 71 ]
