1: [ 3 6 40 44 48 59 61 69 ]
2: [ 13 14 30 36 52 63 ]
3: [ 1 5 12 14 49 56 61 63 66 67 75 ]
4: [ 9 16 20 22 35 47 50 74 ]
5: [ 3 7 27 43 51 56 59 60 69 ]
6: [ 1 8 14 16 19 28 34 45 46 48 66 67 ]
7: [ 5 14 15 18 23 24 32 69 74 ]
8: [ 6 11 21 22 47 50 53 62 71 74 ]
9: [ 4 18 29 30 42 43 56 57 59 64 67 70 ]
10: [ 19 25 30 31 43 45 50 55 69 72 ]
11: [ 8 27 32 34 43 44 55 62 63 70 ]
12: [ 3 14 22 24 38 49 55 61 67 ]
13: [ 2 33 61 ]
14: [ 2 3 6 7 12 17 23 34 45 47 52 70 ]
15: [ 7 25 54 60 68 ]
16: [ 4 6 30 38 42 45 50 58 ]
17: [ 14 21 38 46 50 60 ]
18: [ 7 9 25 40 42 50 60 68 74 75 ]
19: [ 6 10 29 48 57 68 75 ]
20: [ 4 69 ]
21: [ 8 17 24 28 29 ]
22: [ 4 8 12 24 27 59 61 63 70 72 ]
23: [ 7 14 24 28 30 53 56 63 70 74 ]
24: [ 7 12 21 22 23 32 45 52 67 69 ]
25: [ 10 15 18 27 46 64 ]
26: [ 38 49 54 ]
27: [ 5 11 22 25 33 42 46 56 62 64 65 67 ]
28: [ 6 21 23 30 35 59 ]
29: [ 9 19 21 48 51 60 ]
30: [ 2 9 10 16 23 28 41 48 49 59 70 ]
31: [ 10 35 48 74 ]
32: [ 7 11 24 44 50 62 63 69 ]
33: [ 13 27 39 40 58 70 ]
34: [ 6 11 14 39 40 45 47 50 60 63 ]
35: [ 4 28 31 51 62 68 70 ]
36: [ 2 37 48 56 59 61 67 ]
37: [ 36 41 43 64 ]
38: [ 12 16 17 26 46 54 62 74 ]
39: [ 33 34 40 41 49 70 ]
40: [ 1 18 33 34 39 74 ]
41: [ 30 37 39 57 66 ]
42: [ 9 16 18 27 50 58 61 ]
43: [ 5 9 10 11 37 54 68 72 73 ]
44: [ 1 11 32 57 59 ]
45: [ 6 10 14 16 24 34 48 55 64 66 67 68 71 ]
46: [ 6 17 25 27 38 47 54 71 73 ]
47: [ 4 8 14 34 46 ]
48: [ 1 6 19 29 30 31 36 45 50 67 75 ]
49: [ 3 12 26 30 39 51 61 ]
50: [ 4 8 10 16 17 18 32 34 42 48 68 ]
51: [ 5 29 35 49 52 59 ]
52: [ 2 14 24 51 55 ]
53: [ 8 23 54 66 ]
54: [ 15 26 38 43 46 53 67 ]
55: [ 10 11 12 45 52 ]
56: [ 3 5 9 23 27 36 ]
57: [ 9 19 41 44 75 ]
58: [ 16 33 42 59 68 ]
59: [ 1 5 9 22 28 30 36 44 51 58 61 ]
60: [ 5 15 17 18 29 34 61 64 66 68 74 ]
61: [ 1 3 12 13 22 36 42 49 59 60 ]
62: [ 8 11 27 32 35 38 73 74 ]
63: [ 2 3 11 22 23 32 34 ]
64: [ 9 25 27 37 45 60 66 ]
65: [ 27 68 73 ]
66: [ 3 6 41 45 53 60 64 67 69 ]
67: [ 3 6 9 12 24 27 36 45 48 54 66 70 ]
68: [ 15 18 19 35 43 45 50 58 60 65 70 ]
69: [ 1 5 7 10 20 24 32 66 ]
70: [ 9 11 14 22 23 30 33 35 39 67 68 74 ]
71: [ 8 45 46 ]
72: [ 10 22 43 74 ]
73: [ 43 46 62 65 ]
74: [ 4 7 8 18 23 31 38 40 60 62 70 72 ]
75: [ 3 18 19 48 57 ]
