1: [ 3 10 18 21 27 40 43 54 55 58 60 ]
2: [ 11 14 18 22 29 38 39 42 56 61 65 ]
3: [ 1 13 19 37 67 68 ]
4: [ 13 24 39 40 45 52 60 65 ]
5: [ 11 14 29 ]
6: [ 19 21 26 30 33 45 49 54 75 ]
7: [ 17 19 29 41 50 51 ]
8: [ 11 12 22 34 54 55 70 ]
9: [ 12 13 15 16 23 56 64 ]
10: [ 1 12 34 43 56 58 ]
11: [ 2 5 8 14 21 27 28 32 35 56 69 ]
12: [ 8 9 10 14 15 19 22 40 50 51 60 62 69 74 ]
13: [ 3 4 9 19 36 41 44 62 69 70 73 ]
14: [ 2 5 11 12 19 25 29 36 38 41 44 69 ]
15: [ 9 12 28 33 36 39 40 41 49 65 ]
16: [ 9 27 32 43 52 56 60 68 70 ]
17: [ 7 20 63 64 70 ]
18: [ 1 2 23 36 42 51 63 ]
19: [ 3 6 7 12 13 14 25 41 60 72 ]
20: [ 17 27 35 44 58 71 ]
21: [ 1 6 11 22 24 30 35 42 44 47 49 52 58 59 ]
22: [ 2 8 12 21 42 54 55 60 73 75 ]
23: [ 9 18 31 40 56 57 67 ]
24: [ 4 21 29 50 53 63 64 72 74 ]
25: [ 14 19 44 51 55 57 62 66 72 73 ]
26: [ 6 31 36 48 52 ]
27: [ 1 11 16 20 73 ]
28: [ 11 15 37 56 57 ]
29: [ 2 5 7 14 24 41 43 45 51 ]
30: [ 6 21 42 45 58 74 ]
31: [ 23 26 53 ]
32: [ 11 16 36 43 46 50 61 64 70 ]
33: [ 6 15 53 54 58 ]
34: [ 8 10 74 ]
35: [ 11 20 21 47 59 ]
36: [ 13 14 15 18 26 32 61 74 ]
37: [ 3 28 ]
38: [ 2 14 43 47 51 53 58 60 66 67 ]
39: [ 2 4 15 45 48 50 51 53 70 ]
40: [ 1 4 12 15 23 45 48 63 68 ]
41: [ 7 13 14 15 19 29 50 51 57 62 63 70 ]
42: [ 2 18 21 22 30 56 67 68 75 ]
43: [ 1 10 16 29 32 38 47 54 56 58 71 ]
44: [ 13 14 20 21 25 47 63 67 68 69 75 ]
45: [ 4 6 29 30 39 40 49 58 69 71 ]
46: [ 32 56 63 ]
47: [ 21 35 38 43 44 50 60 61 68 ]
48: [ 26 39 40 54 55 75 ]
49: [ 6 15 21 45 63 64 69 70 ]
50: [ 7 12 24 32 39 41 47 70 75 ]
51: [ 7 12 18 25 29 38 39 41 54 65 66 ]
52: [ 4 16 21 26 54 55 59 67 74 ]
53: [ 24 31 33 38 39 71 ]
54: [ 1 6 8 22 33 43 48 51 52 ]
55: [ 1 8 22 25 48 52 65 ]
56: [ 2 9 10 11 16 23 28 42 43 46 62 68 70 71 ]
57: [ 23 25 28 41 58 62 74 ]
58: [ 1 10 20 21 30 33 38 43 45 57 65 67 75 ]
59: [ 21 35 52 ]
60: [ 1 4 12 16 19 22 38 47 63 67 69 ]
61: [ 2 32 36 47 71 ]
62: [ 12 13 25 41 56 57 65 ]
63: [ 17 18 24 40 41 44 46 49 60 73 ]
64: [ 9 17 24 32 49 72 ]
65: [ 2 4 15 51 55 58 62 73 ]
66: [ 25 38 51 73 75 ]
67: [ 3 23 38 42 44 52 58 60 ]
68: [ 3 16 40 42 44 47 56 ]
69: [ 11 12 13 14 44 45 49 60 73 74 ]
70: [ 8 13 16 17 32 39 41 49 50 56 ]
71: [ 20 43 45 53 56 61 74 ]
72: [ 19 24 25 64 ]
73: [ 13 22 25 27 63 65 66 69 75 ]
74: [ 12 24 30 34 36 52 57 69 71 ]
75: [ 6 22 42 44 48 50 58 66 73 ]
