1: [ 3 5 10 11 18 29 33 35 46 47 ]
2: [ 3 5 33 38 43 58 62 67 69 ]
3: [ 1 2 21 22 37 45 47 50 53 63 66 ]
4: [ 8 21 33 51 66 68 74 ]
5: [ 1 2 10 11 12 24 44 59 61 62 67 70 ]
6: [ 10 22 41 51 55 59 60 66 ]
7: [ 26 32 38 ]
8: [ 4 17 33 57 ]
9: [ 16 22 26 32 39 50 57 58 69 70 74 ]
10: [ 1 5 6 23 27 46 50 ]
11: [ 1 5 13 17 20 36 47 56 ]
12: [ 5 16 21 26 33 44 49 50 52 53 55 62 65 75 ]
13: [ 11 19 22 29 67 68 ]
14: [ ]
15: [ 39 43 74 ]
16: [ 9 12 17 18 20 22 32 47 48 50 57 67 70 ]
17: [ 8 11 16 19 23 33 39 46 53 66 69 ]
18: [ 1 16 24 29 42 61 66 ]
19: [ 13 17 22 23 27 31 47 63 70 73 ]
20: [ 11 16 21 24 35 37 57 65 66 67 ]
21: [ 3 4 12 20 22 41 56 57 61 70 73 ]
22: [ 3 6 9 13 16 19 21 25 27 31 44 49 51 59 66 ]
23: [ 10 17 19 30 42 57 ]
24: [ 5 18 20 30 34 35 44 50 ]
25: [ 22 46 47 50 62 75 ]
26: [ 7 9 12 33 37 44 ]
27: [ 10 19 22 29 35 36 37 44 62 ]
28: [ 29 66 68 ]
29: [ 1 13 18 27 28 42 44 45 54 62 64 ]
30: [ 23 24 34 50 51 57 75 ]
31: [ 19 22 62 ]
32: [ 7 9 16 67 71 ]
33: [ 1 2 4 8 12 17 26 34 41 46 51 55 61 67 ]
34: [ 24 30 33 37 51 67 75 ]
35: [ 1 20 24 27 47 56 ]
36: [ 11 27 47 ]
37: [ 3 20 26 27 34 40 43 45 56 ]
38: [ 2 7 66 ]
39: [ 9 15 17 47 70 ]
40: [ 37 58 ]
41: [ 6 21 33 47 59 65 75 ]
42: [ 18 23 29 58 59 68 73 74 ]
43: [ 2 15 37 46 49 51 55 62 67 ]
44: [ 5 12 22 24 26 27 29 55 56 60 74 ]
45: [ 3 29 37 48 57 70 ]
46: [ 1 10 17 25 33 43 69 ]
47: [ 1 3 11 16 19 25 35 36 39 41 53 54 60 71 ]
48: [ 16 45 50 ]
49: [ 12 22 43 57 61 ]
50: [ 3 9 10 12 16 24 25 30 48 57 ]
51: [ 4 6 22 30 33 34 43 67 71 ]
52: [ 12 54 ]
53: [ 3 12 17 47 56 63 71 ]
54: [ 29 47 52 59 64 66 67 73 ]
55: [ 6 12 33 43 44 75 ]
56: [ 11 21 35 37 44 53 60 ]
57: [ 8 9 16 20 21 23 30 45 49 50 ]
58: [ 2 9 40 42 61 ]
59: [ 5 6 22 41 42 54 68 71 74 75 ]
60: [ 6 44 47 56 61 69 75 ]
61: [ 5 18 21 33 49 58 60 62 65 66 ]
62: [ 2 5 12 25 27 29 31 43 61 69 74 ]
63: [ 3 19 53 65 68 71 ]
64: [ 29 54 73 75 ]
65: [ 12 20 41 61 63 73 ]
66: [ 3 4 6 17 18 20 22 28 38 54 61 73 75 ]
67: [ 2 5 13 16 20 32 33 34 43 51 54 ]
68: [ 4 13 28 42 59 63 ]
69: [ 2 9 17 46 60 62 ]
70: [ 5 9 16 19 21 39 45 74 ]
71: [ 32 47 51 53 59 63 72 75 ]
72: [ 71 ]
73: [ 19 21 42 54 64 65 66 ]
74: [ 4 9 15 42 44 59 62 70 ]
75: [ 12 25 30 34 41 55 59 60 64 66 71 ]
