1: [ 9 21 23 25 49 58 63 67 69 73 ]
2: [ 7 16 31 32 42 45 49 50 58 68 69 71 ]
3: [ 4 32 34 38 47 49 59 60 63 ]
4: [ 3 20 27 30 35 36 47 57 70 ]
5: [ 8 17 18 34 53 55 68 ]
6: [ 7 30 41 47 49 64 74 ]
7: [ 2 6 27 33 40 41 43 46 62 63 ]
8: [ 5 19 25 30 31 32 38 40 56 62 64 66 ]
9: [ 1 11 19 23 35 38 45 52 57 61 67 68 ]
10: [ 16 32 40 45 ]
11: [ 9 30 34 35 38 46 49 56 60 67 ]
12: [ 23 34 38 50 68 ]
13: [ 25 69 ]
14: [ 27 34 55 69 ]
15: [ 19 ]
16: [ 2 10 18 19 33 59 ]
17: [ 5 22 24 65 ]
18: [ 5 16 22 29 31 36 42 55 56 58 59 60 ]
19: [ 8 9 15 16 42 66 75 ]
20: [ 4 26 27 35 37 41 47 59 61 66 ]
21: [ 1 55 61 71 ]
22: [ 17 18 26 55 61 ]
23: [ 1 9 12 28 36 45 47 59 69 ]
24: [ 17 25 26 31 48 55 67 68 ]
25: [ 1 8 13 24 28 31 34 40 45 61 68 74 ]
26: [ 20 22 24 37 59 64 74 ]
27: [ 4 7 14 20 28 34 48 57 59 75 ]
28: [ 23 25 27 29 56 64 75 ]
29: [ 18 28 59 ]
30: [ 4 6 8 11 32 40 53 66 ]
31: [ 2 8 18 24 25 36 45 53 61 66 70 ]
32: [ 2 3 8 10 30 36 45 49 50 53 61 74 ]
33: [ 7 16 34 42 55 57 63 ]
34: [ 3 5 11 12 14 25 27 33 43 55 61 67 73 74 ]
35: [ 4 9 11 20 52 60 64 68 ]
36: [ 4 18 23 31 32 45 46 ]
37: [ 20 26 44 47 54 57 69 73 75 ]
38: [ 3 8 9 11 12 50 66 71 ]
39: [ ]
40: [ 7 8 10 25 30 41 49 50 60 64 66 74 ]
41: [ 6 7 20 40 46 61 69 71 ]
42: [ 2 18 19 33 49 67 ]
43: [ 7 34 67 74 ]
44: [ 37 ]
45: [ 2 9 10 23 25 31 32 36 54 71 ]
46: [ 7 11 36 41 54 63 ]
47: [ 3 4 6 20 23 37 50 54 59 60 66 74 ]
48: [ 24 27 49 66 73 ]
49: [ 1 2 3 6 11 32 40 42 48 59 61 71 ]
50: [ 2 12 32 38 40 47 57 ]
51: [ ]
52: [ 9 35 ]
53: [ 5 30 31 32 64 ]
54: [ 37 45 46 47 69 70 ]
55: [ 5 14 18 21 22 24 33 34 ]
56: [ 8 11 18 28 ]
57: [ 4 9 27 33 37 50 59 ]
58: [ 1 2 18 62 73 ]
59: [ 3 16 18 20 23 26 27 29 47 49 57 74 ]
60: [ 3 11 18 35 40 47 70 ]
61: [ 9 20 21 22 25 31 32 34 41 49 67 71 74 ]
62: [ 7 8 58 67 ]
63: [ 1 3 7 33 46 ]
64: [ 6 8 26 28 35 40 53 67 ]
65: [ 17 70 ]
66: [ 8 19 20 30 31 38 40 47 48 72 ]
67: [ 1 9 11 24 34 42 43 61 62 64 71 ]
68: [ 2 5 9 12 24 25 35 75 ]
69: [ 1 2 13 14 23 37 41 54 71 ]
70: [ 4 31 54 60 65 ]
71: [ 2 21 38 41 45 49 61 67 69 ]
72: [ 66 ]
73: [ 1 34 37 48 58 ]
74: [ 6 25 26 32 34 40 43 47 59 61 ]
75: [ 19 27 28 37 68 ]
