1: [ 2 37 43 53 65 68 69 ]
2: [ 1 28 29 55 ]
3: [ 9 24 54 56 58 ]
4: [ 7 17 20 21 24 27 32 39 42 54 58 ]
5: [ 7 10 12 19 30 37 40 72 74 ]
6: [ 33 36 50 53 ]
7: [ 4 5 39 64 ]
8: [ 21 75 ]
9: [ 3 23 32 43 48 ]
10: [ 5 38 40 47 54 57 ]
11: [ 12 19 21 29 41 49 56 58 62 67 ]
12: [ 5 11 13 19 20 23 26 40 47 57 64 ]
13: [ 12 18 27 42 55 58 ]
14: [ 23 25 26 28 31 40 53 65 70 ]
15: [ 45 55 ]
16: [ 24 28 41 ]
17: [ 4 24 58 73 ]
18: [ 13 29 35 40 58 ]
19: [ 5 11 12 44 ]
20: [ 4 12 23 28 37 45 46 52 72 ]
21: [ 4 8 11 24 31 32 39 46 51 56 58 ]
22: [ 26 36 43 60 61 62 73 74 ]
23: [ 9 12 14 20 38 44 54 64 66 70 ]
24: [ 3 4 16 17 21 55 56 59 66 68 71 ]
25: [ 14 28 30 35 38 45 46 48 53 55 65 66 73 ]
26: [ 12 14 22 31 37 ]
27: [ 4 13 35 48 50 56 59 66 71 74 ]
28: [ 2 14 16 20 25 31 33 46 74 ]
29: [ 2 11 18 31 44 53 55 60 67 68 ]
30: [ 5 25 53 ]
31: [ 14 21 26 28 29 59 66 75 ]
32: [ 4 9 21 41 46 54 56 60 72 73 ]
33: [ 6 28 53 54 56 ]
34: [ 61 71 ]
35: [ 18 25 27 37 41 44 59 70 ]
36: [ 6 22 44 70 ]
37: [ 1 5 20 26 35 44 ]
38: [ 10 23 25 66 73 ]
39: [ 4 7 21 42 49 66 71 ]
40: [ 5 10 12 14 18 59 71 ]
41: [ 11 16 32 35 43 52 57 67 ]
42: [ 4 13 39 44 48 61 69 72 ]
43: [ 1 9 22 41 45 50 71 ]
44: [ 19 23 29 35 36 37 42 46 58 59 63 69 ]
45: [ 15 20 25 43 61 ]
46: [ 20 21 25 28 32 44 47 50 58 62 ]
47: [ 10 12 46 62 68 75 ]
48: [ 9 25 27 42 53 ]
49: [ 11 39 ]
50: [ 6 27 43 46 61 63 67 68 75 ]
51: [ 21 53 54 70 ]
52: [ 20 41 58 65 67 72 ]
53: [ 1 6 14 25 29 30 33 48 51 56 ]
54: [ 3 4 10 23 32 33 51 56 70 72 ]
55: [ 2 13 15 24 25 29 57 63 65 ]
56: [ 3 11 21 24 27 32 33 53 54 66 68 ]
57: [ 10 12 41 55 61 68 ]
58: [ 3 4 11 13 17 18 21 44 46 52 66 74 ]
59: [ 24 27 31 35 40 44 68 72 ]
60: [ 22 29 32 66 ]
61: [ 22 34 42 45 50 57 71 ]
62: [ 11 22 46 47 71 ]
63: [ 44 50 55 ]
64: [ 7 12 23 67 74 ]
65: [ 1 14 25 52 55 ]
66: [ 23 24 25 27 31 38 39 56 58 60 67 ]
67: [ 11 29 41 50 52 64 66 ]
68: [ 1 24 29 47 50 56 57 59 ]
69: [ 1 42 44 73 ]
70: [ 14 23 35 36 51 54 71 ]
71: [ 24 27 34 39 40 43 61 62 70 ]
72: [ 5 20 32 42 52 54 59 75 ]
73: [ 17 22 25 32 38 69 ]
74: [ 5 22 27 28 58 64 75 ]
75: [ 8 31 47 50 72 74 ]
