1: [ 9 18 22 23 35 37 40 57 64 70 74 ]
2: [ 4 14 21 22 29 63 67 ]
3: [ 4 12 17 27 28 40 41 54 59 66 73 ]
4: [ 2 3 14 17 28 35 38 51 53 55 68 ]
5: [ 11 17 20 23 38 41 61 ]
6: [ 11 12 22 25 53 ]
7: [ 12 16 28 34 41 44 50 54 56 62 ]
8: [ 15 17 19 22 32 34 38 72 ]
9: [ 1 18 24 28 41 44 55 58 66 71 ]
10: [ 35 38 49 62 70 ]
11: [ 5 6 45 47 48 54 55 56 57 ]
12: [ 3 6 7 17 63 66 75 ]
13: [ 35 52 73 ]
14: [ 2 4 29 34 39 48 56 58 72 ]
15: [ 8 17 25 28 29 43 44 61 71 72 ]
16: [ 7 25 31 39 56 62 ]
17: [ 3 4 5 8 12 15 18 34 56 58 71 ]
18: [ 1 9 17 34 40 52 ]
19: [ 8 22 25 42 53 ]
20: [ 5 22 30 40 62 ]
21: [ 2 40 50 58 66 ]
22: [ 1 2 6 8 19 20 44 61 66 ]
23: [ 1 5 29 40 59 66 ]
24: [ 9 33 39 72 ]
25: [ 6 15 16 19 32 41 44 53 63 ]
26: [ 28 30 36 38 44 47 51 61 69 72 ]
27: [ 3 44 ]
28: [ 3 4 7 9 15 26 30 31 44 54 63 ]
29: [ 2 14 15 23 48 66 69 ]
30: [ 20 26 28 49 63 64 66 70 ]
31: [ 16 28 41 50 63 66 71 ]
32: [ 8 25 36 43 49 56 ]
33: [ 24 44 58 61 68 69 71 72 ]
34: [ 7 8 14 17 18 38 46 55 66 67 ]
35: [ 1 4 10 13 38 44 51 56 69 ]
36: [ 26 32 39 46 49 51 56 58 61 68 72 ]
37: [ 1 40 ]
38: [ 4 5 8 10 26 34 35 40 50 ]
39: [ 14 16 24 36 42 48 52 60 66 68 74 ]
40: [ 1 3 18 20 21 23 37 38 61 62 67 71 ]
41: [ 3 5 7 9 25 31 60 62 65 ]
42: [ 19 39 46 49 52 61 73 ]
43: [ 15 32 44 48 53 74 ]
44: [ 7 9 15 22 25 26 27 28 33 35 43 45 62 68 75 ]
45: [ 11 44 48 50 ]
46: [ 34 36 42 49 52 55 58 ]
47: [ 11 26 51 67 ]
48: [ 11 14 29 39 43 45 49 59 62 64 66 68 ]
49: [ 10 30 32 36 42 46 48 67 ]
50: [ 7 21 31 38 45 67 70 72 74 ]
51: [ 4 26 35 36 47 62 72 73 ]
52: [ 13 18 39 42 46 70 ]
53: [ 4 6 19 25 43 58 71 73 74 ]
54: [ 3 7 11 28 ]
55: [ 4 9 11 34 46 57 62 ]
56: [ 7 11 14 16 17 32 35 36 66 69 ]
57: [ 1 11 55 59 65 ]
58: [ 9 14 17 21 33 36 46 53 63 68 ]
59: [ 3 23 48 57 66 ]
60: [ 39 41 66 71 ]
61: [ 5 15 22 26 33 36 40 42 ]
62: [ 7 10 16 20 40 41 44 48 51 55 70 ]
63: [ 2 12 25 28 30 31 58 66 72 74 ]
64: [ 1 30 48 66 ]
65: [ 41 57 67 ]
66: [ 3 9 12 21 22 23 29 30 31 34 39 48 56 59 60 63 64 73 ]
67: [ 2 34 40 47 49 50 65 69 ]
68: [ 4 33 36 39 44 48 58 ]
69: [ 26 29 33 35 56 67 70 72 ]
70: [ 1 10 30 50 52 62 69 ]
71: [ 9 15 17 31 33 40 53 60 ]
72: [ 8 14 15 24 26 33 36 50 51 63 69 74 ]
73: [ 3 13 42 51 53 66 ]
74: [ 1 39 43 50 53 63 72 ]
75: [ 12 44 ]
