1: [ 31 33 45 48 52 55 64 66 ]
2: [ 3 23 24 25 33 45 48 59 61 63 74 ]
3: [ 2 4 24 35 37 48 57 ]
4: [ 3 40 67 ]
5: [ 6 28 42 44 ]
6: [ 5 12 15 26 39 40 48 ]
7: [ 11 18 25 41 50 51 52 63 65 74 ]
8: [ 23 49 54 60 75 ]
9: [ 12 24 26 36 40 52 53 54 73 ]
10: [ 24 26 57 66 ]
11: [ 7 16 23 29 58 59 60 61 63 69 73 ]
12: [ 6 9 13 20 24 31 56 ]
13: [ 12 18 53 70 ]
14: [ 30 39 61 75 ]
15: [ 6 31 35 39 40 42 51 67 ]
16: [ 11 25 32 56 63 64 ]
17: [ 32 52 64 66 ]
18: [ 7 13 34 47 52 67 71 ]
19: [ 23 26 53 ]
20: [ 12 26 30 37 43 44 57 61 71 ]
21: [ 29 42 51 63 67 72 ]
22: [ 27 38 46 68 73 ]
23: [ 2 8 11 19 34 40 44 57 61 69 ]
24: [ 2 3 9 10 12 47 48 61 73 ]
25: [ 2 7 16 59 ]
26: [ 6 9 10 19 20 28 29 30 31 45 52 63 73 75 ]
27: [ 22 35 36 38 41 48 73 ]
28: [ 5 26 36 63 67 ]
29: [ 11 21 26 41 49 73 75 ]
30: [ 14 20 26 35 63 64 ]
31: [ 1 12 15 26 38 40 51 53 65 ]
32: [ 16 17 39 54 59 68 70 71 75 ]
33: [ 1 2 35 37 39 40 46 48 51 54 62 70 73 75 ]
34: [ 18 23 39 41 52 70 71 73 ]
35: [ 3 15 27 30 33 65 70 71 ]
36: [ 9 27 28 39 49 50 57 ]
37: [ 3 20 33 70 71 ]
38: [ 22 27 31 39 42 44 55 60 66 71 ]
39: [ 6 14 15 32 33 34 36 38 40 44 50 54 55 58 63 68 70 71 72 ]
40: [ 4 6 9 15 23 31 33 39 56 64 75 ]
41: [ 7 27 29 34 43 51 60 61 67 70 ]
42: [ 5 15 21 38 45 53 55 67 ]
43: [ 20 41 50 59 ]
44: [ 5 20 23 38 39 45 ]
45: [ 1 2 26 42 44 47 52 ]
46: [ 22 33 66 68 ]
47: [ 18 24 45 57 62 ]
48: [ 1 2 3 6 24 27 33 50 63 67 ]
49: [ 8 29 36 53 62 69 ]
50: [ 7 36 39 43 48 59 66 67 ]
51: [ 7 15 21 31 33 41 52 53 54 63 66 68 70 ]
52: [ 1 7 9 17 18 26 34 45 51 63 ]
53: [ 9 13 19 31 42 49 51 56 60 63 75 ]
54: [ 8 9 32 33 39 51 60 63 72 ]
55: [ 1 38 39 42 66 ]
56: [ 12 16 40 53 64 ]
57: [ 3 10 20 23 36 47 64 ]
58: [ 11 39 64 65 ]
59: [ 2 11 25 32 43 50 62 ]
60: [ 8 11 38 41 53 54 62 63 68 ]
61: [ 2 11 14 20 23 24 41 66 69 74 ]
62: [ 33 47 49 59 60 70 75 ]
63: [ 2 7 11 16 21 26 28 30 39 48 51 52 53 54 60 67 71 72 ]
64: [ 1 16 17 30 40 56 57 58 69 75 ]
65: [ 7 31 35 58 71 73 ]
66: [ 1 10 17 38 46 50 51 55 61 ]
67: [ 4 15 18 21 28 41 42 48 50 63 ]
68: [ 22 32 39 46 51 60 ]
69: [ 11 23 49 61 64 72 ]
70: [ 13 32 33 34 35 37 39 41 51 62 ]
71: [ 18 20 32 34 35 37 38 39 63 65 ]
72: [ 21 39 54 63 69 ]
73: [ 9 11 22 24 26 27 29 33 34 65 ]
74: [ 2 7 61 ]
75: [ 8 14 26 29 32 33 40 53 62 64 ]
