1: [ 10 16 23 28 33 35 37 47 48 ]
2: [ 4 13 14 40 57 71 74 ]
3: [ 26 31 38 44 56 68 ]
4: [ 2 12 23 25 28 36 44 46 47 49 63 67 72 ]
5: [ 22 30 36 39 43 44 50 60 72 ]
6: [ 13 15 19 24 32 39 43 45 59 62 65 66 75 ]
7: [ 9 16 28 30 33 36 48 59 69 ]
8: [ 13 31 39 45 61 67 72 75 ]
9: [ 7 10 11 31 46 55 69 ]
10: [ 1 9 29 30 32 36 37 40 51 54 57 58 66 73 ]
11: [ 9 15 26 47 58 ]
12: [ 4 24 27 31 37 44 ]
13: [ 2 6 8 17 20 46 49 52 62 73 ]
14: [ 2 22 35 49 53 65 ]
15: [ 6 11 42 47 48 58 60 68 71 74 ]
16: [ 1 7 34 38 41 42 58 72 ]
17: [ 13 19 33 41 46 47 60 ]
18: [ 39 ]
19: [ 6 17 27 48 53 62 66 ]
20: [ 13 21 26 28 30 31 32 34 44 ]
21: [ 20 23 47 63 72 ]
22: [ 5 14 30 37 42 43 62 ]
23: [ 1 4 21 68 69 ]
24: [ 6 12 32 37 41 45 48 50 ]
25: [ 4 47 57 59 60 65 ]
26: [ 3 11 20 44 49 55 57 59 61 62 64 ]
27: [ 12 19 31 36 41 46 56 ]
28: [ 1 4 7 20 32 37 40 43 55 57 67 70 ]
29: [ 10 32 34 51 68 ]
30: [ 5 7 10 20 22 36 41 53 56 63 64 ]
31: [ 3 8 9 12 20 27 37 ]
32: [ 6 10 20 24 28 29 56 57 64 ]
33: [ 1 7 17 35 39 46 55 58 59 ]
34: [ 16 20 29 68 ]
35: [ 1 14 33 45 55 56 57 60 65 ]
36: [ 4 5 7 10 27 30 55 71 ]
37: [ 1 10 12 22 24 28 31 42 43 ]
38: [ 3 16 39 40 49 51 65 68 69 ]
39: [ 5 6 8 18 33 38 41 52 73 75 ]
40: [ 2 10 28 38 54 59 60 64 69 71 72 75 ]
41: [ 16 17 24 27 30 39 48 63 69 74 ]
42: [ 15 16 22 37 49 54 58 ]
43: [ 5 6 22 28 37 59 ]
44: [ 3 4 5 12 20 26 45 47 52 55 ]
45: [ 6 8 24 35 44 50 51 62 ]
46: [ 4 9 13 17 27 33 55 58 ]
47: [ 1 4 11 15 17 21 25 44 49 53 55 56 63 70 72 ]
48: [ 1 7 15 19 24 41 53 59 69 ]
49: [ 4 13 14 26 38 42 47 50 52 57 59 71 72 ]
50: [ 5 24 45 49 56 68 71 73 ]
51: [ 10 29 38 45 ]
52: [ 13 39 44 49 57 68 ]
53: [ 14 19 30 47 48 55 75 ]
54: [ 10 40 42 58 63 72 ]
55: [ 9 26 28 33 35 36 44 46 47 53 ]
56: [ 3 27 30 32 35 47 50 ]
57: [ 2 10 25 26 28 32 35 49 52 ]
58: [ 10 11 15 16 33 42 46 54 71 74 ]
59: [ 6 7 25 26 33 40 43 48 49 65 67 ]
60: [ 5 15 17 25 35 40 63 67 75 ]
61: [ 8 26 ]
62: [ 6 13 19 22 26 45 ]
63: [ 4 21 30 41 47 54 60 70 ]
64: [ 26 30 32 40 75 ]
65: [ 6 14 25 35 38 59 66 ]
66: [ 6 10 19 65 67 68 75 ]
67: [ 4 8 28 59 60 66 69 74 ]
68: [ 3 15 23 29 34 38 50 52 66 71 73 74 ]
69: [ 7 9 23 38 40 41 48 67 ]
70: [ 28 47 63 74 ]
71: [ 2 15 36 40 49 50 58 68 73 74 ]
72: [ 4 5 8 16 21 40 47 49 54 ]
73: [ 10 13 39 50 68 71 74 ]
74: [ 2 15 41 58 67 68 70 71 73 ]
75: [ 6 8 39 40 53 60 64 66 ]
