1: [ 2 16 30 37 46 47 50 54 60 72 ]
2: [ 1 7 9 17 25 42 49 53 57 59 ]
3: [ 9 17 21 24 35 39 57 70 ]
4: [ 13 14 27 29 35 62 73 ]
5: [ 15 19 20 32 57 61 72 75 ]
6: [ 8 11 35 40 43 58 72 ]
7: [ 2 11 20 25 35 40 54 ]
8: [ 6 16 20 21 27 32 34 48 68 73 ]
9: [ 2 3 11 26 38 41 49 57 63 71 75 ]
10: [ 49 59 60 74 ]
11: [ 6 7 9 19 23 25 37 40 50 66 ]
12: [ 17 27 28 36 42 44 50 53 63 67 70 ]
13: [ 4 17 23 33 47 52 54 57 58 60 67 68 71 72 ]
14: [ 4 22 38 49 ]
15: [ 5 16 35 36 41 55 58 62 ]
16: [ 1 8 15 25 40 47 52 56 59 65 67 71 75 ]
17: [ 2 3 12 13 18 42 53 ]
18: [ 17 23 25 41 47 57 63 71 ]
19: [ 5 11 34 43 46 48 57 62 68 71 ]
20: [ 5 7 8 28 36 40 48 68 ]
21: [ 3 8 36 43 ]
22: [ 14 29 30 33 47 69 ]
23: [ 11 13 18 36 43 57 62 63 72 ]
24: [ 3 26 45 51 56 ]
25: [ 2 7 11 16 18 30 34 46 48 57 60 69 ]
26: [ 9 24 41 48 65 71 ]
27: [ 4 8 12 29 57 69 ]
28: [ 12 20 30 37 52 65 ]
29: [ 4 22 27 30 36 48 53 54 75 ]
30: [ 1 22 25 28 29 35 37 58 61 ]
31: [ 47 74 ]
32: [ 5 8 34 36 46 53 59 61 62 66 72 ]
33: [ 13 22 43 56 59 70 ]
34: [ 8 19 25 32 63 69 ]
35: [ 3 4 6 7 15 30 46 48 54 57 64 68 70 ]
36: [ 12 15 20 21 23 29 32 39 43 48 49 61 ]
37: [ 1 11 28 30 73 ]
38: [ 9 14 53 54 56 68 ]
39: [ 3 36 42 47 63 70 ]
40: [ 6 7 11 16 20 50 53 61 62 71 ]
41: [ 9 15 18 26 42 53 58 71 ]
42: [ 2 12 17 39 41 45 54 60 ]
43: [ 6 19 21 23 33 36 74 ]
44: [ 12 50 62 ]
45: [ 24 42 55 ]
46: [ 1 19 25 32 35 47 49 51 52 75 ]
47: [ 1 13 16 18 22 31 39 46 53 56 62 65 66 71 ]
48: [ 8 19 20 25 26 29 35 36 59 66 71 ]
49: [ 2 9 10 14 36 46 62 63 64 ]
50: [ 1 11 12 40 44 59 61 66 71 ]
51: [ 24 46 ]
52: [ 13 16 28 46 57 75 ]
53: [ 2 12 17 29 32 38 40 41 47 55 69 ]
54: [ 1 7 13 29 35 38 42 59 ]
55: [ 15 45 53 58 62 69 ]
56: [ 16 24 33 38 47 63 69 ]
57: [ 2 3 5 9 13 18 19 23 25 27 35 52 59 ]
58: [ 6 13 15 30 41 55 59 ]
59: [ 2 10 16 32 33 48 50 54 57 58 61 ]
60: [ 1 10 13 25 42 66 68 72 ]
61: [ 5 30 32 36 40 50 59 64 68 ]
62: [ 4 15 19 23 32 40 44 47 49 55 70 ]
63: [ 9 12 18 23 34 39 49 56 71 ]
64: [ 35 49 61 ]
65: [ 16 26 28 47 ]
66: [ 11 32 47 48 50 60 72 ]
67: [ 12 13 16 68 ]
68: [ 8 13 19 20 35 38 60 61 67 75 ]
69: [ 22 25 27 34 53 55 56 70 71 72 ]
70: [ 3 12 33 35 39 62 69 ]
71: [ 9 13 16 18 19 26 40 41 47 48 50 63 69 74 ]
72: [ 1 5 6 13 23 32 60 66 69 74 75 ]
73: [ 4 8 37 ]
74: [ 10 31 43 71 72 ]
75: [ 5 9 16 29 46 52 68 72 ]
