1: [ 13 15 16 28 36 39 53 70 74 ]
2: [ 5 8 18 34 46 48 51 53 54 61 73 ]
3: [ 13 25 27 35 45 57 ]
4: [ 21 ]
5: [ 2 19 26 27 31 45 53 61 64 ]
6: [ 32 38 43 52 58 70 ]
7: [ 17 29 46 57 66 ]
8: [ 2 18 22 39 63 66 71 ]
9: [ 25 31 34 43 44 53 70 72 75 ]
10: [ 16 28 36 60 64 ]
11: [ 16 19 32 38 43 44 46 58 63 69 72 ]
12: [ 34 56 57 70 ]
13: [ 1 3 18 28 32 43 45 46 60 73 ]
14: [ 28 38 46 54 69 71 72 ]
15: [ 1 20 27 30 33 36 50 71 ]
16: [ 1 10 11 20 31 54 71 73 75 ]
17: [ 7 24 28 33 35 37 38 57 ]
18: [ 2 8 13 19 21 27 36 39 63 ]
19: [ 5 11 18 20 27 28 41 59 63 73 ]
20: [ 15 16 19 48 57 67 68 ]
21: [ 4 18 23 31 32 47 48 53 54 60 61 65 72 ]
22: [ 8 23 24 40 46 55 71 72 ]
23: [ 21 22 52 63 ]
24: [ 17 22 27 36 41 62 63 69 73 ]
25: [ 3 9 36 74 ]
26: [ 5 40 52 60 ]
27: [ 3 5 15 18 19 24 32 38 41 46 56 71 ]
28: [ 1 10 13 14 17 19 31 35 40 45 49 56 59 61 ]
29: [ 7 35 62 64 71 ]
30: [ 15 33 58 61 ]
31: [ 5 9 16 21 28 35 45 56 61 75 ]
32: [ 6 11 13 21 27 33 34 42 58 74 ]
33: [ 15 17 30 32 36 37 39 48 75 ]
34: [ 2 9 12 32 ]
35: [ 3 17 28 29 31 45 49 62 66 ]
36: [ 1 10 15 18 24 25 33 57 60 64 68 ]
37: [ 17 33 44 62 64 75 ]
38: [ 6 11 14 17 27 49 52 57 62 69 ]
39: [ 1 8 18 33 52 54 58 71 72 73 74 ]
40: [ 22 26 28 53 64 65 ]
41: [ 19 24 27 ]
42: [ 32 52 60 66 71 ]
43: [ 6 9 11 13 59 ]
44: [ 9 11 37 ]
45: [ 3 5 13 28 31 35 64 65 ]
46: [ 2 7 11 13 14 22 27 52 53 72 ]
47: [ 21 55 56 59 ]
48: [ 2 20 21 33 53 73 ]
49: [ 28 35 38 ]
50: [ 15 59 ]
51: [ 2 54 ]
52: [ 6 23 26 38 39 42 46 57 73 ]
53: [ 1 2 5 9 21 40 46 48 57 62 63 73 ]
54: [ 2 14 16 21 39 51 58 64 ]
55: [ 22 47 ]
56: [ 12 27 28 31 47 60 61 62 72 75 ]
57: [ 3 7 12 17 20 36 38 52 53 74 ]
58: [ 6 11 30 32 39 54 73 ]
59: [ 19 28 43 47 50 60 64 69 ]
60: [ 10 13 21 26 36 42 56 59 64 66 74 ]
61: [ 2 5 21 28 30 31 56 65 ]
62: [ 24 29 35 37 38 53 56 ]
63: [ 8 11 18 19 23 24 53 65 68 ]
64: [ 5 10 29 36 37 40 45 54 59 60 70 ]
65: [ 21 40 45 61 63 ]
66: [ 7 8 35 42 60 ]
67: [ 20 ]
68: [ 20 36 63 74 ]
69: [ 11 14 24 38 59 ]
70: [ 1 6 9 12 64 ]
71: [ 8 14 15 16 22 27 29 39 42 ]
72: [ 9 11 14 21 22 39 46 56 ]
73: [ 2 13 16 19 24 39 48 52 53 58 74 ]
74: [ 1 25 32 39 57 60 68 73 ]
75: [ 9 16 31 33 37 56 ]
