1: [ 15 41 45 46 71 74 ]
2: [ 28 30 41 50 60 67 74 ]
3: [ 6 20 47 57 59 66 ]
4: [ 8 13 14 25 27 33 56 61 71 72 ]
5: [ 14 17 19 48 52 71 ]
6: [ 3 9 19 36 47 64 67 ]
7: [ 13 30 61 73 75 ]
8: [ 4 10 11 21 36 42 63 ]
9: [ 6 32 36 49 66 75 ]
10: [ 8 32 33 64 ]
11: [ 8 17 25 31 32 35 44 48 69 ]
12: [ 49 66 ]
13: [ 4 7 22 28 30 54 62 64 67 73 ]
14: [ 4 5 19 35 ]
15: [ 1 ]
16: [ 22 25 28 41 51 54 61 62 74 ]
17: [ 5 11 24 41 47 49 59 73 ]
18: [ 44 54 68 ]
19: [ 5 6 14 26 38 48 49 54 67 ]
20: [ 3 22 33 36 45 54 55 69 71 ]
21: [ 8 24 27 39 41 44 48 51 54 61 ]
22: [ 13 16 20 40 46 48 ]
23: [ 35 49 54 57 74 ]
24: [ 17 21 33 41 49 70 ]
25: [ 4 11 16 32 36 39 48 55 74 ]
26: [ 19 29 32 37 51 54 59 73 ]
27: [ 4 21 32 39 47 69 ]
28: [ 2 13 16 29 47 50 51 69 74 ]
29: [ 26 28 32 35 39 58 63 ]
30: [ 2 7 13 36 37 38 47 69 74 ]
31: [ 11 39 63 71 ]
32: [ 9 10 11 25 26 27 29 34 48 49 58 60 68 ]
33: [ 4 10 20 24 40 46 47 51 ]
34: [ 32 64 74 ]
35: [ 11 14 23 29 64 74 ]
36: [ 6 8 9 20 25 30 37 45 57 62 ]
37: [ 26 30 36 58 66 ]
38: [ 19 30 45 63 66 ]
39: [ 21 25 27 29 31 42 62 ]
40: [ 22 33 57 68 ]
41: [ 1 2 16 17 21 24 48 49 50 ]
42: [ 8 39 46 63 65 ]
43: [ 44 64 66 ]
44: [ 11 18 21 43 46 52 56 59 66 67 72 ]
45: [ 1 20 36 38 ]
46: [ 1 22 33 42 44 54 61 64 ]
47: [ 3 6 17 27 28 30 33 57 72 ]
48: [ 5 11 19 21 22 25 32 41 50 53 60 66 68 ]
49: [ 9 12 17 19 23 24 32 41 ]
50: [ 2 28 41 48 60 62 ]
51: [ 16 21 26 28 33 55 57 59 ]
52: [ 5 44 72 ]
53: [ 48 59 ]
54: [ 13 16 18 19 20 21 23 26 46 58 59 69 ]
55: [ 20 25 51 68 ]
56: [ 4 44 62 64 71 ]
57: [ 3 23 36 40 47 51 62 ]
58: [ 29 32 37 54 60 73 ]
59: [ 3 17 26 44 51 53 54 61 62 63 ]
60: [ 2 32 48 50 58 69 ]
61: [ 4 7 16 21 46 59 62 65 71 75 ]
62: [ 13 16 36 39 50 56 57 59 61 65 69 72 ]
63: [ 8 29 31 38 42 59 70 ]
64: [ 6 10 13 34 35 43 46 56 66 72 74 ]
65: [ 42 61 62 ]
66: [ 3 9 12 37 38 43 44 48 64 ]
67: [ 2 6 13 19 44 ]
68: [ 18 32 40 48 55 72 73 74 ]
69: [ 11 20 27 28 30 54 60 62 72 ]
70: [ 24 63 ]
71: [ 1 4 5 20 31 56 61 ]
72: [ 4 44 47 52 62 64 68 69 ]
73: [ 7 13 17 26 58 68 ]
74: [ 1 2 16 23 25 28 30 34 35 64 68 ]
75: [ 7 9 61 ]
