1: [ 4 8 17 22 25 35 38 75 ]
2: [ 16 18 20 26 41 47 54 65 ]
3: [ 15 22 49 51 60 64 73 ]
4: [ 1 13 23 27 34 64 65 ]
5: [ 6 43 65 ]
6: [ 5 16 23 27 33 49 56 57 59 72 ]
7: [ 35 38 46 49 ]
8: [ 1 17 20 21 39 60 63 74 ]
9: [ 22 43 63 69 72 ]
10: [ 30 31 40 42 46 51 53 59 66 70 74 ]
11: [ 47 62 ]
12: [ 15 22 34 43 44 48 51 53 65 66 ]
13: [ 4 18 20 53 74 ]
14: [ 16 17 34 37 38 44 51 53 60 64 67 ]
15: [ 3 12 20 21 40 41 48 71 72 ]
16: [ 2 6 14 26 34 36 57 59 64 73 74 ]
17: [ 1 8 14 25 31 34 42 46 55 69 ]
18: [ 2 13 20 36 48 55 ]
19: [ 21 26 35 37 38 52 59 ]
20: [ 2 8 13 15 18 21 30 37 56 61 ]
21: [ 8 15 19 20 24 36 44 47 57 65 71 75 ]
22: [ 1 3 9 12 24 35 43 47 67 74 ]
23: [ 4 6 28 34 35 40 48 53 64 75 ]
24: [ 21 22 34 41 ]
25: [ 1 17 38 47 51 52 ]
26: [ 2 16 19 32 69 71 ]
27: [ 4 6 33 43 47 52 56 75 ]
28: [ 23 32 36 39 43 47 59 61 62 68 71 ]
29: [ 31 40 43 61 ]
30: [ 10 20 35 41 54 59 ]
31: [ 10 17 29 41 42 43 44 51 55 67 70 75 ]
32: [ 26 28 33 43 52 62 70 ]
33: [ 6 27 32 55 ]
34: [ 4 12 14 16 17 23 24 45 62 ]
35: [ 1 7 19 22 23 30 38 39 41 47 50 55 67 71 ]
36: [ 16 18 21 28 37 52 55 61 ]
37: [ 14 19 20 36 50 53 55 60 75 ]
38: [ 1 7 14 19 25 35 45 46 61 67 71 72 75 ]
39: [ 8 28 35 42 44 61 64 71 ]
40: [ 10 15 23 29 46 48 64 74 ]
41: [ 2 15 24 30 31 35 44 54 67 ]
42: [ 10 17 31 39 ]
43: [ 5 9 12 22 27 28 29 31 32 62 71 ]
44: [ 12 14 21 31 39 41 47 48 49 62 64 ]
45: [ 34 38 51 70 ]
46: [ 7 10 17 38 40 55 59 71 75 ]
47: [ 2 11 21 22 25 27 28 35 44 60 62 71 ]
48: [ 12 15 18 23 40 44 55 73 ]
49: [ 3 6 7 44 53 ]
50: [ 35 37 51 65 ]
51: [ 3 10 12 14 25 31 45 50 54 58 63 ]
52: [ 19 25 27 32 36 56 60 63 ]
53: [ 10 12 13 14 23 37 49 57 63 70 71 ]
54: [ 2 30 41 51 64 68 71 ]
55: [ 17 18 31 33 35 36 37 46 48 57 59 61 69 ]
56: [ 6 20 27 52 62 63 ]
57: [ 6 16 21 53 55 59 67 70 ]
58: [ 51 67 72 ]
59: [ 6 10 16 19 28 30 46 55 57 ]
60: [ 3 8 14 37 47 52 63 ]
61: [ 20 28 29 36 38 39 55 74 ]
62: [ 11 28 32 34 43 44 47 56 69 ]
63: [ 8 9 51 52 53 56 60 69 ]
64: [ 3 4 14 16 23 39 40 44 54 69 ]
65: [ 2 4 5 12 21 50 68 70 ]
66: [ 10 12 75 ]
67: [ 14 22 31 35 38 41 57 58 71 ]
68: [ 28 54 65 ]
69: [ 9 17 26 55 62 63 64 70 ]
70: [ 10 31 32 45 53 57 65 69 72 ]
71: [ 15 21 26 28 35 38 39 43 46 47 53 54 67 74 ]
72: [ 6 9 15 38 58 70 ]
73: [ 3 16 48 ]
74: [ 8 10 13 16 22 40 61 71 ]
75: [ 1 21 23 27 31 37 38 46 66 ]
