1: [ 9 15 16 19 25 31 43 50 58 71 75 ]
2: [ 22 29 32 46 52 54 57 ]
3: [ 11 18 42 50 57 59 63 64 ]
4: [ 19 21 28 36 44 54 65 66 69 ]
5: [ ]
6: [ 19 28 30 32 37 40 57 64 65 66 69 75 ]
7: [ 16 18 24 27 29 37 43 45 49 50 53 70 ]
8: [ 54 56 74 ]
9: [ 1 12 17 27 43 60 69 70 ]
10: [ 19 22 26 29 46 53 ]
11: [ 3 55 65 71 ]
12: [ 9 28 40 58 ]
13: [ 15 31 40 41 44 51 54 68 74 75 ]
14: [ 19 50 53 55 57 59 60 66 73 ]
15: [ 1 13 32 38 39 52 60 68 ]
16: [ 1 7 20 22 60 ]
17: [ 9 20 23 24 31 36 44 48 50 64 72 ]
18: [ 3 7 20 29 48 72 ]
19: [ 1 4 6 10 14 22 43 49 53 56 63 74 ]
20: [ 16 17 18 51 54 56 ]
21: [ 4 26 30 31 32 41 43 50 67 69 ]
22: [ 2 10 16 19 33 37 50 54 60 73 ]
23: [ 17 41 48 66 ]
24: [ 7 17 27 33 41 42 46 49 53 74 ]
25: [ 1 29 41 42 47 57 ]
26: [ 10 21 32 37 49 51 52 53 54 68 ]
27: [ 7 9 24 ]
28: [ 4 6 12 31 37 50 51 65 67 ]
29: [ 2 7 10 18 25 35 39 69 70 ]
30: [ 6 21 37 56 69 ]
31: [ 1 13 17 21 28 43 45 48 51 53 54 ]
32: [ 2 6 15 21 26 37 42 46 56 66 73 ]
33: [ 22 24 43 48 51 ]
34: [ 66 ]
35: [ 29 56 60 65 70 75 ]
36: [ 4 17 52 53 56 57 62 63 66 69 ]
37: [ 6 7 22 26 28 30 32 40 41 53 58 61 68 69 ]
38: [ 15 43 47 50 52 58 ]
39: [ 15 29 40 43 45 49 53 75 ]
40: [ 6 12 13 37 39 ]
41: [ 13 21 23 24 25 37 44 51 54 62 69 ]
42: [ 3 24 25 32 58 75 ]
43: [ 1 7 9 19 21 31 33 38 39 44 46 57 74 75 ]
44: [ 4 13 17 41 43 75 ]
45: [ 7 31 39 50 54 62 67 70 ]
46: [ 2 10 24 32 43 48 53 66 ]
47: [ 25 38 53 55 63 65 73 75 ]
48: [ 17 18 23 31 33 46 49 58 66 ]
49: [ 7 19 24 26 39 48 52 53 62 66 ]
50: [ 1 3 7 14 17 21 22 28 38 45 69 72 ]
51: [ 13 20 26 28 31 33 41 68 69 ]
52: [ 2 15 26 36 38 49 57 ]
53: [ 7 10 14 19 24 26 31 36 37 39 46 47 49 62 63 ]
54: [ 2 4 8 13 20 22 26 31 41 45 62 70 73 ]
55: [ 11 14 47 57 72 75 ]
56: [ 8 19 20 30 32 35 36 67 ]
57: [ 2 3 6 14 25 36 43 52 55 66 ]
58: [ 1 12 37 38 42 48 71 ]
59: [ 3 14 ]
60: [ 9 14 15 16 22 35 ]
61: [ 37 69 72 ]
62: [ 36 41 45 49 53 54 ]
63: [ 3 19 36 47 53 64 71 ]
64: [ 3 6 17 63 70 ]
65: [ 4 6 11 28 35 47 66 75 ]
66: [ 4 6 14 23 32 34 36 46 48 49 57 65 72 ]
67: [ 21 28 45 56 ]
68: [ 13 15 26 37 51 70 ]
69: [ 4 6 9 21 29 30 36 37 41 50 51 61 75 ]
70: [ 7 9 29 35 45 54 64 68 74 75 ]
71: [ 1 11 58 63 ]
72: [ 17 18 50 55 61 66 ]
73: [ 14 22 32 47 54 ]
74: [ 8 13 19 24 43 70 ]
75: [ 1 6 13 35 39 42 43 44 47 55 65 69 70 ]
