1: [ 2 12 20 27 32 35 36 54 60 63 66 ]
2: [ 1 6 8 10 19 20 30 32 47 54 ]
3: [ 6 36 53 64 67 71 ]
4: [ 7 11 49 57 59 64 ]
5: [ 11 23 37 42 45 59 68 ]
6: [ 2 3 24 44 61 66 ]
7: [ 4 9 10 25 30 54 68 ]
8: [ 2 20 40 47 63 ]
9: [ 7 11 16 19 23 43 48 49 50 51 61 68 ]
10: [ 2 7 11 15 21 24 34 37 39 40 43 52 54 69 ]
11: [ 4 5 9 10 15 20 37 40 43 54 60 66 ]
12: [ 1 19 27 30 66 ]
13: [ 15 16 39 48 51 60 64 68 69 ]
14: [ 23 24 29 58 62 69 74 ]
15: [ 10 11 13 21 47 54 61 73 75 ]
16: [ 9 13 21 34 51 65 69 74 ]
17: [ 26 33 40 54 65 ]
18: [ 21 46 60 ]
19: [ 2 9 12 27 35 38 47 49 51 53 56 75 ]
20: [ 1 2 8 11 47 48 49 57 58 ]
21: [ 10 15 16 18 42 70 73 ]
22: [ 27 28 42 48 54 56 ]
23: [ 5 9 14 32 36 53 56 ]
24: [ 6 10 14 41 51 61 65 66 67 68 72 75 ]
25: [ 7 43 47 53 55 60 ]
26: [ 17 49 55 58 60 71 ]
27: [ 1 12 19 22 29 53 54 63 67 ]
28: [ 22 37 40 56 62 ]
29: [ 14 27 37 41 42 58 68 ]
30: [ 2 7 12 36 47 49 59 70 72 ]
31: [ 32 45 ]
32: [ 1 2 23 31 39 45 ]
33: [ 17 49 50 55 67 ]
34: [ 10 16 36 50 ]
35: [ 1 19 37 69 ]
36: [ 1 3 23 30 34 37 57 59 62 69 74 ]
37: [ 5 10 11 28 29 35 36 43 50 ]
38: [ 19 58 66 ]
39: [ 10 13 32 54 59 69 72 ]
40: [ 8 10 11 17 28 43 62 64 66 69 72 75 ]
41: [ 24 29 57 58 62 65 67 71 ]
42: [ 5 21 22 29 43 56 69 72 ]
43: [ 9 10 11 25 37 40 42 63 68 71 72 ]
44: [ 6 51 59 67 74 ]
45: [ 5 31 32 ]
46: [ 18 47 58 ]
47: [ 2 8 15 19 20 25 30 46 48 64 ]
48: [ 9 13 20 22 47 49 52 71 74 ]
49: [ 4 9 19 20 26 30 33 48 51 52 59 72 ]
50: [ 9 33 34 37 53 57 59 63 74 ]
51: [ 9 13 16 19 24 44 49 59 ]
52: [ 10 48 49 53 74 ]
53: [ 3 19 23 25 27 50 52 74 ]
54: [ 1 2 7 10 11 15 17 22 27 39 55 59 62 ]
55: [ 25 26 33 54 59 ]
56: [ 19 22 23 28 42 ]
57: [ 4 20 36 41 50 60 65 66 69 74 ]
58: [ 14 20 26 29 38 41 46 59 61 67 72 ]
59: [ 4 5 30 36 39 44 49 50 51 54 55 58 65 74 ]
60: [ 1 11 13 18 25 26 57 63 71 75 ]
61: [ 6 9 15 24 58 69 ]
62: [ 14 28 36 40 41 54 63 64 68 71 ]
63: [ 1 8 27 43 50 60 62 ]
64: [ 3 4 13 40 47 62 74 ]
65: [ 16 17 24 41 57 59 68 ]
66: [ 1 6 11 12 24 38 40 57 ]
67: [ 3 24 27 33 41 44 58 ]
68: [ 5 7 9 13 24 29 43 62 65 70 75 ]
69: [ 10 13 14 16 35 36 39 40 42 57 61 ]
70: [ 21 30 68 ]
71: [ 3 26 41 43 48 60 62 ]
72: [ 24 30 39 40 42 43 49 58 ]
73: [ 15 21 74 ]
74: [ 14 16 36 44 48 50 52 53 57 59 64 73 ]
75: [ 15 19 24 40 60 68 ]
