1: [ 3 12 ]
2: [ 7 11 19 41 44 54 ]
3: [ 1 11 13 17 28 47 50 52 60 ]
4: [ 9 29 36 41 46 55 63 65 ]
5: [ 24 62 64 65 70 ]
6: [ 8 10 12 19 32 33 38 39 ]
7: [ 2 13 21 29 56 62 63 72 ]
8: [ 6 34 38 39 41 45 48 54 ]
9: [ 4 36 45 ]
10: [ 6 18 23 28 39 52 63 66 72 ]
11: [ 2 3 22 26 72 ]
12: [ 1 6 14 25 51 53 65 67 ]
13: [ 3 7 32 40 42 45 64 70 72 ]
14: [ 12 20 29 33 36 42 48 ]
15: [ 16 17 22 28 47 ]
16: [ 15 24 54 57 72 ]
17: [ 3 15 21 33 34 35 43 48 65 74 ]
18: [ 10 32 38 39 42 45 54 57 58 59 69 ]
19: [ 2 6 23 55 57 68 ]
20: [ 14 71 ]
21: [ 7 17 47 57 75 ]
22: [ 11 15 52 54 ]
23: [ 10 19 24 26 27 35 41 42 46 ]
24: [ 5 16 23 26 35 53 67 72 ]
25: [ 12 63 72 ]
26: [ 11 23 24 31 36 42 49 51 52 ]
27: [ 23 30 46 61 66 70 ]
28: [ 3 10 15 45 51 56 62 75 ]
29: [ 4 7 14 52 53 59 70 ]
30: [ 27 36 41 50 51 61 69 70 71 ]
31: [ 26 59 67 70 ]
32: [ 6 13 18 36 46 53 75 ]
33: [ 6 14 17 35 42 50 55 70 ]
34: [ 8 17 36 49 56 66 75 ]
35: [ 17 23 24 33 ]
36: [ 4 9 14 26 30 32 34 64 74 ]
37: [ 46 49 56 68 ]
38: [ 6 8 18 67 74 75 ]
39: [ 6 8 10 18 45 56 65 67 ]
40: [ 13 41 45 50 51 71 75 ]
41: [ 2 4 8 23 30 40 45 54 67 69 ]
42: [ 13 14 18 23 26 33 43 46 55 57 61 62 69 ]
43: [ 17 42 53 66 71 73 ]
44: [ 2 49 54 57 ]
45: [ 8 9 13 18 28 39 40 41 66 74 ]
46: [ 4 23 27 32 37 42 52 62 ]
47: [ 3 15 21 55 ]
48: [ 8 14 17 70 72 75 ]
49: [ 26 34 37 44 51 57 75 ]
50: [ 3 30 33 40 65 68 ]
51: [ 12 26 28 30 40 49 58 60 62 63 65 66 ]
52: [ 3 10 22 26 29 46 74 ]
53: [ 12 24 29 32 43 62 65 71 ]
54: [ 2 8 16 18 22 41 44 56 66 72 ]
55: [ 4 19 33 42 47 66 70 71 ]
56: [ 7 28 34 37 39 54 68 ]
57: [ 16 18 19 21 42 44 49 66 68 ]
58: [ 18 51 65 68 ]
59: [ 18 29 31 71 73 ]
60: [ 3 51 62 ]
61: [ 27 30 42 70 72 ]
62: [ 5 7 28 42 46 51 53 60 ]
63: [ 4 7 10 25 51 75 ]
64: [ 5 13 36 73 ]
65: [ 4 5 12 17 39 50 51 53 58 69 ]
66: [ 10 27 34 43 45 51 54 55 57 ]
67: [ 12 24 31 38 39 41 ]
68: [ 19 37 50 56 57 58 ]
69: [ 18 30 41 42 65 ]
70: [ 5 13 27 29 30 31 33 48 55 61 ]
71: [ 20 30 40 43 53 55 59 73 ]
72: [ 7 10 11 13 16 24 25 48 54 61 ]
73: [ 43 59 64 71 ]
74: [ 17 36 38 45 52 ]
75: [ 21 28 32 34 38 40 48 49 63 ]
