1: [ 20 27 28 30 34 37 74 ]
2: [ 5 16 30 35 49 64 ]
3: [ 4 9 31 35 41 44 48 55 62 64 73 ]
4: [ 3 19 27 50 60 ]
5: [ 2 16 25 37 41 46 58 59 62 63 67 ]
6: [ 7 20 37 68 ]
7: [ 6 38 45 75 ]
8: [ 39 43 47 58 63 66 ]
9: [ 3 16 36 40 48 56 57 61 69 73 ]
10: [ 13 23 ]
11: [ 13 45 49 50 57 63 65 67 73 ]
12: [ 16 22 39 47 70 73 ]
13: [ 10 11 15 22 31 55 ]
14: [ 21 25 36 ]
15: [ 13 19 40 46 47 56 ]
16: [ 2 5 9 12 28 41 49 60 63 ]
17: [ 29 35 36 58 64 68 69 ]
18: [ 27 31 37 46 47 60 ]
19: [ 4 15 25 26 39 ]
20: [ 1 6 42 46 66 ]
21: [ 14 25 42 59 70 ]
22: [ 12 13 33 72 ]
23: [ 10 25 28 32 61 ]
24: [ 32 51 57 59 72 ]
25: [ 5 14 19 21 23 34 50 54 65 75 ]
26: [ 19 29 42 58 62 75 ]
27: [ 1 4 18 33 43 44 45 47 56 57 74 ]
28: [ 1 16 23 36 ]
29: [ 17 26 33 48 57 65 75 ]
30: [ 1 2 70 73 ]
31: [ 3 13 18 38 40 47 49 ]
32: [ 23 24 38 43 60 68 70 ]
33: [ 22 27 29 49 51 58 63 71 75 ]
34: [ 1 25 36 37 39 40 44 45 48 61 70 75 ]
35: [ 2 3 17 58 66 ]
36: [ 9 14 17 28 34 41 61 72 75 ]
37: [ 1 5 6 18 34 43 45 66 68 72 73 ]
38: [ 7 31 32 46 54 64 69 74 ]
39: [ 8 12 19 34 45 56 58 71 74 ]
40: [ 9 15 31 34 42 54 58 63 ]
41: [ 3 5 16 36 51 55 56 65 74 ]
42: [ 20 21 26 40 70 ]
43: [ 8 27 32 37 46 75 ]
44: [ 3 27 34 45 53 ]
45: [ 7 11 27 34 37 39 44 50 57 68 75 ]
46: [ 5 15 18 20 38 43 50 ]
47: [ 8 12 15 18 27 31 52 54 60 65 67 75 ]
48: [ 3 9 29 34 59 67 68 72 ]
49: [ 2 11 16 31 33 70 74 ]
50: [ 4 11 25 45 46 ]
51: [ 24 33 41 61 70 ]
52: [ 47 58 64 65 ]
53: [ 44 65 ]
54: [ 25 38 40 47 57 63 64 66 70 71 72 ]
55: [ 3 13 41 63 64 72 ]
56: [ 9 15 27 39 41 64 75 ]
57: [ 9 11 24 27 29 45 54 75 ]
58: [ 5 8 17 26 33 35 39 40 52 60 63 ]
59: [ 5 21 24 48 64 69 ]
60: [ 4 16 18 32 47 58 ]
61: [ 9 23 34 36 51 ]
62: [ 3 5 26 ]
63: [ 5 8 11 16 33 40 54 55 58 66 ]
64: [ 2 3 17 38 52 54 55 56 59 70 ]
65: [ 11 25 29 41 47 52 53 73 74 ]
66: [ 8 20 35 37 54 63 ]
67: [ 5 11 47 48 70 ]
68: [ 6 17 32 37 45 48 70 72 ]
69: [ 9 17 38 59 ]
70: [ 12 21 30 32 34 42 49 51 54 64 67 68 ]
71: [ 33 39 54 ]
72: [ 22 24 36 37 48 54 55 68 ]
73: [ 3 9 11 12 30 37 65 ]
74: [ 1 27 38 39 41 49 65 ]
75: [ 7 25 26 29 33 34 36 43 45 47 56 57 ]
