1: [ 2 4 7 16 29 41 44 47 ]
2: [ 1 18 21 31 43 44 45 ]
3: [ 33 50 66 ]
4: [ 1 10 18 21 25 30 31 48 55 69 ]
5: [ 17 18 24 27 36 39 40 43 51 54 67 70 71 ]
6: [ 9 22 36 45 47 59 62 64 74 ]
7: [ 1 18 27 33 35 43 48 63 65 70 75 ]
8: [ 22 30 40 43 44 65 ]
9: [ 6 26 50 64 ]
10: [ 4 13 27 38 41 48 67 70 ]
11: [ 12 ]
12: [ 11 16 54 58 68 74 75 ]
13: [ 10 17 26 29 30 46 51 57 63 70 75 ]
14: [ 23 27 31 47 48 71 73 75 ]
15: [ 33 40 58 ]
16: [ 1 12 20 23 46 54 70 ]
17: [ 5 13 70 ]
18: [ 2 4 5 7 22 23 47 51 59 67 68 72 ]
19: [ 41 48 ]
20: [ 16 21 26 40 48 64 65 ]
21: [ 2 4 20 25 30 ]
22: [ 6 8 18 31 45 50 71 74 ]
23: [ 14 16 18 57 61 62 66 69 74 ]
24: [ 5 26 27 38 39 62 ]
25: [ 4 21 27 29 30 34 41 43 ]
26: [ 9 13 20 24 27 30 37 44 45 49 ]
27: [ 5 7 10 14 24 25 26 39 49 73 ]
28: [ 66 72 73 ]
29: [ 1 13 25 30 31 46 51 59 62 64 66 ]
30: [ 4 8 13 21 25 26 29 31 44 50 58 59 60 ]
31: [ 2 4 14 22 29 30 34 42 47 48 49 60 68 ]
32: [ 55 69 ]
33: [ 3 7 15 43 52 58 ]
34: [ 25 31 38 48 54 ]
35: [ 7 53 73 ]
36: [ 5 6 49 65 67 ]
37: [ 26 44 ]
38: [ 10 24 34 45 47 58 65 75 ]
39: [ 5 24 27 42 51 62 75 ]
40: [ 5 8 15 20 45 48 53 ]
41: [ 1 10 19 25 48 72 75 ]
42: [ 31 39 45 53 59 ]
43: [ 2 5 7 8 25 33 74 ]
44: [ 1 2 8 26 30 37 71 75 ]
45: [ 2 6 22 26 38 40 42 ]
46: [ 13 16 29 49 51 54 ]
47: [ 1 6 14 18 31 38 57 64 72 ]
48: [ 4 7 10 14 19 20 31 34 40 41 53 62 69 75 ]
49: [ 26 27 31 36 46 54 71 ]
50: [ 3 9 22 30 54 60 65 ]
51: [ 5 13 18 29 39 46 56 57 59 ]
52: [ 33 56 65 72 ]
53: [ 35 40 42 48 66 ]
54: [ 5 12 16 34 46 49 50 67 ]
55: [ 4 32 59 67 ]
56: [ 51 52 74 ]
57: [ 13 23 47 51 72 73 ]
58: [ 12 15 30 33 38 71 72 ]
59: [ 6 18 29 30 42 51 55 72 73 ]
60: [ 30 31 50 65 ]
61: [ 23 66 ]
62: [ 6 23 24 29 39 48 64 75 ]
63: [ 7 13 75 ]
64: [ 6 9 20 29 47 62 74 ]
65: [ 7 8 20 36 38 50 52 60 69 ]
66: [ 3 23 28 29 53 61 75 ]
67: [ 5 10 18 36 54 55 71 ]
68: [ 12 18 31 74 ]
69: [ 4 23 32 48 65 ]
70: [ 5 7 10 13 16 17 73 ]
71: [ 5 14 22 44 49 58 67 ]
72: [ 18 28 41 47 52 57 58 59 75 ]
73: [ 14 27 28 35 57 59 70 ]
74: [ 6 12 22 23 43 56 64 68 ]
75: [ 7 12 13 14 38 39 41 44 48 62 63 66 72 ]
