1: [ 5 7 12 33 37 47 49 60 71 ]
2: [ 7 13 60 64 71 ]
3: [ ]
4: [ 45 50 51 56 62 75 ]
5: [ 1 7 17 19 26 31 34 44 46 ]
6: [ 8 70 ]
7: [ 1 2 5 14 21 29 31 40 42 46 ]
8: [ 6 9 17 23 24 37 41 43 ]
9: [ 8 21 22 27 34 42 53 63 65 ]
10: [ 11 13 17 27 31 33 42 55 64 68 ]
11: [ 10 12 27 47 54 71 75 ]
12: [ 1 11 29 30 36 70 73 ]
13: [ 2 10 22 24 25 32 50 55 ]
14: [ 7 15 16 23 37 41 51 62 66 67 ]
15: [ 14 29 31 38 42 51 61 64 72 ]
16: [ 14 24 25 40 51 63 65 68 ]
17: [ 5 8 10 21 23 29 33 42 52 55 75 ]
18: [ 19 34 54 55 ]
19: [ 5 18 22 37 49 ]
20: [ 22 57 ]
21: [ 7 9 17 24 27 29 30 35 40 44 52 72 ]
22: [ 9 13 19 20 33 48 51 67 73 ]
23: [ 8 14 17 29 34 37 38 42 63 ]
24: [ 8 13 16 21 27 34 41 58 62 64 72 74 ]
25: [ 13 16 44 75 ]
26: [ 5 33 ]
27: [ 9 10 11 21 24 30 37 63 ]
28: [ 33 34 66 67 ]
29: [ 7 12 15 17 21 23 43 62 71 72 ]
30: [ 12 21 27 32 34 43 48 54 57 72 73 ]
31: [ 5 7 10 15 34 44 47 49 59 61 62 70 73 74 ]
32: [ 13 30 35 43 ]
33: [ 1 10 17 22 26 28 37 64 72 ]
34: [ 5 9 18 23 24 28 30 31 65 74 ]
35: [ 21 32 37 39 41 ]
36: [ 12 62 73 ]
37: [ 1 8 14 19 23 27 33 35 50 ]
38: [ 15 23 40 43 57 71 72 ]
39: [ 35 53 72 75 ]
40: [ 7 16 21 38 59 64 68 71 ]
41: [ 8 14 24 35 44 63 69 74 ]
42: [ 7 9 10 15 17 23 53 57 63 ]
43: [ 8 29 30 32 38 44 59 66 ]
44: [ 5 21 25 31 41 43 63 74 ]
45: [ 4 51 66 67 69 73 74 75 ]
46: [ 5 7 49 63 ]
47: [ 1 11 31 52 63 ]
48: [ 22 30 49 53 70 72 ]
49: [ 1 19 31 46 48 57 70 73 74 ]
50: [ 4 13 37 52 67 72 ]
51: [ 4 14 15 16 22 45 66 67 ]
52: [ 17 21 47 50 66 67 ]
53: [ 9 39 42 48 ]
54: [ 11 18 30 ]
55: [ 10 13 17 18 74 ]
56: [ 4 65 69 ]
57: [ 20 30 38 42 49 ]
58: [ 24 74 ]
59: [ 31 40 43 63 66 75 ]
60: [ 1 2 67 ]
61: [ 15 31 62 67 73 ]
62: [ 4 14 24 29 31 36 61 64 ]
63: [ 9 16 23 27 41 42 44 46 47 59 70 ]
64: [ 2 10 15 24 33 40 62 ]
65: [ 9 16 34 56 ]
66: [ 14 28 43 45 51 52 59 67 73 ]
67: [ 14 22 28 45 50 51 52 60 61 66 72 73 ]
68: [ 10 16 40 74 75 ]
69: [ 41 45 56 ]
70: [ 6 12 31 48 49 63 ]
71: [ 1 2 11 29 38 40 ]
72: [ 15 21 24 29 30 33 38 39 48 50 67 ]
73: [ 12 22 30 31 36 45 49 61 66 67 ]
74: [ 24 31 34 41 44 45 49 55 58 68 ]
75: [ 4 11 17 25 39 45 59 68 ]
