1: [ 5 32 ]
2: [ 17 21 26 35 45 49 64 65 ]
3: [ 11 18 21 31 35 41 44 49 54 ]
4: [ 8 20 33 37 41 60 65 71 ]
5: [ 1 11 13 25 31 33 37 45 48 49 55 60 68 ]
6: [ 11 16 19 40 44 47 58 64 68 72 ]
7: [ 19 20 22 34 40 61 64 71 ]
8: [ 4 19 23 28 32 40 45 56 57 65 75 ]
9: [ 10 25 46 47 74 ]
10: [ 9 19 24 40 52 ]
11: [ 3 5 6 32 47 61 ]
12: [ 32 44 49 58 ]
13: [ 5 20 33 72 ]
14: [ 23 39 45 48 57 69 ]
15: [ 29 34 41 49 52 72 73 ]
16: [ 6 18 21 22 27 30 41 59 60 62 72 ]
17: [ 2 41 44 55 60 65 ]
18: [ 3 16 25 42 46 67 ]
19: [ 6 7 8 10 44 59 62 72 75 ]
20: [ 4 7 13 34 39 51 54 58 66 71 72 74 ]
21: [ 2 3 16 32 35 57 61 62 72 ]
22: [ 7 16 27 34 39 62 ]
23: [ 8 14 37 47 49 57 66 ]
24: [ 10 38 52 58 62 67 ]
25: [ 5 9 18 26 30 33 60 70 75 ]
26: [ 2 25 28 47 58 ]
27: [ 16 22 50 62 63 ]
28: [ 8 26 36 58 ]
29: [ 15 63 ]
30: [ 16 25 32 37 41 46 49 70 74 ]
31: [ 3 5 41 44 45 48 58 62 66 ]
32: [ 1 8 11 12 21 30 34 42 47 58 60 67 70 ]
33: [ 4 5 13 25 59 ]
34: [ 7 15 20 22 32 56 61 65 72 74 ]
35: [ 2 3 21 61 72 ]
36: [ 28 45 71 ]
37: [ 4 5 23 30 40 52 ]
38: [ 24 39 58 71 ]
39: [ 14 20 22 38 45 48 50 54 58 ]
40: [ 6 7 8 10 37 60 ]
41: [ 3 4 15 16 17 30 31 62 64 72 74 ]
42: [ 18 32 ]
43: [ 47 60 74 ]
44: [ 3 6 12 17 19 31 63 67 ]
45: [ 2 5 8 14 31 36 39 ]
46: [ 9 18 30 52 55 56 ]
47: [ 6 9 11 23 26 32 43 50 53 68 72 ]
48: [ 5 14 31 39 52 54 68 70 ]
49: [ 2 3 5 12 15 23 30 52 54 62 ]
50: [ 27 39 47 53 58 64 69 70 ]
51: [ 20 58 ]
52: [ 10 15 24 37 46 48 49 61 66 71 ]
53: [ 47 50 60 67 ]
54: [ 3 20 39 48 49 ]
55: [ 5 17 46 62 ]
56: [ 8 34 46 64 66 ]
57: [ 8 14 21 23 ]
58: [ 6 12 20 24 26 28 31 32 38 39 50 51 63 69 ]
59: [ 16 19 33 65 67 ]
60: [ 4 5 16 17 25 32 40 43 53 62 64 66 69 ]
61: [ 7 11 21 34 35 52 64 70 73 ]
62: [ 16 19 21 22 24 27 31 41 49 55 60 ]
63: [ 27 29 44 58 74 75 ]
64: [ 2 6 7 41 50 56 60 61 ]
65: [ 2 4 8 17 34 59 ]
66: [ 20 23 31 52 56 60 67 72 ]
67: [ 18 24 32 44 53 59 66 71 ]
68: [ 5 6 47 48 ]
69: [ 14 50 58 60 75 ]
70: [ 25 30 32 48 50 61 ]
71: [ 4 7 20 36 38 52 67 ]
72: [ 6 13 15 16 19 20 21 34 35 41 47 66 ]
73: [ 15 61 ]
74: [ 9 20 30 34 41 43 63 ]
75: [ 8 19 25 63 69 ]
