1: [ 6 11 41 47 57 67 ]
2: [ 14 27 31 38 49 61 64 67 69 75 ]
3: [ 9 18 21 23 35 43 46 47 50 51 56 62 67 ]
4: [ 11 22 23 24 26 36 53 62 64 ]
5: [ 7 9 10 14 15 18 20 23 25 55 59 60 61 ]
6: [ 1 8 9 12 19 37 39 42 44 45 46 59 ]
7: [ 5 9 21 24 31 35 42 58 59 60 ]
8: [ 6 45 73 ]
9: [ 3 5 6 7 15 17 19 39 40 53 64 73 75 ]
10: [ 5 11 19 26 30 36 66 71 73 75 ]
11: [ 1 4 10 16 26 33 36 47 49 52 54 61 ]
12: [ 6 18 26 34 36 44 59 62 66 71 ]
13: [ 18 46 69 71 ]
14: [ 2 5 21 46 66 ]
15: [ 5 9 22 26 38 39 40 69 ]
16: [ 11 21 31 60 72 ]
17: [ 9 22 28 31 37 38 43 44 46 52 58 64 72 ]
18: [ 3 5 12 13 22 25 27 45 52 54 60 61 63 64 ]
19: [ 6 9 10 23 35 49 50 55 ]
20: [ 5 28 31 40 48 57 ]
21: [ 3 7 14 16 22 74 ]
22: [ 4 15 17 18 21 34 48 50 55 59 60 ]
23: [ 3 4 5 19 27 32 46 48 54 66 ]
24: [ 4 7 25 34 36 38 40 49 52 63 72 ]
25: [ 5 18 24 33 40 50 58 68 ]
26: [ 4 10 11 12 15 37 49 52 75 ]
27: [ 2 18 23 38 60 62 69 73 ]
28: [ 17 20 31 42 48 53 59 ]
29: [ 40 60 63 72 ]
30: [ 10 35 47 51 62 64 72 ]
31: [ 2 7 16 17 20 28 39 48 61 72 ]
32: [ 23 62 67 ]
33: [ 11 25 44 47 49 55 ]
34: [ 12 22 24 52 55 68 ]
35: [ 3 7 19 30 41 53 63 ]
36: [ 4 10 11 12 24 42 44 55 59 65 66 ]
37: [ 6 17 26 50 ]
38: [ 2 15 17 24 27 46 75 ]
39: [ 6 9 15 31 51 64 ]
40: [ 9 15 20 24 25 29 41 52 54 60 65 ]
41: [ 1 35 40 44 51 52 63 ]
42: [ 6 7 28 36 46 48 56 57 70 ]
43: [ 3 17 63 69 74 ]
44: [ 6 12 17 33 36 41 46 54 55 57 64 70 ]
45: [ 6 8 18 54 68 ]
46: [ 3 6 13 14 17 23 38 42 44 48 51 53 68 73 ]
47: [ 1 3 11 30 33 54 61 ]
48: [ 20 22 23 28 31 42 46 54 55 59 60 66 ]
49: [ 2 11 19 24 26 33 57 ]
50: [ 3 19 22 25 37 57 59 ]
51: [ 3 30 39 41 46 55 67 69 ]
52: [ 11 17 18 24 26 34 40 41 65 ]
53: [ 4 9 28 35 46 54 62 65 ]
54: [ 11 18 23 40 44 45 47 48 53 56 62 65 ]
55: [ 5 19 22 33 34 36 44 48 51 59 ]
56: [ 3 42 54 59 63 ]
57: [ 1 20 42 44 49 50 59 67 72 ]
58: [ 7 17 25 68 73 74 ]
59: [ 5 6 7 12 22 28 36 48 50 55 56 57 60 70 74 ]
60: [ 5 7 16 18 22 27 29 40 48 59 64 69 72 ]
61: [ 2 5 11 18 31 47 71 72 75 ]
62: [ 3 4 12 27 30 32 53 54 65 67 ]
63: [ 18 24 29 35 41 43 56 68 69 ]
64: [ 2 4 9 17 18 30 39 44 60 ]
65: [ 36 40 52 53 54 62 67 69 ]
66: [ 10 12 14 23 36 48 ]
67: [ 1 2 3 32 51 57 62 65 70 ]
68: [ 25 34 45 46 58 63 ]
69: [ 2 13 15 27 43 51 60 63 65 ]
70: [ 42 44 59 67 ]
71: [ 10 12 13 61 72 ]
72: [ 16 17 24 29 30 31 57 60 61 71 ]
73: [ 8 9 10 27 46 58 ]
74: [ 21 43 58 59 75 ]
75: [ 2 9 10 26 38 61 74 ]
