1: [ 13 16 48 54 ]
2: [ 21 30 34 35 42 49 ]
3: [ 19 24 66 ]
4: [ 7 31 32 35 41 42 45 52 54 55 68 ]
5: [ 6 10 16 22 25 29 30 32 35 37 42 51 60 61 67 68 75 ]
6: [ 5 18 23 31 36 44 47 49 63 ]
7: [ 4 45 56 ]
8: [ 19 21 32 38 43 49 54 57 63 ]
9: [ 10 25 27 31 33 36 39 69 ]
10: [ 5 9 18 22 59 65 72 74 ]
11: [ 20 26 31 42 48 51 57 70 73 74 ]
12: [ 15 26 44 50 52 59 67 69 70 73 ]
13: [ 1 16 17 29 46 47 61 65 67 75 ]
14: [ 20 21 35 36 37 39 44 56 58 64 ]
15: [ 12 31 32 42 55 62 66 ]
16: [ 1 5 13 37 40 46 49 ]
17: [ 13 20 23 29 32 34 47 ]
18: [ 6 10 35 42 59 ]
19: [ 3 8 25 48 60 67 69 ]
20: [ 11 14 17 31 75 ]
21: [ 2 8 14 22 24 35 36 67 72 ]
22: [ 5 10 21 34 ]
23: [ 6 17 24 25 27 35 41 42 67 72 ]
24: [ 3 21 23 31 43 56 60 63 66 70 ]
25: [ 5 9 19 23 38 43 50 61 66 ]
26: [ 11 12 50 60 63 ]
27: [ 9 23 43 49 66 72 ]
28: [ 39 45 51 52 53 ]
29: [ 5 13 17 42 46 54 60 73 75 ]
30: [ 2 5 34 43 45 56 57 59 ]
31: [ 4 6 9 11 15 20 24 32 39 47 53 59 61 73 75 ]
32: [ 4 5 8 15 17 31 37 40 53 54 58 60 65 ]
33: [ 9 49 50 65 74 ]
34: [ 2 17 22 30 35 39 41 43 56 60 63 ]
35: [ 2 4 5 14 18 21 23 34 46 50 56 57 59 62 ]
36: [ 6 9 14 21 49 50 53 56 66 68 ]
37: [ 5 14 16 32 39 53 67 ]
38: [ 8 25 65 ]
39: [ 9 14 28 31 34 37 45 46 51 59 61 ]
40: [ 16 32 47 51 66 ]
41: [ 4 23 34 42 43 74 ]
42: [ 2 4 5 11 15 18 23 29 41 53 56 73 74 ]
43: [ 8 24 25 27 30 34 41 60 67 75 ]
44: [ 6 12 14 57 ]
45: [ 4 7 28 30 39 55 62 65 69 70 ]
46: [ 13 16 29 35 39 72 ]
47: [ 6 13 17 31 40 50 56 64 ]
48: [ 1 11 19 57 60 68 73 ]
49: [ 2 6 8 16 27 33 36 59 60 ]
50: [ 12 25 26 33 35 36 47 52 59 ]
51: [ 5 11 28 39 40 63 72 ]
52: [ 4 12 28 50 57 ]
53: [ 28 31 32 36 37 42 54 72 ]
54: [ 1 4 8 29 32 53 75 ]
55: [ 4 15 45 75 ]
56: [ 7 14 24 30 34 35 36 42 47 ]
57: [ 8 11 30 35 44 48 52 75 ]
58: [ 14 32 59 65 70 ]
59: [ 10 12 18 30 31 35 39 49 50 58 71 ]
60: [ 5 19 24 26 29 32 34 43 48 49 66 69 ]
61: [ 5 13 25 31 39 65 69 ]
62: [ 15 35 45 ]
63: [ 6 8 24 26 34 51 66 ]
64: [ 14 47 ]
65: [ 10 13 32 33 38 45 58 61 ]
66: [ 3 15 24 25 27 36 40 60 63 ]
67: [ 5 12 13 19 21 23 37 43 72 ]
68: [ 4 5 36 48 72 ]
69: [ 9 12 19 45 60 61 ]
70: [ 11 12 24 45 58 ]
71: [ 59 ]
72: [ 10 21 23 27 46 51 53 67 68 73 74 ]
73: [ 11 12 29 31 42 48 72 ]
74: [ 10 11 33 41 42 72 ]
75: [ 5 13 20 29 31 43 54 55 57 ]
