1: [ 7 9 12 20 21 34 47 49 ]
2: [ 5 6 19 27 28 32 41 42 ]
3: [ 7 9 16 19 23 37 42 57 58 66 68 ]
4: [ 8 25 29 37 43 44 45 47 52 57 58 70 ]
5: [ 2 21 32 48 55 ]
6: [ 2 15 18 28 33 39 47 52 62 72 75 ]
7: [ 1 3 19 27 44 45 63 ]
8: [ 4 28 37 40 57 67 71 ]
9: [ 1 3 15 20 38 68 ]
10: [ 16 18 28 29 41 43 49 59 61 ]
11: [ 71 ]
12: [ 1 14 19 22 41 53 57 ]
13: [ 18 20 55 ]
14: [ 12 17 18 30 39 41 52 56 62 74 ]
15: [ 6 9 33 35 45 65 71 ]
16: [ 3 10 28 36 55 62 ]
17: [ 14 30 58 64 68 73 74 ]
18: [ 6 10 13 14 28 41 43 75 ]
19: [ 2 3 7 12 24 26 31 43 47 53 74 ]
20: [ 1 9 13 21 36 37 41 42 43 52 53 54 59 70 ]
21: [ 1 5 20 25 43 45 47 50 51 53 63 ]
22: [ 12 33 44 48 51 53 68 69 74 ]
23: [ 3 37 40 48 50 52 ]
24: [ 19 67 ]
25: [ 4 21 30 51 ]
26: [ 19 36 42 56 ]
27: [ 2 7 43 61 75 ]
28: [ 2 6 8 10 16 18 63 70 ]
29: [ 4 10 50 65 71 ]
30: [ 14 17 25 38 39 42 49 52 71 ]
31: [ 19 39 47 48 50 56 69 70 ]
32: [ 2 5 39 45 49 51 56 57 ]
33: [ 6 15 22 50 52 54 63 71 73 ]
34: [ 1 37 39 47 75 ]
35: [ 15 62 72 ]
36: [ 16 20 26 38 56 61 65 ]
37: [ 3 4 8 20 23 34 40 52 62 71 ]
38: [ 9 30 36 42 48 53 61 63 66 74 ]
39: [ 6 14 30 31 32 34 41 51 52 56 62 63 ]
40: [ 8 23 37 63 ]
41: [ 2 10 12 14 18 20 39 43 53 63 74 ]
42: [ 2 3 20 26 30 38 44 45 48 49 67 71 74 ]
43: [ 4 10 18 19 20 21 27 41 46 58 63 65 ]
44: [ 4 7 22 42 45 48 52 54 60 74 ]
45: [ 4 7 15 21 32 42 44 ]
46: [ 43 62 74 ]
47: [ 1 4 6 19 21 31 34 68 73 ]
48: [ 5 22 23 31 38 42 44 50 51 59 67 68 ]
49: [ 1 10 30 32 42 61 67 72 ]
50: [ 21 23 29 31 33 48 73 ]
51: [ 21 22 25 32 39 48 70 ]
52: [ 4 6 14 20 23 30 33 37 39 44 67 70 71 ]
53: [ 12 19 20 21 22 38 41 56 60 68 72 ]
54: [ 20 33 44 73 ]
55: [ 5 13 16 65 ]
56: [ 14 26 31 32 36 39 53 ]
57: [ 3 4 8 12 32 59 63 ]
58: [ 3 4 17 43 61 66 ]
59: [ 10 20 48 57 ]
60: [ 44 53 65 66 69 71 ]
61: [ 10 27 36 38 49 58 70 73 74 ]
62: [ 6 14 16 35 37 39 46 ]
63: [ 7 21 28 33 38 39 40 41 43 57 68 ]
64: [ 17 ]
65: [ 15 29 36 43 55 60 71 74 ]
66: [ 3 38 58 60 ]
67: [ 8 24 42 48 49 52 68 71 ]
68: [ 3 9 17 22 47 48 53 63 67 ]
69: [ 22 31 60 ]
70: [ 4 20 28 31 51 52 61 ]
71: [ 8 11 15 29 30 33 37 42 52 60 65 67 ]
72: [ 6 35 49 53 75 ]
73: [ 17 33 47 50 54 61 ]
74: [ 14 17 19 22 38 41 42 44 46 61 65 75 ]
75: [ 6 18 27 34 72 74 ]
