1: [ 3 7 32 34 39 44 45 57 58 63 64 ]
2: [ 46 58 60 69 74 ]
3: [ 1 20 22 33 40 44 63 75 ]
4: [ 16 31 43 44 48 65 68 ]
5: [ 37 48 65 ]
6: [ 9 19 27 37 57 59 ]
7: [ 1 15 21 23 30 46 47 66 68 ]
8: [ 21 24 39 42 51 58 60 74 ]
9: [ 6 34 44 49 72 ]
10: [ 11 14 17 31 39 44 45 49 50 65 70 ]
11: [ 10 25 36 37 43 45 51 52 53 56 63 69 71 ]
12: [ 18 21 25 29 30 ]
13: [ 18 30 38 39 45 50 57 72 ]
14: [ 10 24 28 33 57 58 ]
15: [ 7 28 36 45 48 51 54 55 57 58 63 64 ]
16: [ 4 17 22 36 42 48 58 65 74 75 ]
17: [ 10 16 18 26 32 45 48 59 61 ]
18: [ 12 13 17 28 33 34 35 44 53 58 60 72 73 74 ]
19: [ 6 24 36 43 57 ]
20: [ 3 31 38 40 52 55 64 73 ]
21: [ 7 8 12 27 30 44 58 ]
22: [ 3 16 31 35 37 39 41 44 63 69 71 73 ]
23: [ 7 24 32 33 38 ]
24: [ 8 14 19 23 28 30 36 54 66 69 74 ]
25: [ 11 12 33 39 46 52 69 74 ]
26: [ 17 27 35 45 48 ]
27: [ 6 21 26 31 39 56 60 64 ]
28: [ 14 15 18 24 29 39 58 72 74 ]
29: [ 12 28 51 71 73 74 75 ]
30: [ 7 12 13 21 24 32 69 ]
31: [ 4 10 20 22 27 47 51 56 60 62 67 69 72 ]
32: [ 1 17 23 30 35 51 54 55 59 60 65 ]
33: [ 3 14 18 23 25 38 39 46 49 51 64 ]
34: [ 1 9 18 39 48 51 55 58 59 66 71 73 ]
35: [ 18 22 26 32 37 44 57 67 72 74 ]
36: [ 11 15 16 19 24 50 ]
37: [ 5 6 11 22 35 38 43 60 62 64 65 68 69 70 ]
38: [ 13 20 23 33 37 44 46 56 57 59 ]
39: [ 1 8 10 13 22 25 27 28 33 34 40 45 53 55 61 63 67 75 ]
40: [ 3 20 39 ]
41: [ 22 58 70 73 ]
42: [ 8 16 47 ]
43: [ 4 11 19 37 55 68 75 ]
44: [ 1 3 4 9 10 18 21 22 35 38 47 53 59 68 74 ]
45: [ 1 10 11 13 15 17 26 39 52 60 62 63 69 72 ]
46: [ 2 7 25 33 38 53 65 68 71 72 ]
47: [ 7 31 42 44 54 63 ]
48: [ 4 5 15 16 17 26 34 66 72 ]
49: [ 9 10 33 56 59 61 65 ]
50: [ 10 13 36 53 64 ]
51: [ 8 11 15 29 31 32 33 34 57 58 59 ]
52: [ 11 20 25 45 68 ]
53: [ 11 18 39 44 46 50 60 66 67 ]
54: [ 15 24 32 47 57 68 69 ]
55: [ 15 20 32 34 39 43 61 64 ]
56: [ 11 27 31 38 49 71 74 ]
57: [ 1 6 13 14 15 19 35 38 51 54 62 72 ]
58: [ 1 2 8 14 15 16 18 21 28 34 41 51 ]
59: [ 6 17 32 34 38 44 49 51 75 ]
60: [ 2 8 18 27 31 32 37 45 53 61 66 67 ]
61: [ 17 39 49 55 60 ]
62: [ 31 37 45 57 72 ]
63: [ 1 3 11 15 22 39 45 47 ]
64: [ 1 15 20 27 33 37 50 55 ]
65: [ 4 5 10 16 32 37 46 49 ]
66: [ 7 24 34 48 53 60 ]
67: [ 31 35 39 53 60 ]
68: [ 4 7 37 43 44 46 52 54 73 ]
69: [ 2 11 22 24 25 30 31 37 45 54 ]
70: [ 10 37 41 ]
71: [ 11 22 29 34 46 56 73 ]
72: [ 9 13 18 28 31 35 45 46 48 57 62 ]
73: [ 18 20 22 29 34 41 68 71 74 ]
74: [ 2 8 16 18 24 25 28 29 35 44 56 73 ]
75: [ 3 16 29 39 43 59 ]
