1: [ 3 14 15 45 58 64 68 73 ]
2: [ 5 6 8 14 27 29 30 32 35 52 60 ]
3: [ 1 4 9 27 34 35 37 51 53 ]
4: [ 3 8 24 27 59 75 ]
5: [ 2 21 23 26 30 35 40 55 59 66 71 ]
6: [ 2 9 27 28 32 36 43 53 60 62 ]
7: [ 52 56 60 73 ]
8: [ 2 4 9 16 35 60 ]
9: [ 3 6 8 20 33 34 40 41 69 ]
10: [ 36 39 52 57 59 ]
11: [ 17 19 34 63 64 74 ]
12: [ 33 39 52 55 ]
13: [ 22 30 33 66 73 75 ]
14: [ 1 2 30 42 47 53 58 59 71 ]
15: [ 1 30 54 61 72 ]
16: [ 8 20 33 45 55 56 57 60 66 67 70 ]
17: [ 11 57 58 64 ]
18: [ 35 54 56 57 59 65 68 ]
19: [ 11 25 48 57 ]
20: [ 9 16 23 27 35 37 41 54 55 62 ]
21: [ 5 47 68 ]
22: [ 13 42 71 73 74 75 ]
23: [ 5 20 28 29 30 34 55 56 66 67 74 75 ]
24: [ 4 29 35 36 42 64 75 ]
25: [ 19 30 31 37 39 40 42 64 66 71 72 ]
26: [ 5 38 39 72 ]
27: [ 2 3 4 6 20 33 45 48 56 ]
28: [ 6 23 49 53 58 59 68 ]
29: [ 2 23 24 44 54 ]
30: [ 2 5 13 14 15 23 25 32 36 46 54 55 62 ]
31: [ 25 32 50 51 52 54 60 72 73 ]
32: [ 2 6 30 31 43 49 52 58 63 ]
33: [ 9 12 13 16 27 44 47 61 67 68 74 ]
34: [ 3 9 11 23 38 41 57 ]
35: [ 2 3 5 8 18 20 24 39 41 44 46 52 57 63 ]
36: [ 6 10 24 30 38 41 50 52 62 67 71 75 ]
37: [ 3 20 25 ]
38: [ 26 34 36 45 51 60 63 68 ]
39: [ 10 12 25 26 35 49 55 62 ]
40: [ 5 9 25 68 ]
41: [ 9 20 34 35 36 44 51 60 61 62 63 71 72 ]
42: [ 14 22 24 25 52 54 59 72 74 75 ]
43: [ 6 32 64 67 72 ]
44: [ 29 33 35 41 45 50 52 53 ]
45: [ 1 16 27 38 44 49 64 67 71 ]
46: [ 30 35 55 ]
47: [ 14 21 33 51 73 ]
48: [ 19 27 62 ]
49: [ 28 32 39 45 53 70 ]
50: [ 31 36 44 52 53 68 ]
51: [ 3 31 38 41 47 63 ]
52: [ 2 7 10 12 31 32 35 36 42 44 50 57 75 ]
53: [ 3 6 14 28 44 49 50 68 71 74 ]
54: [ 15 18 20 29 30 31 42 ]
55: [ 5 12 16 20 23 30 39 46 ]
56: [ 7 16 18 23 27 71 ]
57: [ 10 16 17 18 19 34 35 52 66 68 70 ]
58: [ 1 14 17 28 32 59 60 67 ]
59: [ 4 5 10 14 18 28 42 58 62 ]
60: [ 2 6 7 8 16 31 38 41 58 65 ]
61: [ 15 33 41 64 ]
62: [ 6 20 30 36 39 41 48 59 66 ]
63: [ 11 32 35 38 41 51 ]
64: [ 1 11 17 24 25 43 45 61 68 71 ]
65: [ 18 60 ]
66: [ 5 13 16 23 25 57 62 ]
67: [ 16 23 33 36 43 45 58 ]
68: [ 1 18 21 28 33 38 40 50 53 57 64 72 ]
69: [ 9 ]
70: [ 16 49 57 72 ]
71: [ 5 14 22 25 36 41 45 53 56 64 72 73 75 ]
72: [ 15 25 26 31 41 42 43 68 70 71 ]
73: [ 1 7 13 22 31 47 71 ]
74: [ 11 22 23 33 42 53 75 ]
75: [ 4 13 22 23 24 36 42 52 71 74 ]
