1: [ 2 6 10 30 34 35 37 44 45 46 56 60 ]
2: [ 1 12 20 26 29 30 33 34 41 52 57 67 75 ]
3: [ 17 29 31 38 43 50 55 69 ]
4: [ 20 67 ]
5: [ 13 20 37 46 55 59 60 63 67 70 ]
6: [ 1 16 25 33 38 ]
7: [ 20 27 42 54 ]
8: [ 10 13 16 17 31 39 52 54 73 ]
9: [ 14 16 19 26 28 37 50 53 62 68 ]
10: [ 1 8 34 49 69 75 ]
11: [ 27 30 46 52 63 ]
12: [ 2 19 25 30 34 43 46 55 56 60 75 ]
13: [ 5 8 18 37 50 57 65 ]
14: [ 9 39 44 61 64 75 ]
15: [ 22 24 61 68 ]
16: [ 6 8 9 19 24 66 ]
17: [ 3 8 19 25 27 29 38 44 51 73 ]
18: [ 13 19 28 54 57 ]
19: [ 9 12 16 17 18 26 46 48 52 56 61 66 ]
20: [ 2 4 5 7 29 46 54 60 72 ]
21: [ 39 60 ]
22: [ 15 37 38 59 60 65 67 ]
23: [ 29 37 46 54 55 58 60 75 ]
24: [ 15 16 39 54 60 72 ]
25: [ 6 12 17 35 39 60 65 ]
26: [ 2 9 19 28 39 43 49 75 ]
27: [ 7 11 17 33 37 38 46 62 65 ]
28: [ 9 18 26 43 53 54 56 ]
29: [ 2 3 17 20 23 35 60 61 66 69 ]
30: [ 1 2 11 12 38 42 43 45 50 55 63 74 ]
31: [ 3 8 34 48 63 64 ]
32: [ 50 60 64 68 ]
33: [ 2 6 27 53 ]
34: [ 1 2 10 12 31 37 46 61 74 ]
35: [ 1 25 29 52 63 ]
36: [ 67 ]
37: [ 1 5 9 13 22 23 27 34 ]
38: [ 3 6 17 22 27 30 40 67 73 ]
39: [ 8 14 21 24 25 26 57 64 ]
40: [ 38 42 46 49 59 65 ]
41: [ 2 44 45 65 ]
42: [ 7 30 40 48 53 54 56 59 61 69 ]
43: [ 3 12 26 28 30 45 48 54 55 65 68 71 73 ]
44: [ 1 14 17 41 45 60 64 71 ]
45: [ 1 30 41 43 44 ]
46: [ 1 5 11 12 19 20 23 27 34 40 48 54 59 67 70 ]
47: [ 54 64 65 ]
48: [ 19 31 42 43 46 49 65 ]
49: [ 10 26 40 48 52 62 ]
50: [ 3 9 13 30 32 62 63 65 ]
51: [ 17 59 69 ]
52: [ 2 8 11 19 35 49 62 67 70 ]
53: [ 9 28 33 42 ]
54: [ 7 8 18 20 23 24 28 42 43 46 47 57 72 ]
55: [ 3 5 12 23 30 43 56 60 ]
56: [ 1 12 19 28 42 55 59 61 71 75 ]
57: [ 2 13 18 39 54 63 72 75 ]
58: [ 23 66 73 75 ]
59: [ 5 22 40 42 46 51 56 ]
60: [ 1 5 12 20 21 22 23 24 25 29 32 44 55 ]
61: [ 14 15 19 29 34 42 56 72 73 ]
62: [ 9 27 49 50 52 ]
63: [ 5 11 30 31 35 50 57 69 ]
64: [ 14 31 32 39 44 47 ]
65: [ 13 22 25 27 40 41 43 47 48 50 67 ]
66: [ 16 19 29 58 73 ]
67: [ 2 4 5 22 36 38 46 52 65 ]
68: [ 9 15 32 43 ]
69: [ 3 10 29 42 51 63 ]
70: [ 5 46 52 73 ]
71: [ 43 44 56 ]
72: [ 20 24 54 57 61 ]
73: [ 8 17 38 43 58 61 66 70 ]
74: [ 30 34 ]
75: [ 2 10 12 14 23 26 56 57 58 ]
