1: [ 9 19 25 31 32 43 46 52 ]
2: [ 8 9 19 20 21 27 49 ]
3: [ 4 9 23 25 30 36 38 64 ]
4: [ 3 41 50 69 ]
5: [ 7 30 49 54 ]
6: [ 14 25 35 54 71 73 ]
7: [ 5 25 30 34 48 53 54 56 65 67 ]
8: [ 2 10 17 24 35 47 56 ]
9: [ 1 2 3 27 33 43 48 52 59 63 75 ]
10: [ 8 23 24 29 35 ]
11: [ 25 47 62 ]
12: [ 18 25 27 30 33 44 45 47 51 53 65 69 75 ]
13: [ 36 54 70 ]
14: [ 6 25 34 50 65 ]
15: [ 47 66 ]
16: [ 23 25 53 56 66 71 ]
17: [ 8 24 25 50 57 ]
18: [ 12 31 34 65 75 ]
19: [ 1 2 25 30 31 33 46 48 59 63 70 ]
20: [ 2 22 23 37 41 63 ]
21: [ 2 26 30 31 40 53 58 59 64 70 ]
22: [ 20 27 31 42 52 59 64 66 68 ]
23: [ 3 10 16 20 27 72 ]
24: [ 8 10 17 47 48 59 60 71 ]
25: [ 1 3 6 7 11 12 14 16 17 19 31 35 36 50 64 75 ]
26: [ 21 27 30 34 62 68 ]
27: [ 2 9 12 22 23 26 31 32 43 49 56 58 ]
28: [ 53 62 65 72 ]
29: [ 10 39 44 62 ]
30: [ 3 5 7 12 19 21 26 43 53 57 63 65 68 73 74 ]
31: [ 1 18 19 21 22 25 27 34 47 57 60 62 67 ]
32: [ 1 27 38 47 60 65 ]
33: [ 9 12 19 38 44 63 64 68 ]
34: [ 7 14 18 26 31 42 65 72 ]
35: [ 6 8 10 25 43 63 72 ]
36: [ 3 13 25 43 47 57 59 65 ]
37: [ 20 53 63 69 74 75 ]
38: [ 3 32 33 57 60 63 66 67 75 ]
39: [ 29 46 53 63 ]
40: [ 21 50 ]
41: [ 4 20 48 71 ]
42: [ 22 34 63 ]
43: [ 1 9 27 30 35 36 47 52 62 ]
44: [ 12 29 33 57 72 ]
45: [ 12 54 59 70 73 ]
46: [ 1 19 39 54 59 62 64 73 74 ]
47: [ 8 11 12 15 24 31 32 36 43 53 ]
48: [ 7 9 19 24 41 63 74 ]
49: [ 2 5 27 58 63 70 ]
50: [ 4 14 17 25 40 51 54 60 ]
51: [ 12 50 ]
52: [ 1 9 22 43 62 71 ]
53: [ 7 12 16 21 28 30 37 39 47 56 69 ]
54: [ 5 6 7 13 45 46 50 56 ]
55: [ 72 ]
56: [ 7 8 16 27 53 54 62 ]
57: [ 17 30 31 36 38 44 66 ]
58: [ 21 27 49 ]
59: [ 9 19 21 22 24 36 45 46 62 65 71 75 ]
60: [ 24 31 32 38 50 68 74 ]
61: [ 64 ]
62: [ 11 26 28 29 31 43 46 52 56 59 74 ]
63: [ 9 19 20 30 33 35 37 38 39 42 48 49 65 67 ]
64: [ 3 21 22 25 33 46 61 67 74 ]
65: [ 7 12 14 18 28 30 32 34 36 59 63 ]
66: [ 15 16 22 38 57 ]
67: [ 7 31 38 63 64 68 ]
68: [ 22 26 30 33 60 67 75 ]
69: [ 4 12 37 53 ]
70: [ 13 19 21 45 49 74 ]
71: [ 6 16 24 41 52 59 75 ]
72: [ 23 28 34 35 44 55 ]
73: [ 6 30 45 46 ]
74: [ 30 37 46 48 60 62 64 70 ]
75: [ 9 12 18 25 37 38 59 68 71 ]
