1: [ 8 45 46 67 ]
2: [ 4 5 6 16 21 39 40 57 61 74 ]
3: [ 8 14 19 20 24 44 49 50 ]
4: [ 2 12 31 33 45 46 56 57 60 ]
5: [ 2 27 30 34 48 55 56 70 ]
6: [ 2 9 12 17 27 30 32 42 46 55 66 ]
7: [ 11 33 35 39 40 47 51 55 60 64 67 ]
8: [ 1 3 19 21 40 42 45 58 71 ]
9: [ 6 20 33 35 42 43 45 46 48 62 ]
10: [ 23 39 44 48 51 56 61 63 68 69 70 ]
11: [ 7 13 15 26 27 41 45 51 55 ]
12: [ 4 6 16 25 46 53 59 64 ]
13: [ 11 15 21 38 40 41 45 63 64 71 74 ]
14: [ 3 18 19 26 30 32 53 64 69 73 ]
15: [ 11 13 18 21 36 ]
16: [ 2 12 47 54 67 74 ]
17: [ 6 37 51 55 68 ]
18: [ 14 15 23 41 55 60 63 ]
19: [ 3 8 14 27 55 63 ]
20: [ 3 9 33 38 41 ]
21: [ 2 8 13 15 23 40 58 ]
22: [ 25 33 51 ]
23: [ 10 18 21 42 44 55 57 64 ]
24: [ 3 32 35 46 54 60 ]
25: [ 12 22 30 42 47 50 64 69 ]
26: [ 11 14 44 45 53 62 63 75 ]
27: [ 5 6 11 19 38 69 ]
28: [ 30 37 42 54 65 67 68 69 ]
29: [ 40 41 45 ]
30: [ 5 6 14 25 28 46 48 50 67 70 ]
31: [ 4 41 74 ]
32: [ 6 14 24 34 37 48 52 53 59 67 ]
33: [ 4 7 9 20 22 34 49 60 63 70 ]
34: [ 5 32 33 49 53 57 64 72 ]
35: [ 7 9 24 41 49 75 ]
36: [ 15 46 75 ]
37: [ 17 28 32 55 57 69 70 73 74 ]
38: [ 13 20 27 42 58 ]
39: [ 2 7 10 46 50 55 58 60 ]
40: [ 2 7 8 13 21 29 41 52 56 70 ]
41: [ 11 13 18 20 29 31 35 40 45 55 59 64 ]
42: [ 6 8 9 23 25 28 38 45 62 72 ]
43: [ 9 44 60 72 74 ]
44: [ 3 10 23 26 43 50 52 54 65 70 ]
45: [ 1 4 8 9 11 13 26 29 41 42 67 ]
46: [ 1 4 6 9 12 24 30 36 39 50 71 72 ]
47: [ 7 16 25 53 ]
48: [ 5 9 10 30 32 52 55 60 ]
49: [ 3 33 34 35 50 55 61 67 70 73 75 ]
50: [ 3 25 30 39 44 46 49 51 55 73 ]
51: [ 7 10 11 17 22 50 53 73 ]
52: [ 32 40 44 48 54 57 58 ]
53: [ 12 14 26 32 34 47 51 56 67 69 ]
54: [ 16 24 28 44 52 61 70 75 ]
55: [ 5 6 7 11 17 18 19 23 37 39 41 48 49 50 ]
56: [ 4 5 10 40 53 57 58 60 67 ]
57: [ 2 4 23 34 37 52 56 59 62 75 ]
58: [ 8 21 38 39 52 56 ]
59: [ 12 32 41 57 65 ]
60: [ 4 7 18 24 33 39 43 48 56 68 70 73 74 ]
61: [ 2 10 49 54 74 ]
62: [ 9 26 42 57 67 ]
63: [ 10 13 18 19 26 33 71 ]
64: [ 7 12 13 14 23 25 34 41 66 67 71 75 ]
65: [ 28 44 59 ]
66: [ 6 64 71 ]
67: [ 1 7 16 28 30 32 45 49 53 56 62 64 ]
68: [ 10 17 28 60 70 ]
69: [ 10 14 25 27 28 37 53 ]
70: [ 5 10 30 33 37 40 44 49 54 60 68 72 ]
71: [ 8 13 46 63 64 66 74 75 ]
72: [ 34 42 43 46 70 73 75 ]
73: [ 14 37 49 50 51 60 72 ]
74: [ 2 13 16 31 37 43 60 61 71 75 ]
75: [ 26 35 36 49 54 57 64 71 72 74 ]
