1: [ 12 13 15 36 41 44 47 53 66 ]
2: [ 9 20 22 27 33 45 47 51 57 59 68 ]
3: [ 37 55 63 ]
4: [ 20 26 37 43 68 74 ]
5: [ 16 32 39 45 66 ]
6: [ 57 ]
7: [ 28 34 38 40 50 57 63 69 71 73 ]
8: [ 24 67 71 ]
9: [ 2 21 31 33 39 50 54 62 73 ]
10: [ ]
11: [ 16 20 37 51 63 67 ]
12: [ 1 69 72 ]
13: [ 1 39 44 46 66 72 ]
14: [ 19 35 36 60 63 67 73 ]
15: [ 1 19 20 30 32 33 35 42 43 57 73 ]
16: [ 5 11 45 51 61 ]
17: [ 34 54 ]
18: [ 20 42 64 ]
19: [ 14 15 32 33 ]
20: [ 2 4 11 15 18 36 43 45 46 75 ]
21: [ 9 23 ]
22: [ 2 33 39 41 55 66 71 ]
23: [ 21 25 36 47 61 ]
24: [ 8 28 39 40 47 ]
25: [ 23 28 32 64 69 75 ]
26: [ 4 40 58 60 63 72 ]
27: [ 2 29 46 52 67 72 74 ]
28: [ 7 24 25 31 41 51 53 74 ]
29: [ 27 33 43 44 61 67 ]
30: [ 15 40 42 49 68 ]
31: [ 9 28 35 45 46 ]
32: [ 5 15 19 25 34 39 56 58 ]
33: [ 2 9 15 19 22 29 44 47 49 53 57 75 ]
34: [ 7 17 32 54 69 74 ]
35: [ 14 15 31 48 61 67 ]
36: [ 1 14 20 23 ]
37: [ 3 4 11 49 63 72 ]
38: [ 7 44 ]
39: [ 5 9 13 22 24 32 58 68 69 72 ]
40: [ 7 24 26 30 47 51 56 ]
41: [ 1 22 28 63 75 ]
42: [ 15 18 30 43 53 54 58 61 71 74 ]
43: [ 4 15 20 29 42 45 49 69 ]
44: [ 1 13 29 33 38 49 51 56 63 64 ]
45: [ 2 5 16 20 31 43 66 ]
46: [ 13 20 27 31 60 63 ]
47: [ 1 2 23 24 33 40 62 65 ]
48: [ 35 58 67 ]
49: [ 30 33 37 43 44 52 62 74 ]
50: [ 7 9 53 62 66 72 ]
51: [ 2 11 16 28 40 44 57 67 68 71 ]
52: [ 27 49 59 61 67 73 ]
53: [ 1 28 33 42 50 61 ]
54: [ 9 17 34 42 63 64 68 ]
55: [ 3 22 59 69 ]
56: [ 32 40 44 ]
57: [ 2 6 7 15 33 51 69 ]
58: [ 26 32 39 42 48 ]
59: [ 2 52 55 65 67 ]
60: [ 14 26 46 ]
61: [ 16 23 29 35 42 52 53 69 ]
62: [ 9 47 49 50 ]
63: [ 3 7 11 14 26 37 41 44 46 54 69 75 ]
64: [ 18 25 44 54 ]
65: [ 47 59 68 ]
66: [ 1 5 13 22 45 50 72 73 ]
67: [ 8 11 14 27 29 35 48 51 52 59 74 75 ]
68: [ 2 4 30 39 51 54 65 ]
69: [ 7 12 25 34 39 43 55 57 61 63 71 ]
70: [ 74 ]
71: [ 7 8 22 42 51 69 ]
72: [ 12 13 26 27 37 39 50 66 ]
73: [ 7 9 14 15 52 66 ]
74: [ 4 27 28 34 42 49 67 70 ]
75: [ 20 25 33 41 63 67 ]
