1: [ 3 6 12 17 35 37 43 45 55 64 67 73 ]
2: [ 3 20 52 57 ]
3: [ 1 2 7 10 12 33 34 58 69 ]
4: [ 12 13 27 44 48 66 ]
5: [ 28 46 63 ]
6: [ 1 12 16 20 39 44 50 57 62 71 ]
7: [ 3 21 24 25 30 36 43 57 66 ]
8: [ 19 31 34 38 50 74 ]
9: [ 10 20 33 41 42 46 51 56 ]
10: [ 3 9 56 68 69 ]
11: [ 28 37 39 64 69 71 ]
12: [ 1 3 4 6 16 28 52 64 ]
13: [ 4 15 21 33 35 37 50 58 61 69 72 ]
14: [ 21 31 33 34 41 47 53 54 70 72 74 ]
15: [ 13 16 38 ]
16: [ 6 12 15 19 21 24 25 43 48 51 66 ]
17: [ 1 30 33 39 41 44 58 62 64 65 66 69 71 ]
18: [ 25 33 51 55 59 74 ]
19: [ 8 16 26 46 49 58 60 75 ]
20: [ 2 6 9 51 70 ]
21: [ 7 13 14 16 23 29 35 45 60 71 ]
22: [ 24 30 33 39 40 42 ]
23: [ 21 38 60 61 71 74 ]
24: [ 7 16 22 67 71 72 ]
25: [ 7 16 18 48 63 71 ]
26: [ 19 35 40 41 42 53 64 70 ]
27: [ 4 43 46 48 51 56 59 68 70 74 ]
28: [ 5 11 12 34 44 51 60 61 ]
29: [ 21 44 53 58 ]
30: [ 7 17 22 42 57 65 72 ]
31: [ 8 14 32 42 54 ]
32: [ 31 37 40 41 48 53 74 ]
33: [ 3 9 13 14 17 18 22 36 42 44 66 71 ]
34: [ 3 8 14 28 38 46 51 53 54 65 66 68 ]
35: [ 1 13 21 26 39 42 43 54 59 70 ]
36: [ 7 33 55 67 ]
37: [ 1 11 13 32 43 46 48 49 55 65 67 71 ]
38: [ 8 15 23 34 44 47 50 53 56 59 73 ]
39: [ 6 11 17 22 35 70 ]
40: [ 22 26 32 59 61 ]
41: [ 9 14 17 26 32 46 47 ]
42: [ 9 22 26 30 31 33 35 55 65 67 71 ]
43: [ 1 7 16 27 35 37 44 56 57 ]
44: [ 4 6 17 28 29 33 38 43 49 54 58 59 68 ]
45: [ 1 21 54 70 72 73 ]
46: [ 5 9 19 27 34 37 41 51 55 68 72 73 ]
47: [ 14 38 41 64 ]
48: [ 4 16 25 27 32 37 51 53 54 59 75 ]
49: [ 19 37 44 54 58 59 61 68 71 ]
50: [ 6 8 13 38 ]
51: [ 9 16 18 20 27 28 34 46 48 ]
52: [ 2 12 70 ]
53: [ 14 26 29 32 34 38 48 74 ]
54: [ 14 31 34 35 44 45 48 49 60 69 74 ]
55: [ 1 18 36 37 42 46 58 60 70 ]
56: [ 9 10 27 38 43 65 67 69 71 ]
57: [ 2 6 7 30 43 61 ]
58: [ 3 13 17 19 29 44 49 55 60 61 75 ]
59: [ 18 27 35 38 40 44 48 49 67 68 ]
60: [ 19 21 23 28 54 55 58 ]
61: [ 13 23 28 40 49 57 58 ]
62: [ 6 17 ]
63: [ 5 25 64 68 ]
64: [ 1 11 12 17 26 47 63 73 ]
65: [ 17 30 34 37 42 56 67 ]
66: [ 4 7 16 17 33 34 68 ]
67: [ 1 24 36 37 42 56 59 65 68 70 ]
68: [ 10 27 34 44 46 49 59 63 66 67 69 ]
69: [ 3 10 11 13 17 54 56 68 70 ]
70: [ 14 20 26 27 35 39 45 52 55 67 69 ]
71: [ 6 11 17 21 23 24 25 33 37 42 49 56 72 ]
72: [ 13 14 24 30 45 46 71 ]
73: [ 1 38 45 46 64 75 ]
74: [ 8 14 18 23 27 32 53 54 ]
75: [ 19 48 58 73 ]
