1: [ 38 40 50 66 ]
2: [ 3 10 16 43 52 57 59 60 66 68 72 74 ]
3: [ 2 4 5 6 18 20 28 31 38 57 61 74 ]
4: [ 3 16 17 31 43 46 49 53 57 58 ]
5: [ 3 10 12 13 20 31 32 51 61 ]
6: [ 3 10 14 31 35 44 47 61 68 70 75 ]
7: [ 24 59 73 ]
8: [ 11 61 ]
9: [ 14 54 ]
10: [ 2 5 6 41 66 68 ]
11: [ 8 22 32 48 53 ]
12: [ 5 13 17 18 25 28 66 69 71 75 ]
13: [ 5 12 14 18 22 32 41 66 69 71 ]
14: [ 6 9 13 31 38 43 47 52 64 ]
15: [ 37 ]
16: [ 2 4 17 21 24 48 55 59 72 75 ]
17: [ 4 12 16 29 31 40 41 48 49 58 63 66 68 ]
18: [ 3 12 13 26 61 64 65 ]
19: [ 37 44 ]
20: [ 3 5 40 43 52 74 ]
21: [ 16 26 34 40 47 49 57 64 67 71 ]
22: [ 11 13 44 47 67 68 ]
23: [ 27 36 41 73 ]
24: [ 7 16 25 37 41 47 60 ]
25: [ 12 24 37 46 57 71 ]
26: [ 18 21 31 57 ]
27: [ 23 30 42 47 63 64 73 ]
28: [ 3 12 46 48 61 ]
29: [ 17 33 42 47 53 55 65 70 ]
30: [ 27 53 58 64 ]
31: [ 3 4 5 6 14 17 26 41 56 62 65 71 ]
32: [ 5 11 13 46 51 61 ]
33: [ 29 44 48 75 ]
34: [ 21 52 55 ]
35: [ 6 40 42 52 ]
36: [ 23 39 44 54 67 74 ]
37: [ 15 19 24 25 38 46 49 54 66 ]
38: [ 1 3 14 37 40 50 53 54 57 64 ]
39: [ 36 69 ]
40: [ 1 17 20 21 35 38 43 ]
41: [ 10 13 17 23 24 31 57 59 64 71 ]
42: [ 27 29 35 69 71 ]
43: [ 2 4 14 20 40 44 47 50 56 59 64 66 ]
44: [ 6 19 22 33 36 43 50 54 62 63 66 71 ]
45: [ 50 ]
46: [ 4 25 28 32 37 53 71 ]
47: [ 6 14 21 22 24 27 29 43 53 54 ]
48: [ 11 16 17 28 33 52 57 ]
49: [ 4 17 21 37 ]
50: [ 1 38 43 44 45 53 62 ]
51: [ 5 32 61 63 ]
52: [ 2 14 20 34 35 48 75 ]
53: [ 4 11 29 30 38 46 47 50 69 74 75 ]
54: [ 9 36 37 38 44 47 59 72 ]
55: [ 16 29 34 ]
56: [ 31 43 65 ]
57: [ 2 3 4 21 25 26 38 41 48 62 65 72 ]
58: [ 4 17 30 71 ]
59: [ 2 7 16 41 43 54 69 74 ]
60: [ 2 24 ]
61: [ 3 5 6 8 18 28 32 51 66 ]
62: [ 31 44 50 57 66 ]
63: [ 17 27 44 51 68 ]
64: [ 14 18 21 27 30 38 41 43 65 66 ]
65: [ 18 29 31 56 57 64 ]
66: [ 1 2 10 12 13 17 37 43 44 61 62 64 68 69 ]
67: [ 21 22 36 ]
68: [ 2 6 10 17 22 63 66 69 71 73 ]
69: [ 12 13 39 42 53 59 66 68 ]
70: [ 6 29 ]
71: [ 12 13 21 25 31 41 42 44 46 58 68 ]
72: [ 2 16 54 57 ]
73: [ 7 23 27 68 ]
74: [ 2 3 20 36 53 59 75 ]
75: [ 6 12 16 33 52 53 74 ]
