1: [ 30 38 39 43 47 58 59 ]
2: [ 9 15 17 21 29 32 36 56 62 70 ]
3: [ 19 32 40 42 50 63 75 ]
4: [ 8 11 13 14 34 38 58 65 ]
5: [ 12 15 17 22 24 29 40 53 58 62 ]
6: [ 13 16 19 27 38 43 51 65 67 ]
7: [ 16 21 36 37 45 51 52 ]
8: [ 4 10 14 43 52 54 75 ]
9: [ 2 19 31 55 67 ]
10: [ 8 22 27 54 58 ]
11: [ 4 22 34 37 54 65 70 72 ]
12: [ 5 22 30 33 38 44 54 55 71 ]
13: [ 4 6 14 19 20 24 32 51 59 65 67 71 ]
14: [ 4 8 13 22 23 32 46 75 ]
15: [ 2 5 21 26 27 40 60 75 ]
16: [ 6 7 33 34 56 73 75 ]
17: [ 2 5 33 36 48 52 64 66 68 74 ]
18: [ 31 34 70 ]
19: [ 3 6 9 13 27 31 40 45 53 55 60 66 70 73 ]
20: [ 13 36 51 ]
21: [ 2 7 15 60 ]
22: [ 5 10 11 12 14 51 61 75 ]
23: [ 14 31 52 62 69 ]
24: [ 5 13 25 37 40 42 44 45 49 55 58 74 ]
25: [ 24 47 60 72 ]
26: [ 15 36 37 38 45 47 53 58 60 66 70 ]
27: [ 6 10 15 19 42 58 62 ]
28: [ 52 54 63 ]
29: [ 2 5 31 73 75 ]
30: [ 1 12 31 40 55 62 64 ]
31: [ 9 18 19 23 29 30 41 43 44 54 60 71 ]
32: [ 2 3 13 14 ]
33: [ 12 16 17 37 43 48 55 62 ]
34: [ 4 11 16 18 38 45 52 56 62 68 74 ]
35: [ 36 51 55 63 ]
36: [ 2 7 17 20 26 35 38 53 56 ]
37: [ 7 11 24 26 33 62 70 ]
38: [ 1 4 6 12 26 34 36 44 46 47 70 ]
39: [ 1 44 54 64 ]
40: [ 3 5 15 19 24 30 42 49 58 66 70 ]
41: [ 31 45 50 53 54 61 62 72 ]
42: [ 3 24 27 40 50 58 62 ]
43: [ 1 6 8 31 33 44 52 55 56 ]
44: [ 12 24 31 38 39 43 63 69 74 ]
45: [ 7 19 24 26 34 41 58 66 ]
46: [ 14 38 59 ]
47: [ 1 25 26 38 59 61 62 64 ]
48: [ 17 33 49 70 71 ]
49: [ 24 40 48 55 59 ]
50: [ 3 41 42 53 57 64 73 ]
51: [ 6 7 13 20 22 35 57 ]
52: [ 7 8 17 23 28 34 43 73 ]
53: [ 5 19 26 36 41 50 69 ]
54: [ 8 10 11 12 28 31 39 41 62 ]
55: [ 9 12 19 24 30 33 35 43 49 60 ]
56: [ 2 16 34 36 43 69 ]
57: [ 50 51 74 ]
58: [ 1 4 5 10 24 26 27 40 42 45 66 72 73 ]
59: [ 1 13 46 47 49 74 ]
60: [ 15 19 21 25 26 31 55 63 74 ]
61: [ 22 41 47 ]
62: [ 2 5 23 27 30 33 34 37 41 42 47 54 ]
63: [ 3 28 35 44 60 66 73 75 ]
64: [ 17 30 39 47 50 68 ]
65: [ 4 6 11 13 66 72 73 ]
66: [ 17 19 26 40 45 58 63 65 ]
67: [ 6 9 13 ]
68: [ 17 34 64 ]
69: [ 23 44 53 56 ]
70: [ 2 11 18 19 26 37 38 40 48 ]
71: [ 12 13 31 48 ]
72: [ 11 25 41 58 65 ]
73: [ 16 19 29 50 52 58 63 65 ]
74: [ 17 24 34 44 57 59 60 ]
75: [ 3 8 14 15 16 22 29 63 ]
