1: [ 3 7 12 27 46 67 69 72 ]
2: [ 5 7 29 31 47 62 70 73 ]
3: [ 1 25 26 29 64 70 71 ]
4: [ 25 46 48 57 64 75 ]
5: [ 2 31 36 75 ]
6: [ 7 18 30 41 55 58 62 63 66 69 70 ]
7: [ 1 2 6 40 45 47 54 56 68 71 ]
8: [ 27 29 32 48 50 55 56 59 66 75 ]
9: [ 27 38 46 56 67 ]
10: [ 24 25 52 70 ]
11: [ 12 17 36 49 50 55 61 65 67 72 ]
12: [ 1 11 17 32 37 41 46 47 50 67 70 71 ]
13: [ 18 21 24 ]
14: [ 43 54 56 67 ]
15: [ 17 35 37 55 67 68 ]
16: [ 18 19 ]
17: [ 11 12 15 20 29 34 66 70 ]
18: [ 6 13 16 20 22 28 36 47 54 56 58 68 75 ]
19: [ 16 21 30 34 35 41 56 ]
20: [ 17 18 25 32 36 37 41 67 75 ]
21: [ 13 19 28 31 61 68 ]
22: [ 18 49 56 59 69 ]
23: [ 29 44 68 ]
24: [ 10 13 28 30 38 45 51 64 ]
25: [ 3 4 10 20 36 41 45 46 49 55 57 ]
26: [ 3 32 45 50 62 70 72 ]
27: [ 1 8 9 28 29 30 38 51 58 61 65 69 73 ]
28: [ 18 21 24 27 34 55 68 71 ]
29: [ 2 3 8 17 23 27 30 ]
30: [ 6 19 24 27 29 31 32 55 64 65 ]
31: [ 2 5 21 30 33 41 45 49 50 52 69 70 ]
32: [ 8 12 20 26 30 33 34 42 49 52 58 ]
33: [ 31 32 55 67 ]
34: [ 17 19 28 32 40 59 63 75 ]
35: [ 15 19 41 ]
36: [ 5 11 18 20 25 46 49 54 61 74 ]
37: [ 12 15 20 43 48 51 53 55 63 70 71 75 ]
38: [ 9 24 27 50 54 60 63 67 73 75 ]
39: [ 45 46 48 59 74 75 ]
40: [ 7 34 46 48 50 73 75 ]
41: [ 6 12 19 20 25 31 35 54 74 ]
42: [ 32 46 54 64 69 ]
43: [ 14 37 51 ]
44: [ 23 45 47 51 56 ]
45: [ 7 24 25 26 31 39 44 50 55 56 ]
46: [ 1 4 9 12 25 36 39 40 42 59 61 74 ]
47: [ 2 7 12 18 44 73 75 ]
48: [ 4 8 37 39 40 54 57 68 ]
49: [ 11 22 25 31 32 36 75 ]
50: [ 8 11 12 26 31 38 40 45 51 53 ]
51: [ 24 27 37 43 44 50 59 68 69 74 ]
52: [ 10 31 32 57 58 61 63 ]
53: [ 37 50 54 ]
54: [ 7 14 18 36 38 41 42 48 53 55 64 65 71 ]
55: [ 6 8 11 15 25 28 30 33 37 45 54 68 69 71 ]
56: [ 7 8 9 14 18 19 22 44 45 59 74 ]
57: [ 4 25 48 52 68 74 ]
58: [ 6 18 27 32 52 62 69 73 74 ]
59: [ 8 22 34 39 46 51 56 70 72 74 ]
60: [ 38 72 73 ]
61: [ 11 21 27 36 46 52 62 63 ]
62: [ 2 6 26 58 61 64 66 70 75 ]
63: [ 6 34 37 38 52 61 66 71 ]
64: [ 3 4 24 30 42 54 62 ]
65: [ 11 27 30 54 ]
66: [ 6 8 17 62 63 69 ]
67: [ 1 9 11 12 14 15 20 33 38 ]
68: [ 7 15 18 21 23 28 48 51 55 57 75 ]
69: [ 1 6 22 27 31 42 51 55 58 66 ]
70: [ 2 3 6 10 12 17 26 31 37 59 62 ]
71: [ 3 7 12 28 37 54 55 63 ]
72: [ 1 11 26 59 60 ]
73: [ 2 27 38 40 47 58 60 74 75 ]
74: [ 36 39 41 46 51 56 57 58 59 73 ]
75: [ 4 5 8 18 20 34 37 38 39 40 47 49 62 68 73 ]
