1: [ 21 23 25 32 33 34 59 65 70 73 75 ]
2: [ 8 26 28 42 47 51 60 62 ]
3: [ 8 28 39 44 45 56 57 64 71 ]
4: [ 9 15 24 44 ]
5: [ 17 43 60 72 ]
6: [ 15 24 27 37 43 62 64 73 ]
7: [ 27 33 42 67 ]
8: [ 2 3 12 18 22 28 34 39 50 51 53 67 70 ]
9: [ 4 17 24 31 34 43 64 68 69 ]
10: [ 15 36 39 63 67 ]
11: [ 13 17 27 52 72 74 ]
12: [ 8 14 15 19 26 32 34 37 58 65 69 72 ]
13: [ 11 14 16 21 59 61 69 75 ]
14: [ 12 13 17 31 38 49 52 65 71 74 ]
15: [ 4 6 10 12 36 52 54 63 70 72 ]
16: [ 13 19 31 42 43 64 ]
17: [ 5 9 11 14 26 34 43 47 62 72 73 ]
18: [ 8 19 49 53 64 67 75 ]
19: [ 12 16 18 26 27 33 48 49 58 ]
20: [ 29 38 42 71 74 ]
21: [ 1 13 29 35 37 41 45 ]
22: [ 8 29 57 59 61 68 69 70 ]
23: [ 1 28 32 34 45 50 51 60 70 72 74 ]
24: [ 4 6 9 29 32 42 55 60 72 ]
25: [ 1 34 62 ]
26: [ 2 12 17 19 36 37 51 67 71 72 75 ]
27: [ 6 7 11 19 30 33 43 64 ]
28: [ 2 3 8 23 41 50 68 74 ]
29: [ 20 21 22 24 32 33 40 59 61 69 74 ]
30: [ 27 40 53 63 ]
31: [ 9 14 16 35 43 59 72 ]
32: [ 1 12 23 24 29 40 54 57 58 ]
33: [ 1 7 19 27 29 43 53 60 ]
34: [ 1 8 9 12 17 23 25 35 46 68 70 75 ]
35: [ 21 31 34 51 ]
36: [ 10 15 26 45 60 ]
37: [ 6 12 21 26 38 55 62 72 ]
38: [ 14 20 37 41 43 75 ]
39: [ 3 8 10 53 55 69 71 ]
40: [ 29 30 32 65 70 72 73 ]
41: [ 21 28 38 42 59 65 ]
42: [ 2 7 16 20 24 41 43 46 70 73 ]
43: [ 5 6 9 16 17 27 31 33 38 42 46 70 ]
44: [ 3 4 ]
45: [ 3 21 23 36 46 75 ]
46: [ 34 42 43 45 60 ]
47: [ 2 17 59 61 73 ]
48: [ 19 50 56 75 ]
49: [ 14 18 19 ]
50: [ 8 23 28 48 51 60 ]
51: [ 2 8 23 26 35 50 60 63 67 72 ]
52: [ 11 14 15 57 58 ]
53: [ 8 18 30 33 39 ]
54: [ 15 32 60 ]
55: [ 24 37 39 74 ]
56: [ 3 48 ]
57: [ 3 22 32 52 58 73 ]
58: [ 12 19 32 52 57 75 ]
59: [ 1 13 22 29 31 41 47 60 ]
60: [ 2 5 23 24 33 36 46 50 51 54 59 66 70 ]
61: [ 13 22 29 47 72 ]
62: [ 2 6 17 25 37 74 ]
63: [ 10 15 30 51 67 ]
64: [ 3 6 9 16 18 27 ]
65: [ 1 12 14 40 41 71 72 ]
66: [ 60 74 75 ]
67: [ 7 8 10 18 26 51 63 69 ]
68: [ 9 22 28 34 74 ]
69: [ 9 12 13 22 29 39 67 ]
70: [ 1 8 15 22 23 34 40 42 43 60 73 75 ]
71: [ 3 14 20 26 39 65 72 ]
72: [ 5 11 12 15 17 23 24 26 31 37 40 51 61 65 71 ]
73: [ 1 6 17 40 42 47 57 70 75 ]
74: [ 11 14 20 23 28 29 55 62 66 68 ]
75: [ 1 13 18 26 34 38 45 48 58 66 70 73 ]
