1: [ 10 14 19 20 29 30 33 43 48 64 66 ]
2: [ 14 29 39 74 ]
3: [ 5 10 28 35 62 67 ]
4: [ 7 8 10 11 34 47 51 64 74 ]
5: [ 3 8 13 25 29 44 46 47 55 60 64 ]
6: [ 9 30 37 40 48 51 52 ]
7: [ 4 24 31 33 37 44 47 50 ]
8: [ 4 5 31 42 46 49 ]
9: [ 6 14 15 18 39 42 57 61 ]
10: [ 1 3 4 15 21 42 58 72 ]
11: [ 4 16 19 24 38 49 51 53 63 72 ]
12: [ 26 27 29 37 ]
13: [ 5 36 42 52 54 65 66 ]
14: [ 1 2 9 16 19 27 37 41 58 65 70 ]
15: [ 9 10 35 49 56 68 70 ]
16: [ 11 14 18 21 22 66 ]
17: [ 18 40 53 62 ]
18: [ 9 16 17 29 38 39 48 50 66 74 ]
19: [ 1 11 14 21 25 55 59 60 ]
20: [ 1 35 36 37 43 69 71 72 ]
21: [ 10 16 19 32 43 44 63 64 68 75 ]
22: [ 16 33 47 63 66 68 ]
23: [ 24 27 45 51 72 ]
24: [ 7 11 23 27 38 64 ]
25: [ 5 19 37 ]
26: [ 12 37 40 50 55 57 68 70 ]
27: [ 12 14 23 24 39 41 49 64 ]
28: [ 3 40 50 51 55 67 69 70 ]
29: [ 1 2 5 12 18 53 ]
30: [ 1 6 38 44 51 64 66 69 ]
31: [ 7 8 32 36 46 51 54 62 68 72 ]
32: [ 21 31 45 66 70 ]
33: [ 1 7 22 46 54 57 71 73 ]
34: [ 4 53 66 69 ]
35: [ 3 15 20 50 54 62 66 ]
36: [ 13 20 31 39 59 66 68 ]
37: [ 6 7 12 14 20 25 26 52 54 71 72 ]
38: [ 11 18 24 30 44 47 49 52 53 55 59 ]
39: [ 2 9 18 27 36 50 55 ]
40: [ 6 17 26 28 43 44 51 62 64 66 71 ]
41: [ 14 27 46 47 50 52 72 ]
42: [ 8 9 10 13 47 53 58 65 72 ]
43: [ 1 20 21 40 72 ]
44: [ 5 7 21 30 38 40 60 ]
45: [ 23 32 46 47 73 ]
46: [ 5 8 31 33 41 45 55 59 73 ]
47: [ 4 5 7 22 38 41 42 45 72 ]
48: [ 1 6 18 59 ]
49: [ 8 11 15 27 38 ]
50: [ 7 18 26 28 35 39 41 62 64 71 75 ]
51: [ 4 6 11 23 28 30 31 40 59 ]
52: [ 6 13 37 38 41 53 56 64 69 ]
53: [ 11 17 29 34 38 42 52 54 60 70 74 ]
54: [ 13 31 33 35 37 53 ]
55: [ 5 19 26 28 38 39 46 57 68 ]
56: [ 15 52 ]
57: [ 9 26 33 55 64 69 74 ]
58: [ 10 14 42 ]
59: [ 19 36 38 46 48 51 66 69 ]
60: [ 5 19 44 53 71 73 ]
61: [ 9 65 69 ]
62: [ 3 17 31 35 40 50 63 69 74 ]
63: [ 11 21 22 62 73 ]
64: [ 1 4 5 21 24 27 30 40 50 52 57 ]
65: [ 13 14 42 61 ]
66: [ 1 13 16 18 22 30 32 34 35 36 40 59 ]
67: [ 3 28 ]
68: [ 15 21 22 26 31 36 55 72 ]
69: [ 20 28 30 34 52 57 59 61 62 73 ]
70: [ 14 15 26 28 32 53 72 ]
71: [ 20 33 37 40 50 60 ]
72: [ 10 11 20 23 31 37 41 42 43 47 68 70 73 ]
73: [ 33 45 46 60 63 69 72 74 ]
74: [ 2 4 18 53 57 62 73 ]
75: [ 21 50 ]
