1: [ 6 12 17 19 25 53 60 72 ]
2: [ 12 24 31 35 39 57 60 62 67 ]
3: [ 8 44 48 49 60 ]
4: [ 5 30 57 62 73 ]
5: [ 4 11 16 21 23 25 35 36 39 43 47 59 64 66 68 70 ]
6: [ 1 47 65 67 ]
7: [ 15 17 21 60 64 68 ]
8: [ 3 10 11 16 29 39 64 70 ]
9: [ 11 18 25 37 52 55 57 67 70 ]
10: [ 8 16 24 27 34 61 65 68 69 75 ]
11: [ 5 8 9 24 29 32 50 53 66 67 68 73 75 ]
12: [ 1 2 15 28 36 52 65 67 ]
13: [ 14 61 66 ]
14: [ 13 17 28 37 40 47 54 58 59 66 67 ]
15: [ 7 12 17 43 67 71 ]
16: [ 5 8 10 18 21 24 44 46 58 61 65 ]
17: [ 1 7 14 15 21 22 26 29 46 50 56 68 69 ]
18: [ 9 16 19 26 37 ]
19: [ 1 18 27 29 38 48 51 53 54 56 58 61 63 65 ]
20: [ 30 33 50 52 74 ]
21: [ 5 7 16 17 22 29 30 42 47 55 57 ]
22: [ 17 21 24 55 70 ]
23: [ 5 25 28 34 44 52 71 74 ]
24: [ 2 10 11 16 22 30 42 44 49 52 59 ]
25: [ 1 5 9 23 29 35 39 44 46 49 54 73 ]
26: [ 17 18 43 66 ]
27: [ 10 19 32 41 53 56 63 72 73 ]
28: [ 12 14 23 34 41 42 55 56 61 63 72 75 ]
29: [ 8 11 17 19 21 25 47 49 53 66 75 ]
30: [ 4 20 21 24 33 34 36 50 65 66 72 ]
31: [ 2 32 34 48 55 58 ]
32: [ 11 27 31 57 ]
33: [ 20 30 40 53 63 68 ]
34: [ 10 23 28 30 31 37 50 52 56 68 ]
35: [ 2 5 25 36 61 65 72 ]
36: [ 5 12 30 35 62 ]
37: [ 9 14 18 34 39 ]
38: [ 19 65 68 70 ]
39: [ 2 5 8 25 37 40 47 50 62 ]
40: [ 14 33 39 43 55 59 65 68 ]
41: [ 27 28 60 ]
42: [ 21 24 28 43 44 49 55 60 62 ]
43: [ 5 15 26 40 42 48 60 63 ]
44: [ 3 16 23 24 25 42 62 68 ]
45: [ 47 73 75 ]
46: [ 16 17 25 60 61 66 72 74 ]
47: [ 5 6 14 21 29 39 45 55 56 59 64 65 70 75 ]
48: [ 3 19 31 43 49 56 59 62 66 ]
49: [ 3 24 25 29 42 48 55 59 60 ]
50: [ 11 17 20 30 34 39 53 65 68 70 ]
51: [ 19 ]
52: [ 9 12 20 23 24 34 67 ]
53: [ 1 11 19 27 29 33 50 57 64 66 75 ]
54: [ 14 19 25 70 ]
55: [ 9 21 22 28 31 40 42 47 49 63 64 65 70 ]
56: [ 17 19 27 28 34 47 48 57 59 ]
57: [ 2 4 9 21 32 53 56 60 62 69 72 74 ]
58: [ 14 16 19 31 63 67 ]
59: [ 5 14 24 40 47 48 49 56 61 68 73 ]
60: [ 1 2 3 7 41 42 43 46 49 57 69 ]
61: [ 10 13 16 19 28 35 46 59 68 75 ]
62: [ 2 4 36 39 42 44 48 57 ]
63: [ 19 27 28 33 43 55 58 ]
64: [ 5 7 8 47 53 55 66 71 ]
65: [ 6 10 12 16 19 30 35 38 40 47 50 55 73 ]
66: [ 5 11 13 14 26 29 30 46 48 53 64 ]
67: [ 2 6 9 11 12 14 15 52 58 ]
68: [ 5 7 10 11 17 33 34 38 40 44 50 59 61 74 ]
69: [ 10 17 57 60 ]
70: [ 5 8 9 22 38 47 50 54 55 ]
71: [ 15 23 64 ]
72: [ 1 27 28 30 35 46 57 73 ]
73: [ 4 11 25 27 45 59 65 72 74 ]
74: [ 20 23 46 57 68 73 75 ]
75: [ 10 11 28 29 45 47 53 61 74 ]
