1: [ 8 12 27 33 48 55 ]
2: [ 9 13 17 31 51 72 ]
3: [ 7 8 37 45 47 75 ]
4: [ 37 46 51 52 71 74 ]
5: [ 13 23 44 48 55 61 64 65 67 68 ]
6: [ 11 33 48 73 75 ]
7: [ 3 11 43 47 50 57 ]
8: [ 1 3 9 19 31 40 69 71 ]
9: [ 2 8 11 22 29 36 51 55 58 59 63 64 ]
10: [ 52 62 70 72 ]
11: [ 6 7 9 13 14 15 19 28 30 40 51 75 ]
12: [ 1 20 31 39 42 43 58 64 66 ]
13: [ 2 5 11 14 39 43 50 52 59 ]
14: [ 11 13 25 29 39 51 52 61 63 64 67 70 ]
15: [ 11 43 46 ]
16: [ 20 36 45 56 57 63 65 73 ]
17: [ 2 39 41 72 ]
18: [ 20 22 30 31 33 37 39 42 48 54 56 59 74 ]
19: [ 8 11 28 33 57 ]
20: [ 12 16 18 37 46 51 67 71 ]
21: [ 54 56 67 73 74 ]
22: [ 9 18 24 25 28 45 50 ]
23: [ 5 36 46 50 54 58 64 66 ]
24: [ 22 35 38 40 68 ]
25: [ 14 22 26 28 33 35 36 51 52 55 61 62 73 ]
26: [ 25 33 37 39 67 70 74 75 ]
27: [ 1 29 43 47 48 55 61 69 73 ]
28: [ 11 19 22 25 48 50 51 55 56 63 67 ]
29: [ 9 14 27 37 44 45 52 72 ]
30: [ 11 18 31 41 43 47 58 ]
31: [ 2 8 12 18 30 50 63 65 72 ]
32: [ 38 45 58 59 60 63 ]
33: [ 1 6 18 19 25 26 34 36 43 57 64 69 71 ]
34: [ 33 39 41 46 50 54 74 ]
35: [ 24 25 39 52 59 70 ]
36: [ 9 16 23 25 33 40 45 48 52 66 67 70 71 ]
37: [ 3 4 18 20 26 29 45 71 ]
38: [ 24 32 45 ]
39: [ 12 13 14 17 18 26 34 35 44 45 46 52 ]
40: [ 8 11 24 36 50 74 ]
41: [ 17 30 34 46 47 64 ]
42: [ 12 18 52 60 75 ]
43: [ 7 12 13 15 27 30 33 46 59 64 66 ]
44: [ 5 29 39 47 56 57 61 64 72 ]
45: [ 3 16 22 29 32 36 37 38 39 63 ]
46: [ 4 15 20 23 34 39 41 43 54 55 65 67 ]
47: [ 3 7 27 30 41 44 59 60 ]
48: [ 1 5 6 18 27 28 36 63 70 73 ]
49: [ 54 62 ]
50: [ 7 13 22 23 28 31 34 40 54 ]
51: [ 2 4 9 11 14 20 25 28 63 64 71 ]
52: [ 4 10 13 14 25 29 35 36 39 42 59 63 65 ]
53: [ ]
54: [ 18 21 23 34 46 49 50 56 67 71 ]
55: [ 1 5 9 25 27 28 46 58 61 63 ]
56: [ 16 18 21 28 44 54 ]
57: [ 7 16 19 33 44 58 70 73 74 75 ]
58: [ 9 12 23 30 32 55 57 70 ]
59: [ 9 13 18 32 35 43 47 52 ]
60: [ 32 42 47 64 ]
61: [ 5 14 25 27 44 55 66 ]
62: [ 10 25 49 73 ]
63: [ 9 14 16 28 31 32 45 48 51 52 55 66 70 ]
64: [ 5 9 12 14 23 33 41 43 44 51 60 71 72 ]
65: [ 5 16 31 46 52 72 ]
66: [ 12 23 36 43 61 63 68 ]
67: [ 5 14 20 21 26 28 36 46 54 ]
68: [ 5 24 66 ]
69: [ 8 27 33 ]
70: [ 10 14 26 35 36 48 57 58 63 ]
71: [ 4 8 20 33 36 37 51 54 64 74 ]
72: [ 2 10 17 29 31 44 64 65 73 ]
73: [ 6 16 21 25 27 48 57 62 72 ]
74: [ 4 18 21 26 34 40 57 71 75 ]
75: [ 3 6 11 26 42 57 74 ]
