1: [ 23 27 43 45 48 57 60 72 ]
2: [ 23 28 29 32 48 55 67 68 74 ]
3: [ 4 6 8 13 15 20 21 33 40 49 61 ]
4: [ 3 6 8 12 15 18 25 30 48 60 65 68 ]
5: [ 15 25 41 52 63 70 ]
6: [ 3 4 18 25 26 34 44 50 53 61 75 ]
7: [ 10 14 15 24 27 29 38 41 43 ]
8: [ 3 4 13 23 49 64 ]
9: [ 29 31 36 38 71 ]
10: [ 7 13 17 27 32 33 40 49 63 71 ]
11: [ 23 29 35 39 43 50 59 60 64 74 ]
12: [ 4 14 28 35 46 48 ]
13: [ 3 8 10 16 18 25 31 41 48 52 ]
14: [ 7 12 25 30 43 53 66 74 ]
15: [ 3 4 5 7 16 20 31 32 36 47 52 60 62 67 ]
16: [ 13 15 44 ]
17: [ 10 18 19 21 26 43 49 70 75 ]
18: [ 4 6 13 17 19 22 32 42 47 52 74 ]
19: [ 17 18 21 28 40 52 60 62 70 71 75 ]
20: [ 3 15 23 32 37 39 48 56 60 ]
21: [ 3 17 19 27 53 63 72 ]
22: [ 18 38 40 44 46 55 60 64 66 ]
23: [ 1 2 8 11 20 57 69 71 ]
24: [ 7 35 43 67 73 ]
25: [ 4 5 6 13 14 32 41 42 45 65 66 ]
26: [ 6 17 40 50 64 ]
27: [ 1 7 10 21 28 37 39 43 46 53 54 58 65 72 ]
28: [ 2 12 19 27 33 47 52 65 66 74 75 ]
29: [ 2 7 9 11 31 34 59 75 ]
30: [ 4 14 44 51 58 67 ]
31: [ 9 13 15 29 32 41 51 57 61 66 ]
32: [ 2 10 15 18 20 25 31 48 50 53 70 74 ]
33: [ 3 10 28 42 45 46 53 ]
34: [ 6 29 55 65 71 ]
35: [ 11 12 24 39 52 ]
36: [ 9 15 47 62 ]
37: [ 20 27 39 40 ]
38: [ 7 9 22 52 54 61 63 70 74 ]
39: [ 11 20 27 35 37 42 43 51 65 ]
40: [ 3 10 19 22 26 37 41 52 56 ]
41: [ 5 7 13 25 31 40 57 58 60 65 68 ]
42: [ 18 25 33 39 47 50 53 61 68 ]
43: [ 1 7 11 14 17 24 27 39 71 ]
44: [ 6 16 22 30 46 47 54 70 72 ]
45: [ 1 25 33 48 50 ]
46: [ 12 22 27 33 44 57 60 62 64 ]
47: [ 15 18 28 36 42 44 48 50 53 55 58 ]
48: [ 1 2 4 12 13 20 32 45 47 57 60 61 ]
49: [ 3 8 10 17 66 75 ]
50: [ 6 11 26 32 42 45 47 51 56 67 ]
51: [ 30 31 39 50 65 68 75 ]
52: [ 5 13 15 18 19 28 35 38 40 55 61 69 ]
53: [ 6 14 21 27 32 33 42 47 54 59 66 ]
54: [ 27 38 44 53 60 ]
55: [ 2 22 34 47 52 58 72 ]
56: [ 20 40 50 ]
57: [ 1 23 31 41 46 48 58 ]
58: [ 27 30 41 47 55 57 59 63 74 ]
59: [ 11 29 53 58 66 75 ]
60: [ 1 4 11 15 19 20 22 41 46 48 54 74 ]
61: [ 3 6 31 38 42 48 52 62 71 72 73 ]
62: [ 15 19 36 46 61 75 ]
63: [ 5 10 21 38 58 68 73 74 ]
64: [ 8 11 22 26 46 66 72 75 ]
65: [ 4 25 27 28 34 39 41 51 ]
66: [ 14 22 25 28 31 49 53 59 64 74 ]
67: [ 2 15 24 30 50 68 ]
68: [ 2 4 41 42 51 63 67 ]
69: [ 23 52 ]
70: [ 5 17 19 32 38 44 ]
71: [ 9 10 19 23 34 43 61 ]
72: [ 1 21 27 44 55 61 64 ]
73: [ 24 61 63 ]
74: [ 2 11 14 18 28 32 38 58 60 63 66 ]
75: [ 6 17 19 28 29 49 51 59 62 64 ]
