1: [ 8 12 13 14 39 40 53 55 68 70 74 75 ]
2: [ 6 18 21 25 28 32 35 37 38 46 68 69 ]
3: [ 13 19 23 24 25 34 47 50 53 ]
4: [ 13 22 32 55 ]
5: [ 20 28 47 67 ]
6: [ 2 7 22 25 47 54 ]
7: [ 6 13 16 22 28 36 52 60 68 69 ]
8: [ 1 31 38 50 65 67 73 74 ]
9: [ 22 23 26 34 39 44 54 75 ]
10: [ 16 23 28 29 32 36 37 47 71 ]
11: [ 19 28 29 60 ]
12: [ 1 14 20 21 26 40 43 54 59 64 74 ]
13: [ 1 3 4 7 16 18 48 67 ]
14: [ 1 12 23 29 42 48 49 51 52 54 59 62 72 ]
15: [ 31 33 36 46 75 ]
16: [ 7 10 13 30 32 35 42 46 50 53 60 ]
17: [ 46 63 ]
18: [ 2 13 31 43 52 72 ]
19: [ 3 11 21 22 32 35 42 43 46 48 65 66 ]
20: [ 5 12 32 39 46 69 72 74 ]
21: [ 2 12 19 31 32 41 44 58 70 ]
22: [ 4 6 7 9 19 23 30 45 54 64 65 ]
23: [ 3 9 10 14 22 26 37 41 45 48 51 65 66 ]
24: [ 3 31 34 48 50 55 56 73 ]
25: [ 2 3 6 26 41 42 ]
26: [ 9 12 23 25 55 63 67 68 ]
27: [ ]
28: [ 2 5 7 10 11 33 41 42 55 66 ]
29: [ 10 11 14 31 32 47 61 67 70 ]
30: [ 16 22 31 38 41 44 48 50 51 54 65 66 ]
31: [ 8 15 18 21 24 29 30 60 65 ]
32: [ 2 4 10 16 19 20 21 29 38 46 57 68 ]
33: [ 15 28 ]
34: [ 3 9 24 40 55 74 ]
35: [ 2 16 19 44 63 66 72 73 75 ]
36: [ 7 10 15 38 41 45 53 57 ]
37: [ 2 10 23 43 45 66 67 ]
38: [ 2 8 30 32 36 40 54 60 70 75 ]
39: [ 1 9 20 45 51 54 ]
40: [ 1 12 34 38 51 55 57 71 ]
41: [ 21 23 25 28 30 36 55 56 ]
42: [ 14 16 19 25 28 50 52 61 66 70 75 ]
43: [ 12 18 19 37 46 ]
44: [ 9 21 30 35 48 54 63 64 69 ]
45: [ 22 23 36 37 39 50 53 60 ]
46: [ 2 15 16 17 19 20 32 43 61 72 ]
47: [ 3 5 6 10 29 48 58 ]
48: [ 13 14 19 23 24 30 44 47 55 61 ]
49: [ 14 67 ]
50: [ 3 8 16 24 30 42 45 65 73 ]
51: [ 14 23 30 39 40 57 ]
52: [ 7 14 18 42 70 71 ]
53: [ 1 3 16 36 45 58 66 70 74 ]
54: [ 6 9 12 14 22 30 38 39 44 ]
55: [ 1 4 24 26 28 34 40 41 48 ]
56: [ 24 41 ]
57: [ 32 36 40 51 67 69 ]
58: [ 21 47 53 ]
59: [ 12 14 ]
60: [ 7 11 16 31 38 45 67 74 ]
61: [ 29 42 46 48 73 ]
62: [ 14 73 ]
63: [ 17 26 35 44 70 ]
64: [ 12 22 44 67 ]
65: [ 8 19 22 23 30 31 50 70 ]
66: [ 19 23 28 30 35 37 42 53 ]
67: [ 5 8 13 26 29 37 49 57 60 64 68 ]
68: [ 1 2 7 26 32 67 73 ]
69: [ 2 7 20 44 57 70 75 ]
70: [ 1 21 29 38 42 52 53 63 65 69 73 75 ]
71: [ 10 40 52 ]
72: [ 14 18 20 35 46 ]
73: [ 8 24 35 50 61 62 68 70 ]
74: [ 1 8 12 20 34 53 60 ]
75: [ 1 9 15 35 38 42 69 70 ]
