1: [ 4 8 26 27 34 42 43 52 58 69 72 ]
2: [ 10 19 26 27 29 41 48 57 64 66 ]
3: [ 5 9 21 47 58 74 ]
4: [ 1 5 10 21 40 47 55 61 75 ]
5: [ 3 4 11 39 62 64 66 ]
6: [ 13 24 44 54 63 64 ]
7: [ 18 40 49 70 74 ]
8: [ 1 15 24 27 28 33 43 55 60 62 63 66 ]
9: [ 3 14 22 25 43 52 61 64 71 73 ]
10: [ 2 4 13 19 28 35 40 44 45 55 65 ]
11: [ 5 44 52 73 ]
12: [ 17 38 42 64 65 72 ]
13: [ 6 10 34 38 45 50 58 ]
14: [ 9 15 19 21 29 34 35 38 60 ]
15: [ 8 14 19 36 40 56 59 65 68 ]
16: [ 18 26 33 40 55 58 60 ]
17: [ 12 28 30 31 75 ]
18: [ 7 16 21 23 32 55 56 57 59 67 ]
19: [ 2 10 14 15 25 37 46 ]
20: [ 21 22 30 38 48 60 63 66 70 75 ]
21: [ 3 4 14 18 20 25 26 30 43 46 59 ]
22: [ 9 20 36 47 60 ]
23: [ 18 36 64 68 69 ]
24: [ 6 8 50 59 70 ]
25: [ 9 19 21 54 61 68 ]
26: [ 1 2 16 21 62 74 ]
27: [ 1 2 8 28 29 32 42 52 69 74 ]
28: [ 8 10 17 27 31 32 42 43 47 49 52 53 69 72 ]
29: [ 2 14 27 32 33 34 39 48 62 64 65 72 ]
30: [ 17 20 21 41 45 67 ]
31: [ 17 28 40 46 48 64 66 70 ]
32: [ 18 27 28 29 36 59 67 ]
33: [ 8 16 29 35 47 63 74 ]
34: [ 1 13 14 29 42 46 61 ]
35: [ 10 14 33 39 59 64 70 ]
36: [ 15 22 23 32 49 54 56 59 67 ]
37: [ 19 60 ]
38: [ 12 13 14 20 40 57 60 67 ]
39: [ 5 29 35 58 59 ]
40: [ 4 7 10 15 16 31 38 43 45 47 65 ]
41: [ 2 30 68 73 ]
42: [ 1 12 27 28 34 47 48 55 63 64 ]
43: [ 1 8 9 21 28 40 52 67 ]
44: [ 6 10 11 45 47 54 58 74 ]
45: [ 10 13 30 40 44 50 53 54 72 74 ]
46: [ 19 21 31 34 48 ]
47: [ 3 4 22 28 33 40 42 44 ]
48: [ 2 20 29 31 42 46 53 58 67 ]
49: [ 7 28 36 ]
50: [ 13 24 45 71 ]
51: [ 53 ]
52: [ 1 9 11 27 28 43 60 66 70 71 ]
53: [ 28 45 48 51 58 71 74 ]
54: [ 6 25 36 44 45 60 73 ]
55: [ 4 8 10 16 18 42 70 ]
56: [ 15 18 36 59 ]
57: [ 2 18 38 65 ]
58: [ 1 3 13 16 39 44 48 53 66 ]
59: [ 15 18 21 24 32 35 36 39 56 67 68 71 ]
60: [ 8 14 16 20 22 37 38 52 54 70 72 ]
61: [ 4 9 25 34 63 67 ]
62: [ 5 8 26 29 65 68 74 ]
63: [ 6 8 20 33 42 61 65 67 ]
64: [ 2 5 6 9 12 23 29 31 35 42 70 ]
65: [ 10 12 15 29 40 57 62 63 ]
66: [ 2 5 8 20 31 52 58 74 ]
67: [ 18 30 32 36 38 43 48 59 61 63 ]
68: [ 15 23 25 41 59 62 ]
69: [ 1 23 27 28 ]
70: [ 7 20 24 31 35 52 55 60 64 ]
71: [ 9 50 52 53 59 ]
72: [ 1 12 28 29 45 60 75 ]
73: [ 9 11 41 54 ]
74: [ 3 7 26 27 33 44 45 53 62 66 ]
75: [ 4 17 20 72 ]
