1: [ 10 20 24 54 57 58 59 61 66 ]
2: [ 23 25 33 66 ]
3: [ 33 44 56 63 70 75 ]
4: [ 15 23 28 58 60 66 70 71 ]
5: [ 21 25 39 41 47 61 75 ]
6: [ 25 33 36 45 60 64 ]
7: [ 24 28 33 42 62 72 75 ]
8: [ 13 19 25 31 45 ]
9: [ 11 25 34 51 63 66 70 74 ]
10: [ 1 24 25 32 48 51 67 ]
11: [ 9 16 21 40 53 62 63 69 ]
12: [ 17 27 ]
13: [ 8 50 ]
14: [ 35 36 42 48 54 ]
15: [ 4 33 39 44 48 51 67 ]
16: [ 11 23 44 ]
17: [ 12 21 28 36 ]
18: [ 21 48 71 75 ]
19: [ 8 23 24 33 34 46 50 51 54 ]
20: [ 1 22 35 39 47 ]
21: [ 5 11 17 18 22 24 31 49 58 59 ]
22: [ 20 21 31 32 44 55 56 57 58 62 74 ]
23: [ 2 4 16 19 56 66 73 ]
24: [ 1 7 10 19 21 43 44 45 50 59 63 66 ]
25: [ 2 5 6 8 9 10 34 45 49 50 55 62 75 ]
26: [ 32 52 55 ]
27: [ 12 51 54 62 73 ]
28: [ 4 7 17 30 36 62 64 75 ]
29: [ 54 72 ]
30: [ 28 ]
31: [ 8 21 22 47 50 51 56 60 61 65 ]
32: [ 10 22 26 37 42 45 59 74 ]
33: [ 2 3 6 7 15 19 38 39 53 61 72 ]
34: [ 9 19 25 61 ]
35: [ 14 20 44 59 67 72 ]
36: [ 6 14 17 28 38 44 48 56 57 66 75 ]
37: [ 32 55 63 ]
38: [ 33 36 49 54 63 ]
39: [ 5 15 20 33 45 50 57 58 70 ]
40: [ 11 46 72 ]
41: [ 5 45 52 ]
42: [ 7 14 32 48 ]
43: [ 24 50 ]
44: [ 3 15 16 22 24 35 36 55 56 59 61 ]
45: [ 6 8 24 25 32 39 41 51 52 58 ]
46: [ 19 40 55 ]
47: [ 5 20 31 59 73 ]
48: [ 10 14 15 18 36 42 52 61 68 ]
49: [ 21 25 38 58 60 63 65 66 67 69 71 72 ]
50: [ 13 19 24 25 31 39 43 62 63 67 74 ]
51: [ 9 10 15 19 27 31 45 55 ]
52: [ 26 41 45 48 60 ]
53: [ 11 33 ]
54: [ 1 14 19 27 29 38 55 58 59 63 73 ]
55: [ 22 25 26 37 44 46 51 54 70 ]
56: [ 3 22 23 31 36 44 59 61 65 70 73 ]
57: [ 1 22 36 39 ]
58: [ 1 4 21 22 39 45 49 54 70 72 74 ]
59: [ 1 21 24 32 35 44 47 54 56 68 ]
60: [ 4 6 31 49 52 67 68 ]
61: [ 1 5 31 33 34 44 48 56 ]
62: [ 7 11 22 25 27 28 50 74 ]
63: [ 3 9 11 24 37 38 49 50 54 70 ]
64: [ 6 28 66 ]
65: [ 31 49 56 ]
66: [ 1 2 4 9 23 24 36 49 64 ]
67: [ 10 15 35 49 50 60 69 ]
68: [ 48 59 60 69 ]
69: [ 11 49 67 68 ]
70: [ 3 4 9 39 55 56 58 63 ]
71: [ 4 18 49 ]
72: [ 7 29 33 35 40 49 58 74 ]
73: [ 23 27 47 54 56 ]
74: [ 9 22 32 50 58 62 72 ]
75: [ 3 5 7 18 25 28 36 ]
