1: [ 2 5 12 13 14 21 22 23 24 26 30 39 50 71 ]
2: [ 1 12 16 32 49 53 57 70 ]
3: [ 14 36 38 63 74 ]
4: [ 19 66 75 ]
5: [ 1 8 19 22 24 29 40 44 49 52 68 69 70 71 73 ]
6: [ 8 62 ]
7: [ 19 22 24 51 54 70 73 ]
8: [ 5 6 10 12 13 14 20 22 32 43 51 53 61 73 ]
9: [ 16 27 39 47 ]
10: [ 8 20 34 37 43 45 65 70 75 ]
11: [ 24 ]
12: [ 1 2 8 21 23 25 49 50 56 68 ]
13: [ 1 8 20 23 32 38 49 59 60 72 ]
14: [ 1 3 8 22 25 55 59 62 ]
15: [ 17 31 40 57 ]
16: [ 2 9 25 32 37 39 65 ]
17: [ 15 24 28 32 39 42 45 59 63 73 ]
18: [ 20 22 32 33 40 54 72 74 ]
19: [ 4 5 7 26 54 63 66 70 ]
20: [ 8 10 13 18 51 56 75 ]
21: [ 1 12 35 38 39 55 57 59 71 ]
22: [ 1 5 7 8 14 18 23 41 48 52 55 60 ]
23: [ 1 12 13 22 39 51 63 ]
24: [ 1 5 7 11 17 51 57 58 59 65 73 74 ]
25: [ 12 14 16 26 34 35 51 61 62 71 73 ]
26: [ 1 19 25 27 31 40 42 44 56 59 61 62 67 ]
27: [ 9 26 42 48 56 68 74 ]
28: [ 17 31 43 47 64 65 71 ]
29: [ 5 30 57 62 ]
30: [ 1 29 73 75 ]
31: [ 15 26 28 37 ]
32: [ 2 8 13 16 17 18 33 38 43 51 55 62 ]
33: [ 18 32 40 52 64 69 ]
34: [ 10 25 56 65 70 71 74 ]
35: [ 21 25 42 48 57 75 ]
36: [ 3 50 51 62 68 71 75 ]
37: [ 10 16 31 40 50 54 69 ]
38: [ 3 13 21 32 66 ]
39: [ 1 9 16 17 21 23 40 66 68 74 ]
40: [ 5 15 18 26 33 37 39 53 54 55 56 71 ]
41: [ 22 50 62 71 ]
42: [ 17 26 27 35 44 58 ]
43: [ 8 10 28 32 63 67 70 ]
44: [ 5 26 42 45 49 51 59 63 64 66 67 ]
45: [ 10 17 44 49 54 61 65 ]
46: [ 50 62 ]
47: [ 9 28 65 ]
48: [ 22 27 35 59 75 ]
49: [ 2 5 12 13 44 45 52 56 74 ]
50: [ 1 12 36 37 41 46 65 70 ]
51: [ 7 8 20 23 24 25 32 36 44 62 68 ]
52: [ 5 22 33 49 56 62 66 68 73 ]
53: [ 2 8 40 74 ]
54: [ 7 18 19 37 40 45 63 73 74 75 ]
55: [ 14 21 22 32 40 ]
56: [ 12 20 26 27 34 40 49 52 59 65 68 ]
57: [ 2 15 21 24 29 35 68 71 72 74 ]
58: [ 24 42 66 ]
59: [ 13 14 17 21 24 26 44 48 56 68 69 ]
60: [ 13 22 ]
61: [ 8 25 26 45 ]
62: [ 6 14 25 26 29 32 36 41 46 51 52 64 67 ]
63: [ 3 17 19 23 43 44 54 66 71 ]
64: [ 28 33 44 62 75 ]
65: [ 10 16 24 28 34 45 47 50 56 68 74 ]
66: [ 4 19 38 39 44 52 58 63 70 ]
67: [ 26 43 44 62 68 ]
68: [ 5 12 27 36 39 51 52 56 57 59 65 67 ]
69: [ 5 33 37 59 70 ]
70: [ 2 5 7 10 19 34 43 50 66 69 ]
71: [ 1 5 21 25 28 34 36 40 41 57 63 ]
72: [ 13 18 57 73 ]
73: [ 5 7 8 17 24 25 30 52 54 72 ]
74: [ 3 18 24 27 34 39 49 53 54 57 65 ]
75: [ 4 10 20 30 35 36 48 54 64 ]
