1: [ 22 23 59 72 ]
2: [ 17 27 44 ]
3: [ 27 30 33 37 43 47 48 50 60 63 70 ]
4: [ 24 26 28 39 45 51 55 58 65 71 ]
5: [ 10 21 23 27 53 54 61 74 ]
6: [ 12 13 16 17 21 23 26 29 38 63 66 ]
7: [ 8 26 30 35 38 51 57 61 68 75 ]
8: [ 7 11 19 28 40 48 59 72 ]
9: [ 26 34 35 44 49 58 67 72 75 ]
10: [ 5 37 52 65 ]
11: [ 8 12 14 17 26 30 38 40 ]
12: [ 6 11 30 34 35 45 46 54 59 63 ]
13: [ 6 23 31 41 47 49 53 58 73 ]
14: [ 11 19 23 38 52 60 67 ]
15: [ 37 53 55 56 ]
16: [ 6 26 40 55 59 60 ]
17: [ 2 6 11 19 21 23 26 27 54 58 59 68 ]
18: [ 27 33 34 47 58 64 ]
19: [ 8 14 17 20 28 49 67 71 ]
20: [ 19 33 56 73 74 ]
21: [ 5 6 17 37 38 39 67 68 ]
22: [ 1 39 47 67 68 75 ]
23: [ 1 5 6 13 14 17 45 51 58 70 ]
24: [ 4 34 49 59 ]
25: [ 44 ]
26: [ 4 6 7 9 11 16 17 27 44 49 52 54 ]
27: [ 2 3 5 17 18 26 38 49 53 60 63 ]
28: [ 4 8 19 29 41 63 70 73 74 75 ]
29: [ 6 28 30 40 44 51 54 56 71 ]
30: [ 3 7 11 12 29 32 48 53 71 72 ]
31: [ 13 32 46 56 58 61 69 70 ]
32: [ 30 31 38 39 40 42 44 48 51 66 67 72 ]
33: [ 3 18 20 47 55 67 ]
34: [ 9 12 18 24 35 36 37 42 61 ]
35: [ 7 9 12 34 47 51 66 ]
36: [ 34 63 ]
37: [ 3 10 15 21 34 43 46 57 60 71 ]
38: [ 6 7 11 14 21 27 32 44 45 52 63 65 68 ]
39: [ 4 21 22 32 45 65 ]
40: [ 8 11 16 29 32 50 54 ]
41: [ 13 28 70 ]
42: [ 32 34 73 75 ]
43: [ 3 37 50 55 65 ]
44: [ 2 9 25 26 29 32 38 53 57 63 72 74 ]
45: [ 4 12 23 38 39 50 53 55 61 ]
46: [ 12 31 37 54 58 65 ]
47: [ 3 13 18 22 33 35 54 70 75 ]
48: [ 3 8 30 32 49 54 66 ]
49: [ 9 13 19 24 26 27 48 65 ]
50: [ 3 40 43 45 59 69 71 ]
51: [ 4 7 23 29 32 35 69 ]
52: [ 10 14 26 38 70 73 74 ]
53: [ 5 13 15 27 30 44 45 54 62 ]
54: [ 5 12 17 26 29 40 46 47 48 53 65 70 ]
55: [ 4 15 16 33 43 45 62 64 70 73 ]
56: [ 15 20 29 31 70 ]
57: [ 7 37 44 ]
58: [ 4 9 13 17 18 23 31 46 67 70 73 ]
59: [ 1 8 12 16 17 24 50 66 ]
60: [ 3 14 16 27 37 61 ]
61: [ 5 7 31 34 45 60 65 74 ]
62: [ 53 55 ]
63: [ 3 6 12 27 28 36 38 44 65 ]
64: [ 18 55 71 ]
65: [ 4 10 38 39 43 46 49 54 61 63 68 69 73 74 ]
66: [ 6 32 35 48 59 ]
67: [ 9 14 19 21 22 32 33 58 ]
68: [ 7 17 21 22 38 65 ]
69: [ 31 50 51 65 ]
70: [ 3 23 28 31 41 47 52 54 55 56 58 ]
71: [ 4 19 29 30 37 50 64 75 ]
72: [ 1 8 9 30 32 44 ]
73: [ 13 20 28 42 52 55 58 65 74 ]
74: [ 5 20 28 44 52 61 65 73 75 ]
75: [ 7 9 22 28 42 47 71 74 ]
