1: [ 22 23 24 34 38 40 48 56 75 ]
2: [ 3 4 17 26 34 60 66 67 71 74 ]
3: [ 2 7 8 12 18 28 44 62 73 ]
4: [ 2 7 19 22 43 58 62 67 ]
5: [ 10 19 25 26 29 36 43 69 70 73 ]
6: [ 15 18 ]
7: [ 3 4 8 25 32 34 ]
8: [ 3 7 23 31 35 53 68 73 ]
9: [ 27 70 ]
10: [ 5 32 33 34 37 58 ]
11: [ 13 38 71 ]
12: [ 3 13 25 29 30 62 63 67 ]
13: [ 11 12 18 35 53 60 69 72 75 ]
14: [ 17 30 34 35 73 ]
15: [ 6 56 63 64 ]
16: [ 17 24 26 32 44 45 56 57 61 72 ]
17: [ 2 14 16 18 21 33 37 42 52 53 57 ]
18: [ 3 6 13 17 21 37 44 57 72 ]
19: [ 4 5 25 29 32 34 55 57 58 60 61 ]
20: [ 21 24 26 43 56 57 59 68 ]
21: [ 17 18 20 38 39 54 ]
22: [ 1 4 24 37 47 62 63 70 73 74 75 ]
23: [ 1 8 31 46 50 65 74 ]
24: [ 1 16 20 22 29 35 43 45 54 56 61 74 ]
25: [ 5 7 12 19 28 31 34 37 54 57 68 ]
26: [ 2 5 16 20 28 34 35 36 45 58 75 ]
27: [ 9 35 67 75 ]
28: [ 3 25 26 29 30 33 43 60 69 ]
29: [ 5 12 19 24 28 32 39 45 49 58 63 66 67 75 ]
30: [ 12 14 28 54 ]
31: [ 8 23 25 37 38 43 45 70 ]
32: [ 7 10 16 19 29 50 57 66 67 ]
33: [ 10 17 28 35 39 45 53 54 56 62 ]
34: [ 1 2 7 10 14 19 25 26 43 46 71 74 75 ]
35: [ 8 13 14 24 26 27 33 46 47 55 60 70 ]
36: [ 5 26 42 43 63 67 71 ]
37: [ 10 17 18 22 25 31 39 41 58 ]
38: [ 1 11 21 31 44 45 64 73 74 ]
39: [ 21 29 33 37 44 66 ]
40: [ 1 41 54 62 70 74 75 ]
41: [ 37 40 45 61 ]
42: [ 17 36 49 54 ]
43: [ 4 5 20 24 28 31 34 36 71 73 ]
44: [ 3 16 18 38 39 50 52 56 58 ]
45: [ 16 24 26 29 31 33 38 41 53 63 71 ]
46: [ 23 34 35 71 74 ]
47: [ 22 35 53 57 58 65 ]
48: [ 1 65 67 70 74 75 ]
49: [ 29 42 53 54 62 ]
50: [ 23 32 44 ]
51: [ 60 ]
52: [ 17 44 66 ]
53: [ 8 13 17 33 45 47 49 ]
54: [ 21 24 25 30 33 40 42 49 ]
55: [ 19 35 ]
56: [ 1 15 16 20 24 33 44 64 68 73 ]
57: [ 16 17 18 19 20 25 32 47 60 66 72 ]
58: [ 4 10 19 26 29 37 44 47 66 ]
59: [ 20 63 ]
60: [ 2 13 19 28 35 51 57 62 ]
61: [ 16 19 24 41 70 72 ]
62: [ 3 4 12 22 33 40 49 60 68 71 ]
63: [ 12 15 22 29 36 45 59 70 ]
64: [ 15 38 56 ]
65: [ 23 47 48 68 69 71 ]
66: [ 2 29 32 39 52 57 58 ]
67: [ 2 4 12 27 29 32 36 48 68 ]
68: [ 8 20 25 56 62 65 67 69 ]
69: [ 5 13 28 65 68 70 75 ]
70: [ 5 9 22 31 35 40 48 61 63 69 72 ]
71: [ 2 11 34 36 43 45 46 62 65 73 ]
72: [ 13 16 18 57 61 70 ]
73: [ 3 5 8 14 22 38 43 56 71 ]
74: [ 2 22 23 24 34 38 40 46 48 ]
75: [ 1 13 22 26 27 29 34 40 48 69 ]
