1: [ 2 27 29 59 74 ]
2: [ 1 3 32 40 42 51 62 75 ]
3: [ 2 7 9 24 31 34 51 52 ]
4: [ 20 21 32 36 51 52 54 56 ]
5: [ 13 29 35 60 62 64 ]
6: [ 13 24 32 33 57 66 70 ]
7: [ 3 21 34 35 68 71 74 ]
8: [ 26 56 70 ]
9: [ 3 10 46 49 50 61 ]
10: [ 9 19 31 33 37 47 50 52 53 70 ]
11: [ 20 30 41 57 58 ]
12: [ 15 34 35 44 75 ]
13: [ 5 6 45 68 70 ]
14: [ 26 27 36 40 46 54 61 62 64 69 73 ]
15: [ 12 42 ]
16: [ 27 28 48 51 53 65 66 67 69 71 ]
17: [ 18 22 24 29 34 48 51 52 63 71 ]
18: [ 17 38 46 47 54 64 68 ]
19: [ 10 27 29 34 40 45 59 64 66 ]
20: [ 4 11 28 29 34 51 56 ]
21: [ 4 7 63 67 ]
22: [ 17 39 51 61 65 69 71 ]
23: [ 26 32 44 50 58 64 66 68 ]
24: [ 3 6 17 34 46 47 60 62 69 ]
25: [ 31 53 59 ]
26: [ 8 14 23 30 49 61 ]
27: [ 1 14 16 19 32 34 41 49 60 68 69 ]
28: [ 16 20 45 ]
29: [ 1 5 17 19 20 37 42 51 59 61 66 75 ]
30: [ 11 26 40 41 46 48 49 58 60 61 ]
31: [ 3 10 25 44 65 69 ]
32: [ 2 4 6 23 27 41 46 51 55 56 63 68 ]
33: [ 6 10 44 47 62 67 70 72 ]
34: [ 3 7 12 17 19 20 24 27 36 46 51 66 69 70 ]
35: [ 5 7 12 39 58 63 65 69 ]
36: [ 4 14 34 45 47 62 67 75 ]
37: [ 10 29 50 60 71 73 ]
38: [ 18 54 58 60 72 75 ]
39: [ 22 35 45 58 65 ]
40: [ 2 14 19 30 45 46 ]
41: [ 11 27 30 32 59 66 75 ]
42: [ 2 15 29 58 60 ]
43: [ 53 70 71 ]
44: [ 12 23 31 33 ]
45: [ 13 19 28 36 39 40 56 62 73 ]
46: [ 9 14 18 24 30 32 34 40 62 71 74 75 ]
47: [ 10 18 24 33 36 48 63 ]
48: [ 16 17 30 47 58 63 ]
49: [ 9 26 27 30 60 61 ]
50: [ 9 10 23 37 55 56 ]
51: [ 2 3 4 16 17 20 22 29 32 34 56 64 67 75 ]
52: [ 3 4 10 17 57 67 75 ]
53: [ 10 16 25 43 61 74 ]
54: [ 4 14 18 38 ]
55: [ 32 50 62 68 73 75 ]
56: [ 4 8 20 32 45 50 51 68 ]
57: [ 6 11 52 ]
58: [ 11 23 30 35 38 39 42 48 59 65 67 ]
59: [ 1 19 25 29 41 58 63 66 68 75 ]
60: [ 5 24 27 30 37 38 42 49 61 66 75 ]
61: [ 9 14 22 26 29 30 49 53 60 ]
62: [ 2 5 14 24 33 36 45 46 55 66 72 ]
63: [ 17 21 32 35 47 48 59 70 ]
64: [ 5 14 18 19 23 51 ]
65: [ 16 22 31 35 39 58 ]
66: [ 6 16 19 23 29 34 41 59 60 62 67 75 ]
67: [ 16 21 33 36 51 52 58 66 68 71 73 ]
68: [ 7 13 18 23 27 32 55 56 59 67 71 ]
69: [ 14 16 22 24 27 31 34 35 70 74 ]
70: [ 6 8 10 13 33 34 43 63 69 75 ]
71: [ 7 16 17 22 37 43 46 67 68 ]
72: [ 33 38 62 ]
73: [ 14 37 45 55 67 ]
74: [ 1 7 46 53 69 ]
75: [ 2 12 29 36 38 41 46 51 52 55 59 60 66 70 ]
