1: [ 3 12 28 34 39 65 67 ]
2: [ 10 22 33 53 61 64 ]
3: [ 1 7 15 18 31 47 49 71 ]
4: [ 6 8 17 22 26 33 41 54 58 68 72 ]
5: [ 9 16 18 25 30 38 43 51 57 71 ]
6: [ 4 21 24 25 64 68 ]
7: [ 3 14 15 24 26 30 32 34 38 48 49 56 ]
8: [ 4 23 31 32 41 44 52 56 58 60 ]
9: [ 5 10 21 33 ]
10: [ 2 9 23 39 49 57 62 65 66 ]
11: [ 53 69 ]
12: [ 1 25 28 29 39 47 49 50 51 59 61 66 ]
13: [ 57 64 66 72 ]
14: [ 7 16 41 49 55 56 57 68 69 72 ]
15: [ 3 7 22 34 43 46 50 ]
16: [ 5 14 17 19 23 27 41 43 68 ]
17: [ 4 16 19 21 29 30 33 48 57 70 ]
18: [ 3 5 56 63 ]
19: [ 16 17 64 ]
20: [ 29 54 63 66 73 75 ]
21: [ 6 9 17 26 34 63 71 ]
22: [ 2 4 15 50 66 73 75 ]
23: [ 8 10 16 30 31 38 44 45 51 61 64 68 69 72 ]
24: [ 6 7 26 65 70 ]
25: [ 5 6 12 34 46 64 66 ]
26: [ 4 7 21 24 33 37 41 56 59 65 67 ]
27: [ 16 41 47 72 73 75 ]
28: [ 1 12 48 50 67 ]
29: [ 12 17 20 32 34 40 41 48 60 66 72 ]
30: [ 5 7 17 23 38 44 45 52 56 ]
31: [ 3 8 23 46 47 48 54 60 70 75 ]
32: [ 7 8 29 ]
33: [ 2 4 9 17 26 44 49 ]
34: [ 1 7 15 21 25 29 49 57 60 61 66 68 ]
35: [ 53 60 ]
36: [ 43 58 60 70 73 ]
37: [ 26 40 68 70 ]
38: [ 5 7 23 30 47 50 55 61 67 72 ]
39: [ 1 10 12 52 57 ]
40: [ 29 37 41 53 54 64 ]
41: [ 4 8 14 16 26 27 29 40 42 43 61 ]
42: [ 41 ]
43: [ 5 15 16 36 41 46 61 63 66 ]
44: [ 8 23 30 33 46 58 59 67 72 ]
45: [ 23 30 ]
46: [ 15 25 31 43 44 64 ]
47: [ 3 12 27 31 38 49 54 55 59 63 ]
48: [ 7 17 28 29 31 49 60 70 ]
49: [ 3 7 10 12 14 33 34 47 48 51 54 74 75 ]
50: [ 12 15 22 28 38 64 ]
51: [ 5 12 23 49 57 60 64 69 ]
52: [ 8 30 39 61 ]
53: [ 2 11 35 40 56 66 70 ]
54: [ 4 20 31 40 47 49 66 ]
55: [ 14 38 47 71 72 ]
56: [ 7 8 14 18 26 30 53 61 72 ]
57: [ 5 10 13 14 17 34 39 51 62 64 71 ]
58: [ 4 8 36 44 73 75 ]
59: [ 12 26 44 47 72 ]
60: [ 8 29 31 34 35 36 48 51 66 67 70 ]
61: [ 2 12 23 34 38 41 43 52 56 63 65 69 ]
62: [ 10 57 ]
63: [ 18 20 21 43 47 61 65 67 ]
64: [ 2 6 13 19 23 25 40 46 50 51 57 68 ]
65: [ 1 10 24 26 61 63 73 74 ]
66: [ 10 12 13 20 22 25 29 34 43 53 54 60 70 ]
67: [ 1 26 28 38 44 60 63 ]
68: [ 4 6 14 16 23 34 37 64 72 75 ]
69: [ 11 14 23 51 61 70 ]
70: [ 17 24 31 36 37 48 53 60 66 69 ]
71: [ 3 5 21 55 57 ]
72: [ 4 13 14 23 27 29 38 44 55 56 59 68 75 ]
73: [ 20 22 27 36 58 65 ]
74: [ 49 65 ]
75: [ 20 22 27 31 49 58 68 72 ]
