1: [ 5 13 18 39 41 59 65 ]
2: [ 3 24 27 29 41 64 72 ]
3: [ 2 16 18 33 38 55 66 ]
4: [ 5 7 8 12 31 37 44 55 65 67 68 ]
5: [ 1 4 9 11 28 37 41 43 56 62 73 ]
6: [ 24 32 40 42 69 ]
7: [ 4 13 19 20 24 32 44 45 68 75 ]
8: [ 4 48 62 ]
9: [ 5 28 40 45 ]
10: [ 23 46 48 55 73 ]
11: [ 5 16 19 29 37 55 56 61 64 71 73 ]
12: [ 4 21 40 42 55 67 ]
13: [ 1 7 14 22 25 36 40 55 57 ]
14: [ 13 38 42 44 65 69 72 ]
15: [ 21 24 25 28 30 34 58 61 ]
16: [ 3 11 22 40 52 70 75 ]
17: [ 18 39 73 ]
18: [ 1 3 17 21 23 25 27 35 38 68 75 ]
19: [ 7 11 26 27 44 51 64 73 ]
20: [ 7 31 42 60 ]
21: [ 12 15 18 23 25 31 72 ]
22: [ 13 16 27 30 52 61 65 ]
23: [ 10 18 21 26 42 43 53 56 60 70 ]
24: [ 2 6 7 15 26 29 49 51 57 65 ]
25: [ 13 15 18 21 27 58 ]
26: [ 19 23 24 29 30 31 42 59 60 66 ]
27: [ 2 18 19 22 25 32 40 47 48 58 64 68 ]
28: [ 5 9 15 39 42 74 75 ]
29: [ 2 11 24 26 41 53 ]
30: [ 15 22 26 56 62 68 ]
31: [ 4 20 21 26 41 43 52 53 57 67 68 71 ]
32: [ 6 7 27 35 74 ]
33: [ 3 37 60 64 65 66 70 71 ]
34: [ 15 36 ]
35: [ 18 32 36 47 57 64 67 72 73 ]
36: [ 13 34 35 40 42 43 54 56 75 ]
37: [ 4 5 11 33 42 57 64 72 ]
38: [ 3 14 18 42 56 ]
39: [ 1 17 28 48 50 53 55 56 70 73 ]
40: [ 6 9 12 13 16 27 36 58 75 ]
41: [ 1 2 5 29 31 43 53 ]
42: [ 6 12 14 20 23 26 28 36 37 38 46 50 65 ]
43: [ 5 23 31 36 41 54 ]
44: [ 4 7 14 19 50 55 66 ]
45: [ 7 9 ]
46: [ 10 42 64 68 69 ]
47: [ 27 35 48 53 59 ]
48: [ 8 10 27 39 47 52 64 70 72 ]
49: [ 24 ]
50: [ 39 42 44 56 57 63 66 70 73 74 ]
51: [ 19 24 66 73 75 ]
52: [ 16 22 31 48 70 71 72 ]
53: [ 23 29 31 39 41 47 62 64 70 73 74 ]
54: [ 36 43 58 70 72 ]
55: [ 3 4 10 11 12 13 39 44 58 74 ]
56: [ 5 11 23 30 36 38 39 50 ]
57: [ 13 24 31 35 37 50 59 63 ]
58: [ 15 25 27 40 54 55 61 66 70 74 ]
59: [ 1 26 47 57 73 75 ]
60: [ 20 23 26 33 62 67 74 ]
61: [ 11 15 22 58 ]
62: [ 5 8 30 53 60 68 ]
63: [ 50 57 ]
64: [ 2 11 19 27 33 35 37 46 48 53 71 72 75 ]
65: [ 1 4 14 22 24 33 42 72 74 75 ]
66: [ 3 26 33 44 50 51 58 ]
67: [ 4 12 31 35 60 72 ]
68: [ 4 7 18 27 30 31 46 62 73 ]
69: [ 6 14 46 75 ]
70: [ 16 23 33 39 48 50 52 53 54 58 ]
71: [ 11 31 33 52 64 ]
72: [ 2 14 21 35 37 48 52 54 64 65 67 ]
73: [ 5 10 11 17 19 35 39 50 51 53 59 68 ]
74: [ 28 32 50 53 55 58 60 65 ]
75: [ 7 16 18 28 36 40 51 59 64 65 69 ]
