1: [ 11 14 21 24 48 50 53 69 ]
2: [ 11 12 15 19 26 28 30 41 62 ]
3: [ 30 53 ]
4: [ 12 13 16 38 54 64 75 ]
5: [ 14 34 40 42 51 65 ]
6: [ 30 56 68 ]
7: [ 9 16 24 36 39 43 49 52 72 73 ]
8: [ 18 22 23 34 51 56 63 ]
9: [ 7 16 18 31 57 73 74 ]
10: [ 11 19 24 25 26 31 38 42 46 48 55 ]
11: [ 1 2 10 16 34 35 45 57 67 ]
12: [ 2 4 29 34 35 ]
13: [ 4 14 28 32 34 47 53 57 70 73 75 ]
14: [ 1 5 13 19 22 26 28 46 51 59 68 ]
15: [ 2 19 22 23 31 32 34 47 48 50 51 61 63 73 ]
16: [ 4 7 9 11 18 23 26 27 29 32 36 38 45 59 71 ]
17: [ 18 19 26 37 44 65 66 68 71 ]
18: [ 8 9 16 17 21 26 33 47 48 52 ]
19: [ 2 10 14 15 17 25 38 68 ]
20: [ 23 31 33 36 47 64 ]
21: [ 1 18 26 32 33 44 45 50 54 64 67 68 73 ]
22: [ 8 14 15 26 29 36 52 55 57 62 67 71 75 ]
23: [ 8 15 16 20 30 31 33 38 50 51 ]
24: [ 1 7 10 25 29 57 58 59 66 ]
25: [ 10 19 24 26 30 32 33 35 37 39 54 58 59 66 ]
26: [ 2 10 14 16 17 18 21 22 25 28 43 56 59 64 66 70 75 ]
27: [ 16 29 42 59 66 70 ]
28: [ 2 13 14 26 34 37 46 62 63 68 70 ]
29: [ 12 16 22 24 27 50 54 62 67 71 ]
30: [ 2 3 6 23 25 38 46 51 63 66 ]
31: [ 9 10 15 20 23 40 54 70 ]
32: [ 13 15 16 21 25 41 47 60 ]
33: [ 18 20 21 23 25 ]
34: [ 5 8 11 12 13 15 28 35 43 56 62 65 ]
35: [ 11 12 25 34 39 42 44 48 57 63 74 ]
36: [ 7 16 20 22 40 43 67 70 ]
37: [ 17 25 28 45 57 64 65 69 70 75 ]
38: [ 4 10 16 19 23 30 44 48 49 58 63 67 72 73 ]
39: [ 7 25 35 54 58 70 ]
40: [ 5 31 36 42 62 63 65 66 69 72 ]
41: [ 2 32 54 55 71 ]
42: [ 5 10 27 35 40 60 71 ]
43: [ 7 26 34 36 54 72 ]
44: [ 17 21 35 38 48 65 74 ]
45: [ 11 16 21 37 50 62 ]
46: [ 10 14 28 30 47 49 61 68 70 73 ]
47: [ 13 15 18 20 32 46 ]
48: [ 1 10 15 18 35 38 44 49 61 75 ]
49: [ 7 38 46 48 51 53 62 ]
50: [ 1 15 21 23 29 45 57 61 66 ]
51: [ 5 8 14 15 23 30 49 52 59 62 69 70 71 ]
52: [ 7 18 22 51 56 67 72 ]
53: [ 1 3 13 49 55 58 ]
54: [ 4 21 25 29 31 39 41 43 61 73 ]
55: [ 10 22 41 53 67 69 ]
56: [ 6 8 26 34 52 57 58 60 64 65 ]
57: [ 9 11 13 22 24 35 37 50 56 72 ]
58: [ 24 25 38 39 53 56 69 71 72 ]
59: [ 14 16 24 25 26 27 51 60 61 ]
60: [ 32 42 56 59 69 ]
61: [ 15 46 48 50 54 59 ]
62: [ 2 22 28 29 34 40 45 49 51 66 ]
63: [ 8 15 28 30 35 38 40 65 75 ]
64: [ 4 20 21 26 37 56 66 ]
65: [ 5 17 34 37 40 44 56 63 71 73 ]
66: [ 17 24 25 26 27 30 40 50 62 64 ]
67: [ 11 21 22 29 36 38 52 55 73 74 75 ]
68: [ 6 14 17 19 21 28 46 71 ]
69: [ 1 37 40 51 55 58 60 ]
70: [ 13 26 27 28 31 36 37 39 46 51 72 ]
71: [ 16 17 22 29 41 42 51 58 65 68 ]
72: [ 7 38 40 43 52 57 58 70 75 ]
73: [ 7 9 13 15 21 38 46 54 65 67 ]
74: [ 9 35 44 67 ]
75: [ 4 13 22 26 37 48 63 67 72 ]
