1: [ 4 25 28 35 38 50 66 68 75 ]
2: [ 15 32 51 59 61 ]
3: [ 6 20 51 62 72 75 ]
4: [ 1 18 45 50 53 55 69 72 74 ]
5: [ 8 12 30 50 51 53 56 60 61 70 ]
6: [ 3 18 19 22 37 47 48 51 57 72 ]
7: [ 18 29 69 ]
8: [ 5 41 51 72 ]
9: [ 10 16 19 20 27 29 45 66 ]
10: [ 9 13 18 29 33 39 57 74 ]
11: [ 13 18 24 30 31 38 46 50 53 57 75 ]
12: [ 5 51 67 ]
13: [ 10 11 23 41 43 47 50 65 67 70 ]
14: [ 17 26 45 60 65 75 ]
15: [ 2 29 34 52 56 57 60 ]
16: [ 9 27 34 36 42 50 53 72 ]
17: [ 14 18 25 49 56 61 70 ]
18: [ 4 6 7 10 11 17 32 34 54 55 61 62 68 72 ]
19: [ 6 9 22 26 42 50 ]
20: [ 3 9 31 37 40 57 58 60 72 75 ]
21: [ 22 28 47 60 69 ]
22: [ 6 19 21 39 40 ]
23: [ 13 24 32 48 54 56 59 60 67 ]
24: [ 11 23 33 42 44 45 60 ]
25: [ 1 17 31 42 69 ]
26: [ 14 19 35 38 43 46 61 68 72 74 ]
27: [ 9 16 32 51 60 72 ]
28: [ 1 21 ]
29: [ 7 9 10 15 33 34 36 40 ]
30: [ 5 11 52 53 54 55 60 ]
31: [ 11 20 25 37 47 49 53 ]
32: [ 2 18 23 27 39 56 57 69 ]
33: [ 10 24 29 38 53 69 ]
34: [ 15 16 18 29 40 45 48 49 54 56 62 ]
35: [ 1 26 42 43 50 60 70 75 ]
36: [ 16 29 50 54 55 56 59 67 ]
37: [ 6 20 31 57 74 ]
38: [ 1 11 26 33 42 51 54 60 ]
39: [ 10 22 32 49 54 64 72 ]
40: [ 20 22 29 34 44 52 60 67 70 ]
41: [ 8 13 45 47 59 ]
42: [ 16 19 24 25 35 38 48 54 58 63 68 ]
43: [ 13 26 35 47 48 61 ]
44: [ 24 40 57 59 ]
45: [ 4 9 14 24 34 41 52 56 58 69 ]
46: [ 11 26 47 51 60 69 ]
47: [ 6 13 21 31 41 43 46 50 52 54 55 69 ]
48: [ 6 23 34 42 43 65 70 ]
49: [ 17 31 34 39 ]
50: [ 1 4 5 11 13 16 19 35 36 47 55 59 73 ]
51: [ 2 3 5 6 8 12 27 38 46 60 75 ]
52: [ 15 30 40 45 47 53 57 59 70 72 ]
53: [ 4 5 11 16 30 31 33 52 64 69 72 ]
54: [ 18 23 30 34 36 38 39 42 47 65 67 ]
55: [ 4 18 30 36 47 50 60 ]
56: [ 5 15 17 23 32 34 36 45 62 68 75 ]
57: [ 6 10 11 15 20 32 37 44 52 72 ]
58: [ 20 42 45 67 69 72 ]
59: [ 2 23 36 41 44 50 52 72 ]
60: [ 5 14 15 20 21 23 24 27 30 35 38 40 46 51 55 62 ]
61: [ 2 5 17 18 26 43 75 ]
62: [ 3 18 34 56 60 ]
63: [ 42 ]
64: [ 39 53 65 69 70 ]
65: [ 13 14 48 54 64 ]
66: [ 1 9 68 ]
67: [ 12 13 23 36 40 54 58 ]
68: [ 1 18 26 42 56 66 73 ]
69: [ 4 7 21 25 32 33 45 46 47 53 58 64 ]
70: [ 5 13 17 35 40 48 52 64 ]
71: [ ]
72: [ 3 4 6 8 16 18 20 26 27 39 52 53 57 58 59 ]
73: [ 50 68 ]
74: [ 4 10 26 37 ]
75: [ 1 3 11 14 20 35 51 56 61 ]
