1: [ 7 10 22 33 35 37 41 42 58 73 ]
2: [ 18 21 25 29 37 43 48 53 68 72 ]
3: [ 5 27 31 41 43 46 ]
4: [ 8 9 12 17 18 22 32 36 55 56 71 75 ]
5: [ 3 17 32 45 51 53 60 ]
6: [ 8 10 18 27 41 42 55 65 ]
7: [ 1 19 29 37 38 56 59 75 ]
8: [ 4 6 19 22 23 25 37 45 56 61 62 ]
9: [ 4 11 23 52 58 62 ]
10: [ 1 6 11 26 32 51 63 65 66 ]
11: [ 9 10 22 40 41 45 ]
12: [ 4 19 21 29 42 56 68 75 ]
13: [ 24 25 34 35 36 37 46 68 71 ]
14: [ 20 41 58 65 67 ]
15: [ 20 32 63 70 75 ]
16: [ 21 24 26 28 38 40 ]
17: [ 4 5 40 43 55 69 ]
18: [ 2 4 6 27 35 36 48 50 56 63 66 ]
19: [ 7 8 12 39 42 50 ]
20: [ 14 15 27 37 44 55 73 ]
21: [ 2 12 16 30 34 44 58 ]
22: [ 1 4 8 11 31 34 48 58 63 65 ]
23: [ 8 9 47 52 54 64 68 69 70 73 ]
24: [ 13 16 28 31 36 ]
25: [ 2 8 13 39 68 75 ]
26: [ 10 16 31 54 64 ]
27: [ 3 6 18 20 40 56 66 ]
28: [ 16 24 44 51 54 61 ]
29: [ 2 7 12 33 37 40 41 67 72 ]
30: [ 21 40 47 55 63 69 70 71 75 ]
31: [ 3 22 24 26 40 54 68 ]
32: [ 4 5 10 15 36 39 40 41 58 63 64 73 ]
33: [ 1 29 35 47 72 74 ]
34: [ 13 21 22 59 65 67 69 ]
35: [ 1 13 18 33 37 41 43 48 60 72 ]
36: [ 4 13 18 24 32 63 65 66 ]
37: [ 1 2 7 8 13 20 29 35 65 69 ]
38: [ 7 16 59 71 75 ]
39: [ 19 25 32 54 58 69 ]
40: [ 11 16 17 27 29 30 31 32 44 50 51 72 ]
41: [ 1 3 6 11 14 29 32 35 63 66 75 ]
42: [ 1 6 12 19 53 56 65 70 ]
43: [ 2 3 17 35 58 65 68 ]
44: [ 20 21 28 40 47 54 58 65 71 72 ]
45: [ 5 8 11 48 51 56 66 70 ]
46: [ 3 13 ]
47: [ 23 30 33 44 ]
48: [ 2 18 22 35 45 57 62 67 69 72 ]
49: [ 72 73 ]
50: [ 18 19 40 70 73 ]
51: [ 5 10 28 40 45 56 62 73 ]
52: [ 9 23 75 ]
53: [ 2 5 42 60 ]
54: [ 23 26 28 31 39 44 61 63 66 ]
55: [ 4 6 17 20 30 69 ]
56: [ 4 7 8 12 18 27 42 45 51 74 75 ]
57: [ 48 ]
58: [ 1 9 14 21 22 32 39 43 44 66 69 ]
59: [ 7 34 38 ]
60: [ 5 35 53 64 66 ]
61: [ 8 28 54 65 ]
62: [ 8 9 48 51 ]
63: [ 10 15 18 22 30 32 36 41 54 70 71 73 ]
64: [ 23 26 32 60 70 ]
65: [ 6 10 14 22 34 36 37 42 43 44 61 74 ]
66: [ 10 18 27 36 41 45 54 58 60 70 ]
67: [ 14 29 34 48 68 69 ]
68: [ 2 12 13 23 25 31 43 67 71 ]
69: [ 17 23 30 34 37 39 48 55 58 67 70 75 ]
70: [ 15 23 30 42 45 50 63 64 66 69 73 ]
71: [ 4 13 30 38 44 63 68 ]
72: [ 2 29 33 35 40 44 48 49 ]
73: [ 1 20 23 32 49 50 51 63 70 ]
74: [ 33 56 65 ]
75: [ 4 7 12 15 25 30 38 41 52 56 69 ]
