1: [ 15 18 23 26 29 30 43 50 53 ]
2: [ 7 10 24 31 37 39 56 64 66 ]
3: [ 20 23 29 38 40 46 59 63 74 ]
4: [ 6 14 18 19 24 26 31 34 44 58 66 71 ]
5: [ 18 22 26 33 43 48 55 56 75 ]
6: [ 4 14 23 25 42 73 74 ]
7: [ 2 18 20 44 69 ]
8: [ 15 23 24 36 59 63 68 73 ]
9: [ 19 20 28 31 33 40 41 62 67 ]
10: [ 2 18 22 23 49 53 68 ]
11: [ 23 24 26 65 ]
12: [ 20 22 23 31 37 49 51 55 57 61 67 68 ]
13: [ 26 32 34 58 68 72 ]
14: [ 4 6 37 39 48 51 54 ]
15: [ 1 8 22 26 32 ]
16: [ 23 34 41 44 52 56 57 60 63 75 ]
17: [ 19 35 38 43 71 72 ]
18: [ 1 4 5 7 10 23 32 33 68 74 ]
19: [ 4 9 17 25 39 ]
20: [ 3 7 9 12 59 63 ]
21: [ 33 64 71 ]
22: [ 5 10 12 15 25 29 36 37 41 45 49 59 61 63 67 ]
23: [ 1 3 6 8 10 11 12 16 18 27 44 54 63 74 ]
24: [ 2 4 8 11 33 38 50 52 56 ]
25: [ 6 19 22 45 70 ]
26: [ 1 4 5 11 13 15 29 51 71 ]
27: [ 23 46 52 59 64 69 ]
28: [ 9 30 48 52 60 ]
29: [ 1 3 22 26 34 44 49 72 74 ]
30: [ 1 28 35 57 73 ]
31: [ 2 4 9 12 35 39 43 61 ]
32: [ 13 15 18 43 47 49 66 67 ]
33: [ 5 9 18 21 24 38 63 ]
34: [ 4 13 16 29 50 62 ]
35: [ 17 30 31 39 50 71 ]
36: [ 8 22 50 55 ]
37: [ 2 12 14 22 45 61 62 ]
38: [ 3 17 24 33 46 51 61 62 64 71 ]
39: [ 2 14 19 31 35 72 74 75 ]
40: [ 3 9 49 63 65 ]
41: [ 9 16 22 53 60 ]
42: [ 6 52 ]
43: [ 1 5 17 31 32 45 50 52 ]
44: [ 4 7 16 23 29 48 53 57 64 68 ]
45: [ 22 25 37 43 46 52 ]
46: [ 3 27 38 45 47 50 55 ]
47: [ 32 46 52 64 69 71 ]
48: [ 5 14 28 44 69 72 75 ]
49: [ 10 12 22 29 32 40 63 ]
50: [ 1 24 34 35 36 43 46 52 61 64 66 71 ]
51: [ 12 14 26 38 53 62 63 64 ]
52: [ 16 24 27 28 42 43 45 47 50 70 ]
53: [ 1 10 41 44 51 71 72 75 ]
54: [ 14 23 57 58 60 65 ]
55: [ 5 12 36 46 68 71 ]
56: [ 2 5 16 24 60 70 ]
57: [ 12 16 30 44 54 ]
58: [ 4 13 54 71 ]
59: [ 3 8 20 22 27 70 ]
60: [ 16 28 41 54 56 ]
61: [ 12 22 31 37 38 50 68 71 73 ]
62: [ 9 34 37 38 51 ]
63: [ 3 8 16 20 22 23 33 40 49 51 71 72 75 ]
64: [ 2 21 27 38 44 47 50 51 72 74 ]
65: [ 11 40 54 ]
66: [ 2 4 32 50 69 72 ]
67: [ 9 12 22 32 ]
68: [ 8 10 12 13 18 44 55 61 74 ]
69: [ 7 27 47 48 66 ]
70: [ 25 52 56 59 71 ]
71: [ 4 17 21 26 35 38 47 50 53 55 58 61 63 70 ]
72: [ 13 17 29 39 48 53 63 64 66 75 ]
73: [ 6 8 30 61 ]
74: [ 3 6 18 23 29 39 64 68 ]
75: [ 5 16 39 48 53 63 72 ]
