1: [ 32 62 ]
2: [ 11 14 31 42 ]
3: [ 5 14 20 21 28 39 45 51 68 71 ]
4: [ 6 21 27 29 30 41 42 57 66 73 ]
5: [ 3 9 34 43 50 68 ]
6: [ 4 15 17 23 25 39 45 56 65 ]
7: [ 18 25 48 51 ]
8: [ 31 37 38 40 65 ]
9: [ 5 16 22 33 36 48 71 74 75 ]
10: [ 34 37 44 71 ]
11: [ 2 15 18 20 21 33 34 35 43 60 61 70 ]
12: [ 15 20 22 28 51 56 71 ]
13: [ 25 37 38 41 57 59 72 ]
14: [ 2 3 36 39 49 50 51 62 ]
15: [ 6 11 12 23 46 ]
16: [ 9 32 67 ]
17: [ 6 20 26 50 59 60 63 69 ]
18: [ 7 11 19 29 51 66 74 ]
19: [ 18 28 63 68 73 ]
20: [ 3 11 12 17 23 42 56 61 ]
21: [ 3 4 11 22 24 25 31 50 57 61 72 ]
22: [ 9 12 21 26 37 41 46 53 62 ]
23: [ 6 15 20 25 26 45 46 54 56 61 65 67 ]
24: [ 21 36 39 ]
25: [ 6 7 13 21 23 27 30 36 42 68 ]
26: [ 17 22 23 34 35 43 44 50 52 55 62 69 ]
27: [ 4 25 34 65 ]
28: [ 3 12 19 36 39 44 68 74 ]
29: [ 4 18 33 53 62 70 74 75 ]
30: [ 4 25 51 52 60 69 ]
31: [ 2 8 21 36 41 51 70 ]
32: [ 1 16 34 45 50 68 ]
33: [ 9 11 29 35 46 55 64 73 ]
34: [ 5 10 11 26 27 32 35 53 56 68 ]
35: [ 11 26 33 34 53 54 ]
36: [ 9 14 24 25 28 31 45 59 69 70 ]
37: [ 8 10 13 22 40 64 73 74 ]
38: [ 8 13 42 43 66 ]
39: [ 3 6 14 24 28 42 55 70 73 74 ]
40: [ 8 37 41 53 54 57 65 68 75 ]
41: [ 4 13 22 31 40 43 47 57 58 71 ]
42: [ 2 4 20 25 38 39 44 55 66 71 72 75 ]
43: [ 5 11 26 38 41 44 46 47 52 54 58 ]
44: [ 10 26 28 42 43 46 66 ]
45: [ 3 6 23 32 36 48 52 62 72 ]
46: [ 15 22 23 33 43 44 55 61 65 68 75 ]
47: [ 41 43 62 ]
48: [ 7 9 45 61 ]
49: [ 14 55 69 ]
50: [ 5 14 17 21 26 32 61 66 70 ]
51: [ 3 7 12 14 18 30 31 53 61 65 67 72 ]
52: [ 26 30 43 45 55 ]
53: [ 22 29 34 35 40 51 55 59 61 65 71 ]
54: [ 23 35 40 43 55 57 ]
55: [ 26 33 39 42 46 49 52 53 54 74 ]
56: [ 6 12 20 23 34 63 64 65 66 68 ]
57: [ 4 13 21 40 41 54 61 ]
58: [ 41 43 ]
59: [ 13 17 36 53 67 74 ]
60: [ 11 17 30 62 65 ]
61: [ 11 20 21 23 46 48 50 51 53 57 63 75 ]
62: [ 1 14 22 26 29 45 47 60 ]
63: [ 17 19 56 61 65 ]
64: [ 33 37 56 66 ]
65: [ 6 8 23 27 40 46 51 53 56 60 63 ]
66: [ 4 18 38 42 44 50 56 64 70 71 ]
67: [ 16 23 51 59 73 75 ]
68: [ 3 5 19 25 28 32 34 40 46 56 72 ]
69: [ 17 26 30 36 49 ]
70: [ 11 29 31 36 39 50 66 75 ]
71: [ 3 9 10 12 41 42 53 66 72 ]
72: [ 13 21 42 45 51 68 71 ]
73: [ 4 19 33 37 39 67 ]
74: [ 9 18 28 29 37 39 55 59 ]
75: [ 9 29 40 42 46 61 67 70 ]
