1: [ 10 12 14 38 41 50 ]
2: [ 18 33 42 47 66 68 71 ]
3: [ 19 75 ]
4: [ 25 27 30 37 38 39 47 62 71 ]
5: [ 7 21 42 67 ]
6: [ 10 18 24 38 54 62 64 ]
7: [ 5 10 11 22 37 58 62 ]
8: [ 22 32 57 ]
9: [ 13 22 24 40 41 57 62 65 72 73 ]
10: [ 1 6 7 12 18 26 66 ]
11: [ 7 19 35 37 51 52 58 60 63 72 ]
12: [ 1 10 29 42 ]
13: [ 9 22 ]
14: [ 1 31 47 63 71 75 ]
15: [ 24 40 47 50 ]
16: [ 21 31 34 35 37 46 65 ]
17: [ 26 33 ]
18: [ 2 6 10 27 36 60 71 74 ]
19: [ 3 11 34 43 47 49 54 63 64 67 68 72 ]
20: [ 34 73 ]
21: [ 5 16 26 41 ]
22: [ 7 8 9 13 35 47 56 62 ]
23: [ 32 38 43 44 48 50 53 61 63 ]
24: [ 6 9 15 35 38 58 66 67 68 ]
25: [ 4 40 44 57 ]
26: [ 10 17 21 29 44 50 52 ]
27: [ 4 18 51 60 ]
28: [ 29 34 47 50 60 63 ]
29: [ 12 26 28 35 36 43 50 53 59 60 70 ]
30: [ 4 36 44 45 48 49 ]
31: [ 14 16 39 47 50 52 74 ]
32: [ 8 23 50 51 ]
33: [ 2 17 44 56 64 65 70 ]
34: [ 16 19 20 28 56 57 73 ]
35: [ 11 16 22 24 29 36 38 45 53 ]
36: [ 18 29 30 35 46 47 48 54 68 70 73 ]
37: [ 4 7 11 16 38 41 44 47 48 50 57 75 ]
38: [ 1 4 6 23 24 35 37 40 45 52 56 59 67 70 ]
39: [ 4 31 42 60 71 ]
40: [ 9 15 25 38 43 45 73 ]
41: [ 1 9 21 37 47 48 52 57 ]
42: [ 2 5 12 39 45 51 60 ]
43: [ 19 23 29 40 45 48 59 63 65 ]
44: [ 23 25 26 30 33 37 50 ]
45: [ 30 35 38 40 42 43 74 ]
46: [ 16 36 59 ]
47: [ 2 4 14 15 19 22 28 31 36 37 41 73 ]
48: [ 23 30 36 37 41 43 54 ]
49: [ 19 30 56 61 65 ]
50: [ 1 15 23 26 28 29 31 32 37 44 58 60 66 ]
51: [ 11 27 32 42 53 57 60 61 75 ]
52: [ 11 26 31 38 41 ]
53: [ 23 29 35 51 61 70 ]
54: [ 6 19 36 48 57 58 67 72 ]
55: [ ]
56: [ 22 33 34 38 49 60 61 62 75 ]
57: [ 8 9 25 34 37 41 51 54 58 61 66 68 ]
58: [ 7 11 24 50 54 57 75 ]
59: [ 29 38 43 46 ]
60: [ 11 18 27 28 29 39 42 50 51 56 64 66 ]
61: [ 23 49 51 53 56 57 68 ]
62: [ 4 6 7 9 22 56 65 ]
63: [ 11 14 19 23 28 43 64 66 ]
64: [ 6 19 33 60 63 68 70 ]
65: [ 9 16 33 43 49 62 ]
66: [ 2 10 24 50 57 60 63 73 ]
67: [ 5 19 24 38 54 ]
68: [ 2 19 24 36 57 61 64 73 ]
69: [ ]
70: [ 29 33 36 38 53 64 ]
71: [ 2 4 14 18 39 72 ]
72: [ 9 11 19 54 71 ]
73: [ 9 20 34 36 40 47 66 68 74 75 ]
74: [ 18 31 45 73 ]
75: [ 3 14 37 51 56 58 73 ]
