1: [ 11 16 34 39 42 44 45 55 59 ]
2: [ 26 30 36 42 51 ]
3: [ 21 22 28 36 37 65 69 70 74 ]
4: [ 9 35 54 55 56 ]
5: [ 57 ]
6: [ 39 47 54 56 ]
7: [ 19 45 49 64 ]
8: [ 17 20 25 27 35 39 44 50 71 ]
9: [ 4 27 28 51 54 66 67 ]
10: [ 13 19 27 35 36 38 45 51 65 ]
11: [ 1 27 32 37 52 64 65 67 73 75 ]
12: [ 14 36 51 52 62 70 71 ]
13: [ 10 42 46 47 71 ]
14: [ 12 19 31 47 ]
15: [ 16 23 24 28 54 59 71 ]
16: [ 1 15 22 23 29 39 58 ]
17: [ 8 20 37 45 46 48 51 56 67 ]
18: [ 35 39 42 43 48 65 ]
19: [ 7 10 14 30 36 38 42 61 66 75 ]
20: [ 8 17 47 52 54 60 67 69 ]
21: [ 3 33 56 ]
22: [ 3 16 23 28 35 39 43 49 69 ]
23: [ 15 16 22 24 31 35 40 42 45 46 55 ]
24: [ 15 23 25 34 35 39 58 60 70 ]
25: [ 8 24 39 54 ]
26: [ 2 27 41 46 ]
27: [ 8 9 10 11 26 36 ]
28: [ 3 9 15 22 29 30 45 46 49 58 63 ]
29: [ 16 28 38 50 56 69 71 74 ]
30: [ 2 19 28 44 47 48 59 66 70 ]
31: [ 14 23 45 50 52 58 61 64 65 72 ]
32: [ 11 47 58 60 ]
33: [ 21 ]
34: [ 1 24 48 52 61 64 71 74 ]
35: [ 4 8 10 18 22 23 24 39 43 48 60 ]
36: [ 2 3 10 12 19 27 40 41 49 50 61 64 69 73 ]
37: [ 3 11 17 50 66 ]
38: [ 10 19 29 42 45 72 ]
39: [ 1 6 8 16 18 22 24 25 35 41 45 56 58 73 ]
40: [ 23 36 55 68 69 73 ]
41: [ 26 36 39 57 61 75 ]
42: [ 1 2 13 18 19 23 38 51 58 59 62 68 75 ]
43: [ 18 22 35 48 ]
44: [ 1 8 30 63 65 ]
45: [ 1 7 10 17 23 28 31 38 39 60 61 ]
46: [ 13 17 23 26 28 47 55 60 ]
47: [ 6 13 14 20 30 32 46 48 59 ]
48: [ 17 18 30 34 35 43 47 52 53 56 74 ]
49: [ 7 22 28 36 61 71 ]
50: [ 8 29 31 36 37 52 54 59 ]
51: [ 2 9 10 12 17 42 58 60 69 70 ]
52: [ 11 12 20 31 34 48 50 61 68 69 71 ]
53: [ 48 54 66 ]
54: [ 4 6 9 15 20 25 50 53 65 74 ]
55: [ 1 4 23 40 46 ]
56: [ 4 6 17 21 29 39 48 63 ]
57: [ 5 41 69 70 75 ]
58: [ 16 24 28 31 32 39 42 51 63 75 ]
59: [ 1 15 30 42 47 50 60 67 ]
60: [ 20 24 32 35 45 46 51 59 75 ]
61: [ 19 31 34 36 41 45 49 52 64 73 ]
62: [ 12 42 ]
63: [ 28 44 56 58 67 68 ]
64: [ 7 11 31 34 36 61 72 73 74 ]
65: [ 3 10 11 18 31 44 54 69 ]
66: [ 9 19 30 37 53 71 74 75 ]
67: [ 9 11 17 20 59 63 73 ]
68: [ 40 42 52 63 ]
69: [ 3 20 22 29 36 40 51 52 57 65 71 ]
70: [ 3 12 24 30 51 57 ]
71: [ 8 12 13 15 29 34 49 52 66 69 75 ]
72: [ 31 38 64 ]
73: [ 11 36 39 40 61 64 67 ]
74: [ 3 29 34 48 54 64 66 ]
75: [ 11 19 41 42 57 58 60 66 71 ]
