1: [ 5 43 46 62 ]
2: [ 14 15 21 31 32 34 50 52 53 55 74 ]
3: [ 47 59 72 ]
4: [ 5 19 35 42 46 47 75 ]
5: [ 1 4 17 22 31 39 42 47 63 ]
6: [ 11 14 20 36 41 48 50 62 65 72 ]
7: [ 19 32 35 41 42 54 60 64 70 ]
8: [ 32 49 57 59 68 73 ]
9: [ 13 17 18 21 30 31 38 41 43 52 56 66 68 70 ]
10: [ 23 24 28 30 44 45 ]
11: [ 6 27 30 35 59 74 ]
12: [ 15 26 28 ]
13: [ 9 22 31 42 47 49 55 61 ]
14: [ 2 6 18 28 39 40 51 52 ]
15: [ 2 12 21 31 43 47 52 53 58 63 65 ]
16: [ 17 19 20 25 50 55 62 64 69 ]
17: [ 5 9 16 33 52 63 65 67 70 ]
18: [ 9 14 20 22 24 27 36 43 47 51 58 75 ]
19: [ 4 7 16 30 35 60 62 71 ]
20: [ 6 16 18 36 37 51 55 64 71 73 75 ]
21: [ 2 9 15 23 33 44 46 52 57 64 ]
22: [ 5 13 18 35 36 48 51 63 70 ]
23: [ 10 21 26 27 50 55 62 ]
24: [ 10 18 28 43 46 47 ]
25: [ 16 34 46 69 ]
26: [ 12 23 51 55 56 67 73 ]
27: [ 11 18 23 28 32 51 60 69 71 ]
28: [ 10 12 14 24 27 48 49 51 62 65 ]
29: [ 39 40 58 ]
30: [ 9 10 11 19 32 46 67 74 75 ]
31: [ 2 5 9 13 15 39 45 51 54 ]
32: [ 2 7 8 27 30 50 65 ]
33: [ 17 21 ]
34: [ 2 25 51 53 ]
35: [ 4 7 11 19 22 38 47 49 53 61 62 65 74 75 ]
36: [ 6 18 20 22 ]
37: [ 20 64 ]
38: [ 9 35 45 48 54 58 ]
39: [ 5 14 29 31 47 48 50 60 62 67 ]
40: [ 14 29 65 ]
41: [ 6 7 9 42 48 56 72 ]
42: [ 4 5 7 13 41 45 62 63 65 71 ]
43: [ 1 9 15 18 24 47 55 59 72 ]
44: [ 10 21 45 56 62 ]
45: [ 10 31 38 42 44 47 49 65 ]
46: [ 1 4 21 24 25 30 48 70 75 ]
47: [ 3 4 5 13 15 18 24 35 39 43 45 71 ]
48: [ 6 22 28 38 39 41 46 60 61 ]
49: [ 8 13 28 35 45 53 58 ]
50: [ 2 6 16 23 32 39 59 63 68 ]
51: [ 14 18 20 22 26 27 28 31 34 60 61 ]
52: [ 2 9 14 15 17 21 54 60 61 62 67 72 ]
53: [ 2 15 34 35 49 56 ]
54: [ 7 31 38 52 64 ]
55: [ 2 13 16 20 23 26 43 59 75 ]
56: [ 9 26 41 44 53 ]
57: [ 8 21 73 ]
58: [ 15 18 29 38 49 60 65 70 ]
59: [ 3 8 11 43 50 55 60 66 68 ]
60: [ 7 19 27 39 48 51 52 58 59 62 64 ]
61: [ 13 35 48 51 52 69 71 ]
62: [ 1 6 16 19 23 28 35 39 42 44 52 60 68 70 72 ]
63: [ 5 15 17 22 42 50 68 ]
64: [ 7 16 20 21 37 54 60 66 69 ]
65: [ 6 15 17 28 32 35 40 42 45 58 70 ]
66: [ 9 59 64 ]
67: [ 17 26 30 39 52 74 ]
68: [ 8 9 50 59 62 63 73 75 ]
69: [ 16 25 27 61 64 ]
70: [ 7 9 17 22 46 58 62 65 ]
71: [ 19 20 27 42 47 61 ]
72: [ 3 6 41 43 52 62 75 ]
73: [ 8 20 26 57 68 ]
74: [ 2 11 30 35 67 ]
75: [ 4 18 20 30 35 46 55 68 72 ]
