1: [ 10 11 13 16 32 41 64 68 71 ]
2: [ 6 9 19 32 39 55 64 66 69 ]
3: [ 7 9 14 45 52 58 61 71 ]
4: [ 6 8 12 16 17 18 22 25 38 70 71 72 ]
5: [ 9 17 48 ]
6: [ 2 4 10 19 20 23 32 33 41 50 68 74 ]
7: [ 3 8 10 24 26 27 37 52 58 ]
8: [ 4 7 14 22 29 33 75 ]
9: [ 2 3 5 24 30 39 41 42 53 54 71 74 ]
10: [ 1 6 7 12 18 30 53 57 61 69 ]
11: [ 1 22 30 36 39 64 69 72 73 ]
12: [ 4 10 15 22 31 46 48 53 55 73 74 ]
13: [ 1 27 36 37 39 63 66 ]
14: [ 3 8 41 42 48 51 60 67 73 ]
15: [ 12 21 57 66 ]
16: [ 1 4 19 29 30 34 36 39 53 60 71 75 ]
17: [ 4 5 24 27 39 45 49 51 64 65 72 ]
18: [ 4 10 25 50 51 ]
19: [ 2 6 16 22 23 29 31 39 48 57 59 74 ]
20: [ 6 30 49 50 73 75 ]
21: [ 15 60 ]
22: [ 4 8 11 12 19 26 31 36 37 39 49 55 56 65 ]
23: [ 6 19 33 40 46 59 ]
24: [ 7 9 17 43 57 ]
25: [ 4 18 26 27 37 55 62 71 ]
26: [ 7 22 25 30 45 51 63 ]
27: [ 7 13 17 25 30 40 71 74 ]
28: [ 29 32 33 64 ]
29: [ 8 16 19 28 41 42 48 ]
30: [ 9 10 11 16 20 26 27 42 55 71 ]
31: [ 12 19 22 35 42 50 52 75 ]
32: [ 1 2 6 28 43 48 61 73 ]
33: [ 6 8 23 28 37 44 48 49 60 74 ]
34: [ 16 65 66 74 ]
35: [ 31 36 37 69 71 75 ]
36: [ 11 13 16 22 35 39 60 ]
37: [ 7 13 22 25 33 35 49 51 59 61 68 69 72 ]
38: [ 4 ]
39: [ 2 9 11 13 16 17 19 22 36 58 ]
40: [ 23 27 43 45 66 73 74 ]
41: [ 1 6 9 14 29 61 64 72 ]
42: [ 9 14 29 30 31 43 51 57 74 ]
43: [ 24 32 40 42 45 48 50 53 69 75 ]
44: [ 33 47 57 66 68 71 ]
45: [ 3 17 26 40 43 46 47 49 51 74 ]
46: [ 12 23 45 50 55 74 ]
47: [ 44 45 66 68 69 ]
48: [ 5 12 14 19 29 32 33 43 50 60 74 ]
49: [ 17 20 22 33 37 45 55 57 62 ]
50: [ 6 18 20 31 43 46 48 51 75 ]
51: [ 14 17 18 26 37 42 45 50 58 63 65 ]
52: [ 3 7 31 67 71 ]
53: [ 9 10 12 16 43 67 71 ]
54: [ 9 ]
55: [ 2 12 22 25 30 46 49 62 64 ]
56: [ 22 ]
57: [ 10 15 19 24 42 44 49 69 ]
58: [ 3 7 39 51 ]
59: [ 19 23 37 62 64 ]
60: [ 14 16 21 33 36 48 63 74 ]
61: [ 3 10 32 37 41 72 ]
62: [ 25 49 55 59 ]
63: [ 13 26 51 60 68 ]
64: [ 1 2 11 17 28 41 55 59 72 ]
65: [ 17 22 34 51 73 75 ]
66: [ 2 13 15 34 40 44 47 ]
67: [ 14 52 53 ]
68: [ 1 6 37 44 47 63 ]
69: [ 2 10 11 35 37 43 47 57 71 ]
70: [ 4 72 ]
71: [ 1 3 4 9 16 25 27 30 35 44 52 53 69 72 ]
72: [ 4 11 17 37 41 61 64 70 71 74 75 ]
73: [ 11 12 14 20 32 40 65 ]
74: [ 6 9 12 19 27 33 34 40 42 45 46 48 60 72 ]
75: [ 8 16 20 31 35 43 50 65 72 ]
