1: [ 12 20 26 48 59 ]
2: [ 8 13 14 16 33 35 49 59 ]
3: [ 18 21 27 39 57 61 62 64 67 72 ]
4: [ 15 44 65 74 ]
5: [ 17 18 20 23 27 44 46 48 52 57 62 63 73 ]
6: [ 33 35 44 50 ]
7: [ 11 52 53 ]
8: [ 2 16 21 28 49 53 62 66 ]
9: [ 23 66 ]
10: [ 19 20 28 32 53 56 63 67 73 74 ]
11: [ 7 22 26 57 62 ]
12: [ 1 16 35 61 63 64 ]
13: [ 2 14 30 44 52 55 58 64 ]
14: [ 2 13 27 31 39 52 62 ]
15: [ 4 35 38 39 51 61 66 ]
16: [ 2 8 12 29 33 46 47 64 72 ]
17: [ 5 20 32 33 39 40 46 61 64 66 74 ]
18: [ 3 5 22 32 ]
19: [ 10 29 30 32 39 50 56 65 66 ]
20: [ 1 5 10 17 23 53 ]
21: [ 3 8 32 33 36 40 61 62 ]
22: [ 11 18 32 38 67 ]
23: [ 5 9 20 30 57 73 ]
24: [ 47 62 63 74 ]
25: [ 27 30 40 52 56 62 64 69 ]
26: [ 1 11 34 45 54 56 57 ]
27: [ 3 5 14 25 29 33 51 53 56 57 62 74 ]
28: [ 8 10 41 42 44 55 58 62 69 73 ]
29: [ 16 19 27 30 33 67 72 ]
30: [ 13 19 23 25 29 33 48 51 55 58 61 67 68 69 ]
31: [ 14 35 39 57 66 ]
32: [ 10 17 18 19 21 22 39 47 ]
33: [ 2 6 16 17 21 27 29 30 34 52 71 72 74 ]
34: [ 26 33 35 ]
35: [ 2 6 12 15 31 34 39 62 64 67 ]
36: [ 21 41 46 54 55 65 ]
37: [ 45 53 56 57 65 ]
38: [ 15 22 41 72 ]
39: [ 3 14 15 17 19 31 32 35 51 61 71 75 ]
40: [ 17 21 25 42 44 49 ]
41: [ 28 36 38 71 ]
42: [ 28 40 56 69 73 ]
43: [ 64 72 ]
44: [ 4 5 6 13 28 40 45 56 58 ]
45: [ 26 37 44 49 54 69 72 ]
46: [ 5 16 17 36 50 52 67 72 ]
47: [ 16 24 32 61 ]
48: [ 1 5 30 55 68 70 ]
49: [ 2 8 40 45 59 ]
50: [ 6 19 46 51 64 ]
51: [ 15 27 30 39 50 64 67 ]
52: [ 5 7 13 14 25 33 46 65 ]
53: [ 7 8 10 20 27 37 64 ]
54: [ 26 36 45 65 74 ]
55: [ 13 28 30 36 48 56 75 ]
56: [ 10 19 25 26 27 37 42 44 55 71 73 ]
57: [ 3 5 11 23 26 27 31 37 ]
58: [ 13 28 30 44 67 71 73 ]
59: [ 1 2 49 ]
60: [ 72 ]
61: [ 3 12 15 17 21 30 39 47 68 ]
62: [ 3 5 8 11 14 21 24 25 27 28 35 ]
63: [ 5 10 12 24 75 ]
64: [ 3 12 13 16 17 25 35 43 50 51 53 71 74 ]
65: [ 4 19 36 37 52 54 67 ]
66: [ 8 9 15 17 19 31 ]
67: [ 3 10 22 29 30 35 46 51 58 65 74 ]
68: [ 30 48 61 ]
69: [ 25 28 30 42 45 ]
70: [ 48 ]
71: [ 33 39 41 56 58 64 ]
72: [ 3 16 29 33 38 43 45 46 60 ]
73: [ 5 10 23 28 42 56 58 ]
74: [ 4 10 17 24 27 33 54 64 67 75 ]
75: [ 39 55 63 74 ]
