1: [ 13 14 44 54 64 66 ]
2: [ 16 21 23 30 33 37 56 62 73 ]
3: [ 52 ]
4: [ 15 23 28 30 56 59 60 ]
5: [ 9 14 17 46 48 49 59 63 ]
6: [ 7 31 33 45 54 67 ]
7: [ 6 10 11 28 33 42 48 67 73 ]
8: [ 9 11 19 44 50 53 55 68 73 ]
9: [ 5 8 17 22 29 41 49 50 52 58 60 ]
10: [ 7 13 25 30 47 63 69 73 75 ]
11: [ 7 8 29 39 43 49 59 67 ]
12: [ 21 62 ]
13: [ 1 10 14 20 27 46 68 74 ]
14: [ 1 5 13 28 32 40 42 65 73 ]
15: [ 4 16 23 36 37 41 49 50 57 60 74 ]
16: [ 2 15 38 49 52 69 73 ]
17: [ 5 9 19 20 36 37 39 41 56 63 75 ]
18: [ 27 34 50 55 ]
19: [ 8 17 22 30 38 42 62 72 ]
20: [ 13 17 28 43 44 49 50 56 59 74 ]
21: [ 2 12 33 36 48 63 66 ]
22: [ 9 19 27 48 57 ]
23: [ 2 4 15 24 38 40 45 49 52 ]
24: [ 23 49 ]
25: [ 10 30 59 62 ]
26: [ 32 49 53 59 ]
27: [ 13 18 22 47 54 55 59 60 62 75 ]
28: [ 4 7 14 20 33 38 51 66 ]
29: [ 9 11 32 42 57 58 60 63 73 ]
30: [ 2 4 10 19 25 33 46 48 ]
31: [ 6 69 ]
32: [ 14 26 29 35 53 67 ]
33: [ 2 6 7 21 28 30 38 41 47 50 66 72 ]
34: [ 18 37 54 ]
35: [ 32 38 50 72 ]
36: [ 15 17 21 51 57 61 62 65 67 ]
37: [ 2 15 17 34 53 60 67 71 ]
38: [ 16 19 23 28 33 35 48 58 59 61 65 70 ]
39: [ 11 17 67 73 ]
40: [ 14 23 43 45 47 54 67 ]
41: [ 9 15 17 33 64 75 ]
42: [ 7 14 19 29 43 68 69 70 72 ]
43: [ 11 20 40 42 55 72 ]
44: [ 1 8 20 53 60 ]
45: [ 6 23 40 54 59 65 67 74 ]
46: [ 5 13 30 56 60 67 69 ]
47: [ 10 27 33 40 54 ]
48: [ 5 7 21 22 30 38 49 53 58 62 75 ]
49: [ 5 9 11 15 16 20 23 24 26 48 62 68 ]
50: [ 8 9 15 18 20 33 35 52 56 63 67 ]
51: [ 28 36 69 ]
52: [ 3 9 16 23 50 65 70 74 ]
53: [ 8 26 32 37 44 48 55 ]
54: [ 1 6 27 34 40 45 47 55 62 72 ]
55: [ 8 18 27 43 53 54 61 74 ]
56: [ 2 4 17 20 46 50 65 69 73 ]
57: [ 15 22 29 36 59 60 67 ]
58: [ 9 29 38 48 59 61 64 70 75 ]
59: [ 4 5 11 20 25 26 27 38 45 57 58 73 ]
60: [ 4 9 15 27 29 37 44 46 57 61 ]
61: [ 36 38 55 58 60 ]
62: [ 2 12 19 25 27 36 48 49 54 69 ]
63: [ 5 10 17 21 29 50 69 ]
64: [ 1 41 58 ]
65: [ 14 36 38 45 52 56 ]
66: [ 1 21 28 33 ]
67: [ 6 7 11 32 36 37 39 40 45 46 50 57 ]
68: [ 8 13 42 49 ]
69: [ 10 16 31 42 46 51 56 62 63 ]
70: [ 38 42 52 58 72 ]
71: [ 37 ]
72: [ 19 33 35 42 43 54 70 74 ]
73: [ 2 7 8 10 14 16 29 39 56 59 ]
74: [ 13 15 20 45 52 55 72 ]
75: [ 10 17 27 41 48 58 ]
