1: [ 4 11 29 47 49 54 58 59 64 71 73 ]
2: [ 16 24 48 63 ]
3: [ 14 26 64 ]
4: [ 1 15 25 31 34 36 40 47 53 56 62 ]
5: [ 13 15 23 37 38 40 46 53 ]
6: [ 8 10 28 43 50 69 70 ]
7: [ 25 37 59 64 68 69 71 ]
8: [ 6 9 18 23 25 34 38 53 58 70 ]
9: [ 8 44 51 56 ]
10: [ 6 18 21 24 27 41 44 49 53 60 61 64 75 ]
11: [ 1 15 37 71 ]
12: [ 24 40 42 48 53 63 67 ]
13: [ 5 26 29 41 45 48 69 71 ]
14: [ 3 15 20 32 41 60 64 66 71 75 ]
15: [ 4 5 11 14 18 44 65 70 73 ]
16: [ 2 18 24 25 34 35 40 51 58 61 65 ]
17: [ 27 37 38 54 ]
18: [ 8 10 15 16 29 31 57 64 70 ]
19: [ 29 37 38 62 67 ]
20: [ 14 21 29 45 48 58 65 71 ]
21: [ 10 20 23 24 36 47 ]
22: [ 54 62 63 64 73 ]
23: [ 5 8 21 24 30 40 54 56 ]
24: [ 2 10 12 16 21 23 49 51 63 65 ]
25: [ 4 7 8 16 35 36 39 56 59 71 ]
26: [ 3 13 50 59 62 ]
27: [ 10 17 32 ]
28: [ 6 ]
29: [ 1 13 18 19 20 31 44 54 56 62 63 64 67 70 ]
30: [ 23 ]
31: [ 4 18 29 50 61 65 ]
32: [ 14 27 40 41 58 62 66 ]
33: [ 63 ]
34: [ 4 8 16 41 63 67 ]
35: [ 16 25 41 44 49 50 71 ]
36: [ 4 21 25 38 44 65 68 ]
37: [ 5 7 11 17 19 51 64 69 70 72 ]
38: [ 5 8 17 19 36 41 47 48 51 61 65 ]
39: [ 25 44 ]
40: [ 4 5 12 16 23 32 68 ]
41: [ 10 13 14 32 34 35 38 44 50 ]
42: [ 12 52 ]
43: [ 6 47 48 63 74 ]
44: [ 9 10 15 29 35 36 39 41 55 60 62 ]
45: [ 13 20 72 ]
46: [ 5 56 65 69 ]
47: [ 1 4 21 38 43 56 ]
48: [ 2 12 13 20 38 43 50 51 52 54 60 61 63 ]
49: [ 1 10 24 35 68 70 ]
50: [ 6 26 31 35 41 48 62 63 69 ]
51: [ 9 16 24 37 38 48 65 71 73 ]
52: [ 42 48 54 69 ]
53: [ 4 5 8 10 12 58 63 64 67 71 ]
54: [ 1 17 22 23 29 48 52 55 59 71 72 75 ]
55: [ 44 54 63 68 ]
56: [ 4 9 23 25 29 46 47 65 ]
57: [ 18 65 72 ]
58: [ 1 8 16 20 32 53 62 64 ]
59: [ 1 7 25 26 54 62 ]
60: [ 10 14 44 48 65 67 ]
61: [ 10 16 31 38 48 68 ]
62: [ 4 19 22 26 29 32 44 50 58 59 ]
63: [ 2 12 22 24 29 33 34 43 48 50 53 55 ]
64: [ 1 3 7 10 14 18 22 29 37 53 58 ]
65: [ 15 16 20 24 31 36 38 46 51 56 57 60 71 ]
66: [ 14 32 ]
67: [ 12 19 29 34 53 60 72 ]
68: [ 7 36 40 49 55 61 ]
69: [ 6 7 13 37 46 50 52 ]
70: [ 6 8 15 18 29 37 49 ]
71: [ 1 7 11 13 14 20 25 35 51 53 54 65 ]
72: [ 37 45 54 57 67 ]
73: [ 1 15 22 51 ]
74: [ 43 ]
75: [ 10 14 54 ]
