1: [ 56 60 61 63 65 ]
2: [ 21 25 29 38 50 52 55 60 66 68 69 75 ]
3: [ 15 39 47 61 66 70 ]
4: [ 15 23 27 31 38 50 55 58 59 61 ]
5: [ 14 44 60 69 75 ]
6: [ 8 31 36 42 57 60 ]
7: [ 10 20 26 73 ]
8: [ 6 13 17 29 52 56 71 72 ]
9: [ 16 18 36 38 40 52 ]
10: [ 7 14 19 22 35 49 60 ]
11: [ 26 37 42 52 54 65 75 ]
12: [ 25 42 47 62 68 74 ]
13: [ 8 16 19 24 30 41 44 49 51 57 63 70 74 ]
14: [ 5 10 32 61 63 ]
15: [ 3 4 19 26 57 62 64 ]
16: [ 9 13 23 46 62 66 ]
17: [ 8 20 39 47 ]
18: [ 9 24 26 35 40 64 69 ]
19: [ 10 13 15 24 33 36 49 63 68 71 ]
20: [ 7 17 21 23 31 51 53 61 63 71 72 ]
21: [ 2 20 23 37 41 49 52 57 59 ]
22: [ 10 25 37 59 68 69 72 73 ]
23: [ 4 16 20 21 29 34 40 ]
24: [ 13 18 19 26 31 38 43 45 57 74 ]
25: [ 2 12 22 30 32 37 71 ]
26: [ 7 11 15 18 24 30 40 45 53 71 75 ]
27: [ 4 28 38 53 65 ]
28: [ 27 31 39 43 58 60 ]
29: [ 2 8 23 34 36 39 46 56 64 70 ]
30: [ 13 25 26 37 41 42 51 53 60 61 68 69 72 ]
31: [ 4 6 20 24 28 32 36 44 55 69 ]
32: [ 14 25 31 40 47 56 59 63 74 ]
33: [ 19 35 39 ]
34: [ 23 29 52 56 57 61 62 68 ]
35: [ 10 18 33 57 63 65 72 ]
36: [ 6 9 19 29 31 59 60 61 ]
37: [ 11 21 22 25 30 42 43 52 63 64 68 ]
38: [ 2 4 9 24 27 41 ]
39: [ 3 17 28 29 33 42 43 53 68 ]
40: [ 9 18 23 26 32 41 42 70 ]
41: [ 13 21 30 38 40 57 61 ]
42: [ 6 11 12 30 37 39 40 47 59 64 ]
43: [ 24 28 37 39 60 63 66 75 ]
44: [ 5 13 31 47 52 57 71 74 ]
45: [ 24 26 47 48 52 57 58 59 64 68 ]
46: [ 16 29 52 ]
47: [ 3 12 17 32 42 44 45 53 63 65 ]
48: [ 45 53 71 ]
49: [ 10 13 19 21 71 74 ]
50: [ 2 4 56 ]
51: [ 13 20 30 ]
52: [ 2 8 9 11 21 34 37 44 45 46 61 70 ]
53: [ 20 26 27 30 39 47 48 57 59 60 ]
54: [ 11 ]
55: [ 2 4 31 72 ]
56: [ 1 8 29 32 34 50 58 60 67 ]
57: [ 6 13 15 21 24 34 35 41 44 45 53 58 60 62 66 74 ]
58: [ 4 28 45 56 57 59 60 71 ]
59: [ 4 21 22 32 36 42 45 53 58 68 72 ]
60: [ 1 2 5 6 10 28 30 36 43 53 56 57 58 ]
61: [ 1 3 4 14 20 30 34 36 41 52 71 ]
62: [ 12 15 16 34 57 ]
63: [ 1 13 14 19 20 32 35 37 43 47 64 ]
64: [ 15 18 29 37 42 45 63 ]
65: [ 1 11 27 35 47 67 70 75 ]
66: [ 2 3 16 43 57 75 ]
67: [ 56 65 ]
68: [ 2 12 19 22 30 34 37 39 45 59 ]
69: [ 2 5 18 22 30 31 ]
70: [ 3 13 29 40 52 65 ]
71: [ 8 19 20 25 26 44 48 49 58 61 73 ]
72: [ 8 20 22 30 35 55 59 73 75 ]
73: [ 7 22 71 72 ]
74: [ 12 13 24 32 44 49 57 ]
75: [ 2 5 11 26 43 65 66 72 ]
