1: [ 25 28 33 35 38 50 55 67 ]
2: [ 10 16 28 42 49 56 57 66 ]
3: [ 74 ]
4: [ 9 10 13 15 18 20 26 32 37 39 41 46 57 70 ]
5: [ 21 26 33 34 36 40 44 45 48 58 60 67 71 ]
6: [ 8 13 20 38 41 43 66 70 72 ]
7: [ 36 ]
8: [ 6 18 22 51 57 72 ]
9: [ 4 20 34 39 41 43 60 74 ]
10: [ 2 4 26 43 50 51 52 54 68 75 ]
11: [ 13 38 49 53 68 72 ]
12: [ 23 28 35 60 ]
13: [ 4 6 11 21 25 38 40 41 64 66 74 ]
14: [ 19 32 68 72 ]
15: [ 4 34 37 43 50 57 69 ]
16: [ 2 27 46 ]
17: [ 35 45 47 66 68 ]
18: [ 4 8 25 57 63 ]
19: [ 14 23 30 55 ]
20: [ 4 6 9 25 26 28 39 43 46 56 ]
21: [ 5 13 30 39 40 46 54 55 ]
22: [ 8 43 44 46 ]
23: [ 12 19 28 30 33 46 49 54 55 57 ]
24: [ 63 65 ]
25: [ 1 13 18 20 27 42 50 51 54 62 65 72 ]
26: [ 4 5 10 20 32 33 58 70 ]
27: [ 16 25 32 34 46 57 67 ]
28: [ 1 2 12 20 23 33 37 43 49 51 53 63 68 ]
29: [ 57 66 68 ]
30: [ 19 21 23 34 39 41 51 57 64 71 ]
31: [ 39 41 68 74 ]
32: [ 4 14 26 27 42 45 61 66 68 ]
33: [ 1 5 23 26 28 43 ]
34: [ 5 9 15 27 30 47 50 51 52 62 ]
35: [ 1 12 17 60 ]
36: [ 5 7 41 45 54 55 64 74 ]
37: [ 4 15 28 52 53 56 63 64 70 ]
38: [ 1 6 11 13 47 49 68 69 70 ]
39: [ 4 9 20 21 30 31 41 52 58 63 70 73 75 ]
40: [ 5 13 21 48 53 56 57 60 65 68 ]
41: [ 4 6 9 13 30 31 36 39 60 70 ]
42: [ 2 25 32 ]
43: [ 6 9 10 15 20 22 28 33 52 56 71 ]
44: [ 5 22 47 50 51 52 ]
45: [ 5 17 32 36 49 73 75 ]
46: [ 4 16 20 21 22 23 27 52 53 55 56 58 59 72 74 ]
47: [ 17 34 38 44 56 59 67 73 ]
48: [ 5 40 53 62 ]
49: [ 2 11 23 28 38 45 62 66 ]
50: [ 1 10 15 25 34 44 57 61 69 ]
51: [ 8 10 25 28 30 34 44 54 56 61 62 64 ]
52: [ 10 34 37 39 43 44 46 64 67 69 ]
53: [ 11 28 37 40 46 48 ]
54: [ 10 21 23 25 36 51 68 69 ]
55: [ 1 19 21 23 36 46 70 75 ]
56: [ 2 20 37 40 43 46 47 51 65 70 ]
57: [ 2 4 8 15 18 23 27 29 30 40 50 68 71 ]
58: [ 5 26 39 46 61 69 ]
59: [ 46 47 62 68 70 ]
60: [ 5 9 12 35 40 41 ]
61: [ 32 50 51 58 66 68 74 ]
62: [ 25 34 48 49 51 59 ]
63: [ 18 24 28 37 39 67 75 ]
64: [ 13 30 36 37 51 52 ]
65: [ 24 25 40 56 ]
66: [ 2 6 13 17 29 32 49 61 ]
67: [ 1 5 27 47 52 63 ]
68: [ 10 11 14 17 28 29 31 32 38 40 54 57 59 61 73 ]
69: [ 15 38 50 52 54 58 ]
70: [ 4 6 26 37 38 39 41 55 56 59 ]
71: [ 5 30 43 57 ]
72: [ 6 8 11 14 25 46 74 ]
73: [ 39 45 47 68 ]
74: [ 3 9 13 31 36 46 61 72 75 ]
75: [ 10 39 45 55 63 74 ]
