1: [ 7 12 23 24 26 30 39 41 42 44 52 ]
2: [ 15 16 18 41 52 54 ]
3: [ 15 23 33 34 39 44 48 68 74 ]
4: [ 11 14 15 24 33 57 59 62 68 ]
5: [ 53 61 63 68 ]
6: [ 9 15 21 22 31 57 59 66 69 ]
7: [ 1 30 ]
8: [ 11 20 22 24 26 42 65 70 74 ]
9: [ 6 16 18 43 56 71 ]
10: [ 24 34 40 48 60 69 70 ]
11: [ 4 8 13 29 34 36 47 52 59 ]
12: [ 1 17 27 30 36 52 66 ]
13: [ 11 18 20 31 37 39 40 64 73 ]
14: [ 4 15 31 74 ]
15: [ 2 3 4 6 14 22 51 54 56 63 67 ]
16: [ 2 9 36 41 52 56 66 67 69 ]
17: [ 12 47 48 49 51 ]
18: [ 2 9 13 21 28 29 31 45 51 56 57 66 70 ]
19: [ 24 27 29 38 39 67 69 ]
20: [ 8 13 23 27 35 39 49 51 56 74 ]
21: [ 6 18 24 56 59 67 68 69 ]
22: [ 6 8 15 23 25 32 54 59 65 66 ]
23: [ 1 3 20 22 32 40 48 54 64 65 68 ]
24: [ 1 4 8 10 19 21 25 29 41 44 49 55 62 ]
25: [ 22 24 26 28 34 49 56 64 65 67 73 ]
26: [ 1 8 25 35 43 46 52 58 75 ]
27: [ 12 19 20 28 37 38 45 52 53 57 65 72 ]
28: [ 18 25 27 49 52 60 65 ]
29: [ 11 18 19 24 35 56 66 68 74 ]
30: [ 1 7 12 34 41 46 63 64 ]
31: [ 6 13 14 18 45 59 71 ]
32: [ 22 23 67 ]
33: [ 3 4 58 61 73 ]
34: [ 3 10 11 25 30 45 46 50 51 56 57 ]
35: [ 20 26 29 38 42 49 50 57 58 61 65 ]
36: [ 11 12 16 45 66 68 ]
37: [ 13 27 58 68 72 ]
38: [ 19 27 35 49 52 60 67 ]
39: [ 1 3 13 19 20 47 53 54 64 73 ]
40: [ 10 13 23 44 49 70 75 ]
41: [ 1 2 16 24 30 46 53 60 67 72 ]
42: [ 1 8 35 46 47 58 60 ]
43: [ 9 26 59 62 ]
44: [ 1 3 24 40 47 66 ]
45: [ 18 27 31 34 36 47 49 69 70 ]
46: [ 26 30 34 41 42 51 58 60 68 ]
47: [ 11 17 39 42 44 45 67 69 73 ]
48: [ 3 10 17 23 56 ]
49: [ 17 20 24 25 28 35 38 40 45 51 74 ]
50: [ 34 35 60 74 ]
51: [ 15 17 18 20 34 46 49 68 ]
52: [ 1 2 11 12 16 26 27 28 38 53 66 ]
53: [ 5 27 39 41 52 61 65 ]
54: [ 2 15 22 23 39 58 61 ]
55: [ 24 61 73 ]
56: [ 9 15 16 18 20 21 25 29 34 48 64 71 ]
57: [ 4 6 18 27 34 35 ]
58: [ 26 33 35 37 42 46 54 61 68 69 ]
59: [ 4 6 11 21 22 31 43 60 73 ]
60: [ 10 28 38 41 42 46 50 59 61 66 74 ]
61: [ 5 33 35 53 54 55 58 60 ]
62: [ 4 24 43 ]
63: [ 5 15 30 ]
64: [ 13 23 25 30 39 56 ]
65: [ 8 22 23 25 27 28 35 53 74 ]
66: [ 6 12 16 18 22 29 36 44 52 60 73 ]
67: [ 15 16 19 21 25 32 38 41 47 73 ]
68: [ 3 4 5 21 23 29 36 37 46 51 58 70 ]
69: [ 6 10 16 19 21 45 47 58 ]
70: [ 8 10 18 40 45 68 ]
71: [ 9 31 56 ]
72: [ 27 37 41 73 ]
73: [ 13 25 33 39 47 55 59 66 67 72 ]
74: [ 3 8 14 20 29 49 50 60 65 ]
75: [ 26 40 ]
