1: [ 10 13 15 28 37 52 53 56 62 65 73 75 ]
2: [ 4 29 30 38 61 63 72 ]
3: [ 10 17 19 25 54 62 ]
4: [ 2 ]
5: [ 10 36 46 58 61 68 70 71 ]
6: [ 15 44 48 49 67 73 ]
7: [ 11 35 54 ]
8: [ 14 16 22 23 25 29 37 53 55 63 71 73 ]
9: [ 14 53 55 63 72 ]
10: [ 1 3 5 11 21 26 35 39 49 50 ]
11: [ 7 10 14 15 30 42 46 48 58 63 65 71 72 ]
12: [ 17 19 35 37 45 58 68 70 72 ]
13: [ 1 16 22 26 36 62 71 ]
14: [ 8 9 11 29 41 43 46 47 50 53 ]
15: [ 1 6 11 25 47 48 64 65 71 ]
16: [ 8 13 26 28 45 48 57 58 64 ]
17: [ 3 12 39 41 49 ]
18: [ 32 38 53 65 68 ]
19: [ 3 12 22 28 32 43 46 58 64 71 73 ]
20: [ 29 34 35 39 46 54 70 ]
21: [ 10 39 42 50 62 73 74 ]
22: [ 8 13 19 23 27 37 40 48 55 58 62 68 74 ]
23: [ 8 22 25 29 43 52 64 65 ]
24: [ 42 57 58 ]
25: [ 3 8 15 23 29 37 54 69 ]
26: [ 10 13 16 34 45 54 70 71 ]
27: [ 22 29 30 33 47 48 56 62 ]
28: [ 1 16 19 50 53 56 57 58 66 73 ]
29: [ 2 8 14 20 23 25 27 33 45 49 69 70 ]
30: [ 2 11 27 32 34 38 45 48 50 55 57 65 ]
31: [ 56 ]
32: [ 18 19 30 44 46 50 69 74 ]
33: [ 27 29 73 ]
34: [ 20 26 30 38 54 62 ]
35: [ 7 10 12 20 48 50 54 55 61 ]
36: [ 5 13 41 45 47 58 ]
37: [ 1 8 12 22 25 57 58 61 ]
38: [ 2 18 30 34 48 61 64 65 67 71 ]
39: [ 10 17 20 21 40 42 55 59 71 ]
40: [ 22 39 41 42 47 53 54 57 74 ]
41: [ 14 17 36 40 55 57 65 72 74 ]
42: [ 11 21 24 39 40 47 67 ]
43: [ 14 19 23 46 49 72 ]
44: [ 6 32 51 52 54 56 65 68 69 ]
45: [ 12 16 26 29 30 36 58 60 64 70 ]
46: [ 5 11 14 19 20 32 43 50 59 75 ]
47: [ 14 15 27 36 40 42 57 ]
48: [ 6 11 15 16 22 27 30 35 38 52 55 65 66 ]
49: [ 6 10 17 29 43 58 75 ]
50: [ 10 14 21 28 30 32 35 46 60 61 66 71 75 ]
51: [ 44 54 74 ]
52: [ 1 23 44 48 63 71 73 ]
53: [ 1 8 9 14 18 28 40 56 64 ]
54: [ 3 7 20 25 26 34 35 40 44 51 70 ]
55: [ 8 9 22 30 35 39 41 48 57 63 ]
56: [ 1 27 28 31 44 53 66 ]
57: [ 16 24 28 30 37 40 41 47 55 64 65 70 ]
58: [ 5 11 12 16 19 22 24 28 36 37 45 49 69 ]
59: [ 39 46 68 ]
60: [ 45 50 62 64 ]
61: [ 2 5 35 37 38 50 ]
62: [ 1 3 13 21 22 27 34 60 65 ]
63: [ 2 8 9 11 52 55 ]
64: [ 15 16 19 23 38 45 53 57 60 73 ]
65: [ 1 11 15 18 23 30 38 41 44 48 57 62 ]
66: [ 28 48 50 56 72 ]
67: [ 6 38 42 75 ]
68: [ 5 12 18 22 44 59 69 ]
69: [ 25 29 32 44 58 68 ]
70: [ 5 12 20 26 29 45 54 57 ]
71: [ 5 8 11 13 15 19 26 38 39 50 52 ]
72: [ 2 9 11 12 41 43 66 73 ]
73: [ 1 6 8 19 21 28 33 52 64 72 ]
74: [ 21 22 32 40 41 51 ]
75: [ 1 46 49 50 67 ]
