1: [ ]
2: [ 41 43 46 59 64 68 ]
3: [ 7 15 47 55 ]
4: [ 17 19 27 30 37 49 54 68 70 ]
5: [ 7 14 15 23 53 64 ]
6: [ 11 53 55 69 ]
7: [ 3 5 16 33 63 ]
8: [ 15 46 51 57 58 59 75 ]
9: [ 24 41 54 56 ]
10: [ 15 20 25 26 30 33 36 41 53 72 ]
11: [ 6 24 50 ]
12: [ 21 37 54 63 67 75 ]
13: [ 24 25 30 35 63 ]
14: [ 5 16 25 26 27 28 31 36 41 67 69 ]
15: [ 3 5 8 10 31 40 61 67 ]
16: [ 7 14 20 26 43 47 ]
17: [ 4 27 41 67 ]
18: [ 37 ]
19: [ 4 20 30 69 71 ]
20: [ 10 16 19 43 62 64 75 ]
21: [ 12 33 35 43 59 ]
22: [ 37 42 48 58 62 67 71 74 ]
23: [ 5 27 37 45 73 ]
24: [ 9 11 13 40 41 46 47 49 53 54 59 73 ]
25: [ 10 13 14 26 29 34 48 49 52 53 71 73 ]
26: [ 10 14 16 25 36 47 48 52 59 65 74 ]
27: [ 4 14 17 23 29 36 42 45 52 56 57 59 74 ]
28: [ 14 30 35 42 47 56 ]
29: [ 25 27 43 48 74 ]
30: [ 4 10 13 19 28 37 52 56 69 73 ]
31: [ 14 15 33 64 69 ]
32: [ 64 73 ]
33: [ 7 10 21 31 ]
34: [ 25 47 63 ]
35: [ 13 21 28 39 41 46 52 59 60 62 71 75 ]
36: [ 10 14 26 27 50 64 ]
37: [ 4 12 18 22 23 30 45 54 55 59 ]
38: [ 46 57 ]
39: [ 35 44 46 56 68 ]
40: [ 15 24 45 69 ]
41: [ 2 9 10 14 17 24 35 47 50 75 ]
42: [ 22 27 28 65 75 ]
43: [ 2 16 20 21 29 50 52 56 66 72 ]
44: [ 39 47 73 74 ]
45: [ 23 27 37 40 65 ]
46: [ 2 8 24 35 38 39 62 72 75 ]
47: [ 3 16 24 26 28 34 41 44 75 ]
48: [ 22 25 26 29 55 62 64 74 ]
49: [ 4 24 25 52 ]
50: [ 11 36 41 43 60 63 64 69 73 ]
51: [ 8 ]
52: [ 25 26 27 30 35 43 49 53 65 ]
53: [ 5 6 10 24 25 52 60 61 62 69 ]
54: [ 4 9 12 24 37 65 66 ]
55: [ 3 6 37 48 74 ]
56: [ 9 27 28 30 39 43 71 72 ]
57: [ 8 27 38 62 68 69 74 ]
58: [ 8 22 62 73 ]
59: [ 2 8 21 24 26 27 35 37 67 73 74 75 ]
60: [ 35 50 53 65 ]
61: [ 15 53 ]
62: [ 20 22 35 46 48 53 57 58 67 68 ]
63: [ 7 12 13 34 50 ]
64: [ 2 5 20 31 32 36 48 50 ]
65: [ 26 42 45 52 54 60 ]
66: [ 43 54 ]
67: [ 12 14 15 17 22 59 62 68 72 ]
68: [ 2 4 39 57 62 67 69 72 ]
69: [ 6 14 19 30 31 40 50 53 57 68 ]
70: [ 4 ]
71: [ 19 22 25 35 56 ]
72: [ 10 43 46 56 67 68 ]
73: [ 23 24 25 30 32 44 50 58 59 74 ]
74: [ 22 26 27 29 44 48 55 57 59 73 ]
75: [ 8 12 20 35 41 42 46 47 59 ]
