1: [ 3 9 21 29 43 53 56 64 69 71 ]
2: [ 36 43 57 69 ]
3: [ 1 6 16 45 46 50 55 56 57 62 64 69 ]
4: [ 36 55 ]
5: [ 17 29 32 36 47 65 72 ]
6: [ 3 10 13 29 33 34 38 46 52 53 61 62 74 ]
7: [ 11 49 64 74 ]
8: [ 13 35 62 ]
9: [ 1 41 70 73 ]
10: [ 6 29 33 35 38 41 67 72 ]
11: [ 7 21 24 30 31 32 33 35 40 52 ]
12: [ 13 17 33 49 50 62 ]
13: [ 6 8 12 27 28 33 42 44 68 ]
14: [ 27 33 38 54 60 63 65 69 ]
15: [ 34 35 39 41 56 57 58 59 ]
16: [ 3 17 19 33 43 62 67 72 75 ]
17: [ 5 12 16 25 29 37 41 50 51 56 75 ]
18: [ 25 37 42 60 ]
19: [ 16 27 30 31 39 42 46 48 56 ]
20: [ 42 47 53 71 ]
21: [ 1 11 38 48 57 61 ]
22: [ 29 42 43 68 69 ]
23: [ 44 55 74 ]
24: [ 11 38 39 41 48 ]
25: [ 17 18 32 37 56 60 64 ]
26: [ 32 39 50 52 53 56 58 59 65 ]
27: [ 13 14 19 36 49 57 58 60 70 71 74 ]
28: [ 13 29 34 52 63 65 66 ]
29: [ 1 5 6 10 17 22 28 32 48 57 58 ]
30: [ 11 19 64 ]
31: [ 11 19 32 40 47 54 ]
32: [ 5 11 25 26 29 31 37 44 51 60 75 ]
33: [ 6 10 11 12 13 14 16 55 60 64 ]
34: [ 6 15 28 39 44 56 ]
35: [ 8 10 11 15 47 53 55 70 75 ]
36: [ 2 4 5 27 48 70 ]
37: [ 17 18 25 32 51 58 60 63 73 ]
38: [ 6 10 14 21 24 61 63 67 69 70 ]
39: [ 15 19 24 26 34 41 52 59 65 68 69 ]
40: [ 11 31 46 56 63 64 67 69 ]
41: [ 9 10 15 17 24 39 46 69 72 75 ]
42: [ 13 18 19 20 22 49 52 60 64 67 71 ]
43: [ 1 2 16 22 47 ]
44: [ 13 23 32 34 69 70 ]
45: [ 3 ]
46: [ 3 6 19 40 41 50 56 63 67 ]
47: [ 5 20 31 35 43 62 63 71 73 75 ]
48: [ 19 21 24 29 36 57 65 72 ]
49: [ 7 12 27 42 56 62 ]
50: [ 3 12 17 26 46 57 58 59 60 62 68 69 70 74 ]
51: [ 17 32 37 70 73 ]
52: [ 6 11 26 28 39 42 59 64 68 71 ]
53: [ 1 6 20 26 35 56 60 68 ]
54: [ 14 31 68 75 ]
55: [ 3 4 23 33 35 62 65 69 70 75 ]
56: [ 1 3 15 17 19 25 26 34 40 46 49 53 64 ]
57: [ 2 3 15 21 27 29 48 50 66 69 ]
58: [ 15 26 27 29 37 50 64 69 ]
59: [ 15 26 39 50 52 ]
60: [ 14 18 25 27 32 33 37 42 50 53 71 72 ]
61: [ 6 21 38 ]
62: [ 3 6 8 12 16 47 49 50 55 70 72 ]
63: [ 14 28 37 38 40 46 47 67 73 75 ]
64: [ 1 3 7 25 30 33 40 42 52 56 58 69 70 74 ]
65: [ 5 14 26 28 39 48 55 67 73 ]
66: [ 28 57 67 72 ]
67: [ 10 16 38 40 42 46 63 65 66 ]
68: [ 13 22 39 50 52 53 54 ]
69: [ 1 2 3 14 22 38 39 40 41 44 50 55 57 58 64 75 ]
70: [ 9 27 35 36 38 44 50 51 55 62 64 71 ]
71: [ 1 20 27 42 47 52 60 70 ]
72: [ 5 10 16 41 48 60 62 66 74 ]
73: [ 9 37 47 51 63 65 ]
74: [ 6 7 23 27 50 64 72 ]
75: [ 16 17 32 35 41 47 54 55 63 69 ]
