1: [ 6 9 21 23 68 69 ]
2: [ 12 13 19 22 43 48 62 70 ]
3: [ 14 16 18 35 39 40 57 63 64 67 73 ]
4: [ 12 31 39 50 52 61 68 70 ]
5: [ 29 38 40 47 48 61 67 ]
6: [ 1 46 59 72 ]
7: [ 8 14 51 63 69 73 ]
8: [ 7 31 33 44 63 67 69 70 ]
9: [ 1 17 24 40 47 70 74 ]
10: [ 20 27 48 50 61 ]
11: [ 12 18 24 27 45 50 56 60 72 ]
12: [ 2 4 11 15 31 40 45 51 60 ]
13: [ 2 16 17 29 42 43 46 ]
14: [ 3 7 20 31 32 33 34 46 51 65 72 ]
15: [ 12 39 41 50 57 60 ]
16: [ 3 13 19 37 46 68 ]
17: [ 9 13 52 62 ]
18: [ 3 11 29 32 51 55 69 ]
19: [ 2 16 47 48 63 ]
20: [ 10 14 31 33 35 42 46 60 63 69 71 75 ]
21: [ 1 22 27 40 43 47 55 59 62 63 67 73 ]
22: [ 2 21 24 27 35 41 54 64 ]
23: [ 1 28 57 ]
24: [ 9 11 22 31 32 40 51 58 59 60 66 72 ]
25: [ 26 27 32 33 45 53 62 63 74 ]
26: [ 25 49 54 58 72 ]
27: [ 10 11 21 22 25 28 ]
28: [ 23 27 31 47 48 53 63 ]
29: [ 5 13 18 32 35 38 40 43 53 61 63 68 ]
30: [ 40 44 53 58 64 71 ]
31: [ 4 8 12 14 20 24 28 32 33 35 36 40 46 60 65 68 ]
32: [ 14 18 24 25 29 31 34 61 67 75 ]
33: [ 8 14 20 25 31 ]
34: [ 14 32 36 39 42 49 57 59 ]
35: [ 3 20 22 29 31 46 50 72 75 ]
36: [ 31 34 38 48 51 ]
37: [ 16 73 74 75 ]
38: [ 5 29 36 41 60 71 ]
39: [ 3 4 15 34 40 54 62 63 69 70 73 ]
40: [ 3 5 9 12 21 24 29 30 31 39 60 68 ]
41: [ 15 22 38 ]
42: [ 13 20 34 50 69 ]
43: [ 2 13 21 29 51 71 ]
44: [ 8 30 53 ]
45: [ 11 12 25 48 51 57 69 ]
46: [ 6 13 14 16 20 31 35 59 63 70 75 ]
47: [ 5 9 19 21 28 66 ]
48: [ 2 5 10 19 28 36 45 56 61 ]
49: [ 26 34 72 ]
50: [ 4 10 11 15 35 42 51 54 55 63 ]
51: [ 7 12 14 18 24 36 43 45 50 ]
52: [ 4 17 65 73 ]
53: [ 25 28 29 30 44 54 55 60 69 74 75 ]
54: [ 22 26 39 50 53 62 ]
55: [ 18 21 50 53 64 67 69 70 73 74 ]
56: [ 11 48 71 74 ]
57: [ 3 15 23 34 45 59 60 ]
58: [ 24 26 30 66 68 ]
59: [ 6 21 24 34 46 57 62 70 ]
60: [ 11 12 15 20 24 31 38 40 53 57 63 68 74 ]
61: [ 4 5 10 29 32 48 ]
62: [ 2 17 21 25 39 54 59 68 75 ]
63: [ 3 7 8 19 20 21 25 28 29 39 46 50 60 75 ]
64: [ 3 22 30 55 66 72 74 ]
65: [ 14 31 52 66 68 ]
66: [ 24 47 58 64 65 68 74 ]
67: [ 3 5 8 21 32 55 69 ]
68: [ 1 4 16 29 31 40 58 60 62 65 66 69 75 ]
69: [ 1 7 8 18 20 39 42 45 53 55 67 68 72 ]
70: [ 2 4 8 9 39 46 55 59 74 ]
71: [ 20 30 38 43 56 73 ]
72: [ 6 11 14 24 26 35 49 64 69 73 ]
73: [ 3 7 21 37 39 52 55 71 72 ]
74: [ 9 25 37 53 55 56 60 64 66 70 ]
75: [ 20 32 35 37 46 53 62 63 68 ]
