1: [ 19 25 28 59 69 72 ]
2: [ 5 12 27 36 46 52 55 67 68 71 ]
3: [ 9 15 19 28 31 42 62 66 ]
4: [ 10 24 39 55 57 58 62 66 71 ]
5: [ 2 24 25 35 41 46 67 73 ]
6: [ 18 24 52 63 65 74 ]
7: [ 17 20 30 31 39 75 ]
8: [ 15 22 32 42 48 75 ]
9: [ 3 13 15 22 35 39 ]
10: [ 4 24 29 55 ]
11: [ 13 32 46 55 61 62 ]
12: [ 2 13 23 30 32 41 48 64 65 ]
13: [ 9 11 12 15 19 28 41 53 54 57 58 67 71 ]
14: [ 22 28 39 42 46 47 50 74 ]
15: [ 3 8 9 13 16 26 35 48 52 ]
16: [ 15 20 30 32 44 54 55 69 ]
17: [ 7 19 46 51 64 ]
18: [ 6 20 35 42 43 49 51 63 ]
19: [ 1 3 13 17 21 23 36 40 42 52 ]
20: [ 7 16 18 29 45 48 60 61 63 71 ]
21: [ 19 30 37 61 63 66 67 ]
22: [ 8 9 14 31 37 38 39 67 72 ]
23: [ 12 19 25 28 29 40 55 61 66 69 ]
24: [ 4 5 6 10 25 35 37 44 47 53 64 ]
25: [ 1 5 23 24 39 46 50 74 ]
26: [ 15 29 32 38 40 42 56 59 68 75 ]
27: [ 2 30 36 44 45 51 58 74 ]
28: [ 1 3 13 14 23 35 36 42 47 51 67 71 ]
29: [ 10 20 23 26 30 39 53 64 66 75 ]
30: [ 7 12 16 21 27 29 41 43 48 51 57 ]
31: [ 3 7 22 41 42 52 54 55 67 ]
32: [ 8 11 12 16 26 53 60 61 69 74 ]
33: [ 36 39 48 51 61 ]
34: [ 36 54 56 62 69 75 ]
35: [ 5 9 15 18 24 28 40 65 71 ]
36: [ 2 19 27 28 33 34 38 54 55 59 64 69 ]
37: [ 21 22 24 49 63 73 75 ]
38: [ 22 26 36 61 ]
39: [ 4 7 9 14 22 25 29 33 59 67 68 70 ]
40: [ 19 23 26 35 48 70 ]
41: [ 5 12 13 30 31 ]
42: [ 3 8 14 18 19 26 28 31 47 55 59 60 65 ]
43: [ 18 30 49 52 59 60 61 67 ]
44: [ 16 24 27 52 67 ]
45: [ 20 27 59 ]
46: [ 2 5 11 14 17 25 50 57 66 67 70 71 ]
47: [ 14 24 28 42 48 50 51 52 53 62 74 ]
48: [ 8 12 15 20 30 33 40 47 54 64 70 ]
49: [ 18 37 43 54 ]
50: [ 14 25 46 47 54 55 56 70 ]
51: [ 17 18 27 28 30 33 47 57 60 ]
52: [ 2 6 15 19 31 43 44 47 57 68 70 71 ]
53: [ 13 24 29 32 47 61 ]
54: [ 13 16 31 34 36 48 49 50 55 ]
55: [ 2 4 10 11 16 23 31 36 42 50 54 57 59 63 ]
56: [ 26 34 50 63 ]
57: [ 4 13 30 46 51 52 55 59 61 70 74 ]
58: [ 4 13 27 ]
59: [ 1 26 36 39 42 43 45 55 57 68 70 72 ]
60: [ 20 32 42 43 51 72 74 ]
61: [ 11 20 21 23 32 33 38 43 53 57 68 ]
62: [ 3 4 11 34 47 74 75 ]
63: [ 6 18 20 21 37 55 56 66 68 73 ]
64: [ 12 17 24 29 36 48 67 71 75 ]
65: [ 6 12 35 42 70 ]
66: [ 3 4 21 23 29 46 63 68 71 72 ]
67: [ 2 5 13 21 22 28 31 39 43 44 46 64 70 75 ]
68: [ 2 26 39 52 59 61 63 66 ]
69: [ 1 16 23 32 34 36 ]
70: [ 39 40 46 48 50 52 57 59 65 67 ]
71: [ 2 4 13 20 28 35 46 52 64 66 ]
72: [ 1 22 59 60 66 ]
73: [ 5 37 63 ]
74: [ 6 14 25 27 32 47 57 60 62 75 ]
75: [ 7 8 26 29 34 37 62 64 67 74 ]
