1: [ 3 13 14 21 31 39 51 60 ]
2: [ 4 24 26 71 ]
3: [ 1 8 60 62 65 67 ]
4: [ 2 6 7 13 21 43 49 55 ]
5: [ 30 34 43 51 71 ]
6: [ 4 15 18 20 25 31 46 54 56 70 ]
7: [ 4 38 58 66 74 ]
8: [ 3 21 32 42 45 60 ]
9: [ 15 24 38 60 70 75 ]
10: [ 26 74 ]
11: [ 12 13 14 28 33 41 44 ]
12: [ 11 13 27 40 55 57 69 73 74 ]
13: [ 1 4 11 12 29 44 46 55 57 61 65 68 ]
14: [ 1 11 ]
15: [ 6 9 24 31 33 44 53 62 66 ]
16: [ 17 36 37 41 ]
17: [ 16 25 28 63 ]
18: [ 6 40 71 ]
19: [ 34 37 53 60 61 74 ]
20: [ 6 26 31 39 52 53 ]
21: [ 1 4 8 52 ]
22: [ 28 33 37 38 55 57 59 63 65 ]
23: [ 62 ]
24: [ 2 9 15 38 39 44 46 ]
25: [ 6 17 28 29 31 49 58 65 71 ]
26: [ 2 10 20 36 52 64 65 ]
27: [ 12 34 36 40 42 60 70 ]
28: [ 11 17 22 25 32 40 45 63 75 ]
29: [ 13 25 33 40 44 59 75 ]
30: [ 5 39 44 68 69 ]
31: [ 1 6 15 20 25 37 46 51 57 63 65 ]
32: [ 8 28 47 71 ]
33: [ 11 15 22 29 34 40 42 48 55 56 58 73 ]
34: [ 5 19 27 33 47 49 58 62 65 66 67 71 72 73 74 ]
35: [ 46 ]
36: [ 16 26 27 39 70 ]
37: [ 16 19 22 31 39 44 47 65 67 69 ]
38: [ 7 9 22 24 41 55 ]
39: [ 1 20 24 30 36 37 42 52 55 56 59 ]
40: [ 12 18 27 28 29 33 42 48 54 55 59 70 ]
41: [ 11 16 38 43 44 52 56 63 75 ]
42: [ 8 27 33 39 40 44 50 55 62 64 67 ]
43: [ 4 5 41 71 ]
44: [ 11 13 15 24 29 30 37 41 42 56 64 65 ]
45: [ 8 28 47 52 62 63 66 ]
46: [ 6 13 24 31 35 61 66 ]
47: [ 32 34 37 45 54 67 75 ]
48: [ 33 40 71 ]
49: [ 4 25 34 53 66 ]
50: [ 42 65 ]
51: [ 1 5 31 55 62 65 71 ]
52: [ 20 21 26 39 41 45 60 65 ]
53: [ 15 19 20 49 54 55 72 ]
54: [ 6 40 47 53 56 62 70 75 ]
55: [ 4 12 13 22 33 38 39 40 42 51 53 ]
56: [ 6 33 39 41 44 54 ]
57: [ 12 13 22 31 ]
58: [ 7 25 33 34 60 71 73 ]
59: [ 22 29 39 40 ]
60: [ 1 3 8 9 19 27 52 58 64 66 68 ]
61: [ 13 19 46 67 ]
62: [ 3 15 23 34 42 45 51 54 ]
63: [ 17 22 28 31 41 45 ]
64: [ 26 42 44 60 ]
65: [ 3 13 22 25 26 31 34 37 44 50 51 52 71 74 ]
66: [ 7 15 34 45 46 49 60 69 ]
67: [ 3 34 37 42 47 61 ]
68: [ 13 30 60 70 ]
69: [ 12 30 37 66 ]
70: [ 6 9 27 36 40 54 68 73 ]
71: [ 2 5 18 25 32 34 43 48 51 58 65 ]
72: [ 34 53 75 ]
73: [ 12 33 34 58 70 ]
74: [ 7 10 12 19 34 65 ]
75: [ 9 28 29 41 47 54 72 ]
