1: [ 28 32 33 42 60 61 67 ]
2: [ 4 36 45 65 ]
3: [ 4 17 23 24 30 37 67 74 ]
4: [ 2 3 10 16 18 21 22 24 29 38 41 42 44 60 62 ]
5: [ 17 18 22 50 63 74 ]
6: [ 13 51 54 55 63 ]
7: [ 12 20 24 35 70 ]
8: [ 16 19 32 35 50 55 56 62 65 70 ]
9: [ 22 25 40 43 51 70 71 73 ]
10: [ 4 26 34 35 63 74 ]
11: [ 16 21 31 41 44 57 66 68 ]
12: [ 7 17 28 33 46 59 ]
13: [ 6 25 30 38 47 52 63 68 ]
14: [ 30 32 38 47 55 63 69 74 ]
15: [ 16 26 32 42 55 57 ]
16: [ 4 8 11 15 26 30 49 63 66 ]
17: [ 3 5 12 21 22 25 26 31 53 58 63 71 72 74 75 ]
18: [ 4 5 22 24 31 34 36 37 62 69 ]
19: [ 8 59 ]
20: [ 7 29 41 42 53 55 ]
21: [ 4 11 17 57 64 ]
22: [ 4 5 9 17 18 40 58 ]
23: [ 3 24 41 44 61 69 70 72 73 ]
24: [ 3 4 7 18 23 25 33 45 47 60 62 66 68 73 ]
25: [ 9 13 17 24 28 31 34 57 61 62 ]
26: [ 10 15 16 17 35 41 47 ]
27: [ 31 38 57 70 ]
28: [ 1 12 25 45 57 61 ]
29: [ 4 20 36 38 46 58 70 74 75 ]
30: [ 3 13 14 16 57 ]
31: [ 11 17 18 25 27 45 63 65 ]
32: [ 1 8 14 15 41 51 61 66 ]
33: [ 1 12 24 35 45 47 53 64 69 72 ]
34: [ 10 18 25 37 53 56 58 59 67 ]
35: [ 7 8 10 26 33 39 45 48 49 70 75 ]
36: [ 2 18 29 60 ]
37: [ 3 18 34 38 41 44 54 75 ]
38: [ 4 13 14 27 29 37 46 67 ]
39: [ 35 64 ]
40: [ 9 22 44 64 ]
41: [ 4 11 20 23 26 32 37 56 72 ]
42: [ 1 4 15 20 44 ]
43: [ 9 45 48 63 72 ]
44: [ 4 11 23 37 40 42 51 60 65 70 ]
45: [ 2 24 28 31 33 35 43 54 57 60 74 ]
46: [ 12 29 38 57 58 73 ]
47: [ 13 14 24 26 33 53 61 62 63 66 72 ]
48: [ 35 43 49 50 51 69 ]
49: [ 16 35 48 59 64 67 ]
50: [ 5 8 48 57 66 71 ]
51: [ 6 9 32 44 48 59 63 71 ]
52: [ 13 65 70 ]
53: [ 17 20 33 34 47 66 72 ]
54: [ 6 37 45 ]
55: [ 6 8 14 15 20 ]
56: [ 8 34 41 ]
57: [ 11 15 21 25 27 28 30 45 46 50 74 ]
58: [ 17 22 29 34 46 65 ]
59: [ 12 19 34 49 51 60 ]
60: [ 1 4 24 36 44 45 59 74 ]
61: [ 1 23 25 28 32 47 62 65 74 ]
62: [ 4 8 18 24 25 47 61 65 67 72 ]
63: [ 5 6 10 13 14 16 17 31 43 47 51 65 ]
64: [ 21 33 39 40 49 ]
65: [ 2 8 31 44 52 58 61 62 63 ]
66: [ 11 16 24 32 47 50 53 ]
67: [ 1 3 34 38 49 62 ]
68: [ 11 13 24 75 ]
69: [ 14 18 23 33 48 ]
70: [ 7 8 9 23 27 29 35 44 52 ]
71: [ 9 17 50 51 ]
72: [ 17 23 33 41 43 47 53 62 ]
73: [ 9 23 24 46 ]
74: [ 3 5 10 14 17 29 45 57 60 61 ]
75: [ 17 29 35 37 68 ]
