1: [ 8 9 12 13 16 24 26 ]
2: [ 30 34 47 67 70 71 ]
3: [ 50 73 ]
4: [ 19 25 66 ]
5: [ 17 52 57 ]
6: [ 15 24 56 59 60 66 ]
7: [ 8 61 64 74 ]
8: [ 1 7 14 33 35 36 41 66 71 ]
9: [ 1 45 57 58 65 68 ]
10: [ 17 31 32 35 38 41 52 55 56 59 62 67 72 ]
11: [ 17 52 60 66 67 ]
12: [ 1 16 28 39 46 52 59 ]
13: [ 1 39 65 ]
14: [ 8 26 30 39 40 43 47 55 66 ]
15: [ 6 30 37 64 ]
16: [ 1 12 20 21 46 ]
17: [ 5 10 11 27 56 58 64 65 68 ]
18: [ 21 25 32 42 58 59 ]
19: [ 4 30 46 47 54 57 66 71 72 74 ]
20: [ 16 49 ]
21: [ 16 18 30 35 50 56 62 67 ]
22: [ 31 35 68 ]
23: [ 30 33 58 60 73 ]
24: [ 1 6 28 57 58 ]
25: [ 4 18 31 50 60 72 ]
26: [ 1 14 34 60 ]
27: [ 17 34 36 43 ]
28: [ 12 24 48 58 63 ]
29: [ 32 33 47 50 60 ]
30: [ 2 14 15 19 21 23 42 51 58 65 73 ]
31: [ 10 22 25 33 37 52 70 ]
32: [ 10 18 29 40 42 44 46 48 59 64 ]
33: [ 8 23 29 31 ]
34: [ 2 26 27 35 42 58 59 64 67 69 72 ]
35: [ 8 10 21 22 34 37 50 60 64 72 ]
36: [ 8 27 39 40 42 47 66 ]
37: [ 15 31 35 51 54 ]
38: [ 10 73 ]
39: [ 12 13 14 36 45 48 50 55 59 71 ]
40: [ 14 32 36 ]
41: [ 8 10 62 64 68 ]
42: [ 18 30 32 34 36 51 64 67 68 ]
43: [ 14 27 68 ]
44: [ 32 48 54 72 ]
45: [ 9 39 60 67 72 ]
46: [ 12 16 19 32 51 59 69 73 74 ]
47: [ 2 14 19 29 36 52 55 56 61 64 66 71 75 ]
48: [ 28 32 39 44 49 55 60 ]
49: [ 20 48 50 56 74 ]
50: [ 3 21 25 29 35 39 49 54 57 ]
51: [ 30 37 42 46 54 55 57 58 59 64 ]
52: [ 5 10 11 12 31 47 55 68 71 ]
53: [ ]
54: [ 19 37 44 50 51 66 69 ]
55: [ 10 14 39 47 48 51 52 62 66 67 ]
56: [ 6 10 17 21 47 49 62 71 ]
57: [ 5 9 19 24 50 51 ]
58: [ 9 17 18 23 24 28 30 34 51 61 66 75 ]
59: [ 6 10 12 18 32 34 39 46 51 62 68 73 ]
60: [ 6 11 23 25 26 29 35 45 48 67 70 73 ]
61: [ 7 47 58 74 ]
62: [ 10 21 41 55 56 59 72 ]
63: [ 28 64 65 ]
64: [ 7 15 17 32 34 35 41 42 47 51 63 ]
65: [ 9 13 17 30 63 66 ]
66: [ 4 6 8 11 14 19 36 47 54 55 58 65 ]
67: [ 2 10 11 21 34 42 45 55 60 70 71 73 ]
68: [ 9 17 22 41 42 43 52 59 ]
69: [ 34 46 54 ]
70: [ 2 31 60 67 72 ]
71: [ 2 8 19 39 47 52 56 67 72 73 ]
72: [ 10 19 25 34 35 44 45 62 70 71 74 ]
73: [ 3 23 30 38 46 59 60 67 71 ]
74: [ 7 19 46 49 61 72 ]
75: [ 47 58 ]
