1: [ 8 21 23 50 66 70 74 ]
2: [ 4 7 12 29 32 51 54 57 60 71 ]
3: [ 13 15 19 23 24 35 51 67 72 ]
4: [ 2 55 57 74 ]
5: [ 38 39 65 68 ]
6: [ 17 25 29 31 41 51 55 58 69 75 ]
7: [ 2 8 21 26 46 51 ]
8: [ 1 7 15 22 23 28 41 65 70 75 ]
9: [ 32 46 47 57 58 70 74 ]
10: [ 18 31 38 49 68 72 ]
11: [ 18 20 32 46 49 54 64 66 73 74 75 ]
12: [ 2 19 22 26 31 34 51 55 74 ]
13: [ 3 24 25 39 45 49 ]
14: [ 22 29 51 55 65 74 ]
15: [ 3 8 18 19 20 21 23 36 53 63 ]
16: [ 19 20 23 32 40 44 55 68 ]
17: [ 6 21 23 27 32 ]
18: [ 10 11 15 22 27 28 34 ]
19: [ 3 12 15 16 35 40 63 65 70 75 ]
20: [ 11 15 16 24 46 58 64 74 ]
21: [ 1 7 15 17 27 38 45 49 51 64 72 ]
22: [ 8 12 14 18 27 33 34 36 38 47 53 57 67 ]
23: [ 1 3 8 15 16 17 72 ]
24: [ 3 13 20 25 31 32 45 50 55 57 60 61 66 73 ]
25: [ 6 13 24 63 73 ]
26: [ 7 12 27 28 42 49 61 ]
27: [ 17 18 21 22 26 28 31 37 43 49 63 ]
28: [ 8 18 26 27 33 34 42 47 52 53 65 67 74 ]
29: [ 2 6 14 34 43 73 ]
30: [ 47 73 ]
31: [ 6 10 12 24 27 43 44 47 50 55 60 62 67 71 ]
32: [ 2 9 11 16 17 24 45 46 58 61 69 72 ]
33: [ 22 28 35 46 50 69 72 ]
34: [ 12 18 22 28 29 43 55 63 67 68 ]
35: [ 3 19 33 36 38 40 41 43 48 58 60 66 ]
36: [ 15 22 35 41 47 ]
37: [ 27 39 ]
38: [ 5 10 21 22 35 40 43 45 63 ]
39: [ 5 13 37 40 46 53 65 66 67 ]
40: [ 16 19 35 38 39 55 71 ]
41: [ 6 8 35 36 43 59 71 74 ]
42: [ 26 28 48 ]
43: [ 27 29 31 34 35 38 41 47 57 66 68 70 ]
44: [ 16 31 69 73 ]
45: [ 13 21 24 32 38 69 70 72 ]
46: [ 7 9 11 20 32 33 39 50 51 66 ]
47: [ 9 22 28 30 31 36 43 55 64 65 ]
48: [ 35 42 63 70 ]
49: [ 10 11 13 21 26 27 53 69 ]
50: [ 1 24 31 33 46 51 52 63 67 70 ]
51: [ 2 3 6 7 12 14 21 46 50 57 64 ]
52: [ 28 50 53 ]
53: [ 15 22 28 39 49 52 61 73 74 ]
54: [ 2 11 55 65 70 71 ]
55: [ 4 6 12 14 16 24 31 34 40 47 54 66 70 73 74 ]
56: [ 69 74 ]
57: [ 2 4 9 22 24 43 51 71 ]
58: [ 6 9 20 32 35 75 ]
59: [ 41 ]
60: [ 2 24 31 35 69 72 ]
61: [ 24 26 32 53 63 69 70 72 ]
62: [ 31 ]
63: [ 15 19 25 27 34 38 48 50 61 73 ]
64: [ 11 20 21 47 51 66 73 ]
65: [ 5 8 14 19 28 39 47 54 66 70 71 ]
66: [ 1 11 24 35 39 43 46 55 64 65 73 ]
67: [ 3 22 28 31 34 39 50 69 74 ]
68: [ 5 10 16 34 43 ]
69: [ 6 32 33 44 45 49 56 60 61 67 75 ]
70: [ 1 8 9 19 43 45 48 50 54 55 61 65 ]
71: [ 2 31 40 41 54 57 65 ]
72: [ 3 10 21 23 32 33 45 60 61 ]
73: [ 11 24 25 29 30 44 53 55 63 64 66 ]
74: [ 1 4 9 11 12 14 20 28 41 53 55 56 67 ]
75: [ 6 8 11 19 58 69 ]
