1: [ 11 16 21 31 36 37 42 47 57 62 64 ]
2: [ 11 17 19 20 28 31 37 41 46 49 60 ]
3: [ 5 14 17 20 23 32 37 39 42 52 60 61 71 ]
4: [ 10 13 14 18 26 34 44 45 56 60 61 ]
5: [ 3 14 20 35 39 58 72 74 ]
6: [ 42 44 50 52 60 62 63 66 68 ]
7: [ 47 69 ]
8: [ 12 41 48 58 65 68 69 ]
9: [ 18 21 25 32 45 72 ]
10: [ 4 20 24 52 55 64 ]
11: [ 1 2 24 52 63 ]
12: [ 8 14 26 27 30 37 55 57 58 75 ]
13: [ 4 18 34 52 54 64 ]
14: [ 3 4 5 12 24 51 53 59 70 72 73 75 ]
15: [ 18 20 22 43 ]
16: [ 1 17 21 23 29 32 38 43 47 52 53 67 ]
17: [ 2 3 16 25 32 45 51 59 65 ]
18: [ 4 9 13 15 20 23 25 32 43 50 69 ]
19: [ 2 31 34 49 52 56 68 69 ]
20: [ 2 3 5 10 15 18 24 33 41 49 50 51 53 54 55 61 74 ]
21: [ 1 9 16 56 65 69 72 ]
22: [ 15 33 36 53 55 72 75 ]
23: [ 3 16 18 28 49 56 59 73 ]
24: [ 10 11 14 20 27 28 51 62 70 75 ]
25: [ 9 17 18 28 44 57 59 74 ]
26: [ 4 12 38 57 58 67 ]
27: [ 12 24 38 40 45 47 51 56 62 67 69 ]
28: [ 2 23 24 25 29 30 53 69 75 ]
29: [ 16 28 32 40 42 50 ]
30: [ 12 28 39 47 64 67 70 72 ]
31: [ 1 2 19 36 60 71 ]
32: [ 3 9 16 17 18 29 ]
33: [ 20 22 58 75 ]
34: [ 4 13 19 39 42 45 47 ]
35: [ 5 47 53 64 74 ]
36: [ 1 22 31 39 51 71 ]
37: [ 1 2 3 12 52 68 ]
38: [ 16 26 27 39 42 55 65 67 68 ]
39: [ 3 5 30 34 36 38 47 70 ]
40: [ 27 29 73 ]
41: [ 2 8 20 44 45 50 55 62 73 ]
42: [ 1 3 6 29 34 38 61 72 ]
43: [ 15 16 18 55 59 ]
44: [ 4 6 25 41 57 65 69 ]
45: [ 4 9 17 27 34 41 56 58 ]
46: [ 2 52 62 65 69 70 ]
47: [ 1 7 16 27 30 34 35 39 54 57 ]
48: [ 8 52 ]
49: [ 2 19 20 23 64 ]
50: [ 6 18 20 29 41 68 ]
51: [ 14 17 20 24 27 36 54 56 65 ]
52: [ 3 6 10 11 13 16 19 37 46 48 58 65 71 ]
53: [ 14 16 20 22 28 35 58 64 69 ]
54: [ 13 20 47 51 56 ]
55: [ 10 12 20 22 38 41 43 58 66 67 ]
56: [ 4 19 21 23 27 45 51 54 61 65 73 ]
57: [ 1 12 25 26 44 47 ]
58: [ 5 8 12 26 33 45 52 53 55 73 74 ]
59: [ 14 17 23 25 43 67 73 ]
60: [ 2 3 4 6 31 61 69 ]
61: [ 3 4 20 42 56 60 67 74 ]
62: [ 1 6 24 27 41 46 63 71 ]
63: [ 6 11 62 64 65 ]
64: [ 1 10 13 30 35 49 53 63 65 67 73 ]
65: [ 8 17 21 38 44 46 51 52 56 63 64 68 ]
66: [ 6 55 72 ]
67: [ 16 26 27 30 38 55 59 61 64 ]
68: [ 6 8 19 37 38 50 65 74 ]
69: [ 7 8 18 19 21 27 28 44 46 53 60 ]
70: [ 14 24 30 39 46 72 73 74 ]
71: [ 3 31 36 52 62 73 ]
72: [ 5 9 14 21 22 30 42 66 70 ]
73: [ 14 23 40 41 56 58 59 64 70 71 ]
74: [ 5 20 25 35 58 61 68 70 ]
75: [ 12 14 22 24 28 33 ]
