1: [ 11 15 32 45 62 74 ]
2: [ 19 24 33 35 49 66 69 70 73 ]
3: [ 10 12 13 60 63 64 74 75 ]
4: [ 29 53 63 ]
5: [ 6 12 22 31 37 41 56 62 63 75 ]
6: [ 5 9 19 33 45 49 50 51 53 57 63 71 75 ]
7: [ 11 41 57 ]
8: [ 36 44 54 ]
9: [ 6 22 32 45 53 59 63 66 70 74 ]
10: [ 3 11 23 24 26 30 50 56 57 58 62 67 71 75 ]
11: [ 1 7 10 17 18 35 46 52 64 65 66 ]
12: [ 3 5 17 34 36 68 73 ]
13: [ 3 19 26 33 46 53 54 60 61 73 74 ]
14: [ 24 38 44 45 ]
15: [ 1 25 29 36 74 ]
16: [ 19 29 35 53 70 ]
17: [ 11 12 24 27 67 ]
18: [ 11 60 ]
19: [ 2 6 13 16 53 57 65 ]
20: [ 23 33 44 54 65 71 ]
21: [ 31 45 ]
22: [ 5 9 46 63 ]
23: [ 10 20 41 56 66 70 75 ]
24: [ 2 10 14 17 39 52 56 66 70 74 ]
25: [ 15 26 70 ]
26: [ 10 13 25 36 38 47 61 65 ]
27: [ 17 37 39 ]
28: [ 40 45 64 ]
29: [ 4 15 16 36 47 62 ]
30: [ 10 63 73 ]
31: [ 5 21 67 ]
32: [ 1 9 50 59 67 69 ]
33: [ 2 6 13 20 36 38 41 63 73 ]
34: [ 12 40 53 55 60 ]
35: [ 2 11 16 54 ]
36: [ 8 12 15 26 29 33 37 51 57 59 69 70 71 ]
37: [ 5 27 36 40 42 67 73 ]
38: [ 14 26 33 57 62 71 73 ]
39: [ 24 27 54 62 71 ]
40: [ 28 34 37 41 42 52 55 56 59 63 65 73 ]
41: [ 5 7 23 33 40 43 47 56 61 ]
42: [ 37 40 46 49 72 ]
43: [ 41 63 ]
44: [ 8 14 20 54 58 60 63 73 ]
45: [ 1 6 9 14 21 28 59 75 ]
46: [ 11 13 22 42 49 52 53 61 75 ]
47: [ 26 29 41 56 57 58 60 65 66 68 ]
48: [ 71 ]
49: [ 2 6 42 46 52 53 62 67 68 ]
50: [ 6 10 32 55 65 ]
51: [ 6 36 62 70 71 72 ]
52: [ 11 24 40 46 49 55 57 59 68 ]
53: [ 4 6 9 13 16 19 34 46 49 69 71 ]
54: [ 8 13 20 35 39 44 62 69 ]
55: [ 34 40 50 52 56 60 64 ]
56: [ 5 10 23 24 40 41 47 55 60 62 65 66 ]
57: [ 6 7 10 19 36 38 47 52 61 66 71 ]
58: [ 10 44 47 ]
59: [ 9 32 36 40 45 52 65 ]
60: [ 3 13 18 34 44 47 55 56 63 ]
61: [ 13 26 41 46 57 73 ]
62: [ 1 5 10 29 38 39 49 51 54 56 72 ]
63: [ 3 4 5 6 9 22 30 33 40 43 44 60 ]
64: [ 3 11 28 55 ]
65: [ 11 19 20 26 40 47 50 56 59 69 73 ]
66: [ 2 9 11 23 24 47 56 57 68 69 74 ]
67: [ 10 17 31 32 37 49 ]
68: [ 12 47 49 52 66 ]
69: [ 2 32 36 53 54 65 66 ]
70: [ 2 9 16 23 24 25 36 51 ]
71: [ 6 10 20 36 38 39 48 51 53 57 ]
72: [ 42 51 62 73 74 75 ]
73: [ 2 12 13 30 33 37 38 40 44 61 65 72 75 ]
74: [ 1 3 9 13 15 24 66 72 75 ]
75: [ 3 5 6 10 23 45 46 72 73 74 ]
