1: [ 18 22 24 26 31 49 50 ]
2: [ 13 25 35 60 ]
3: [ 4 6 9 29 45 52 59 64 68 75 ]
4: [ 3 11 25 26 28 45 54 71 72 75 ]
5: [ 8 20 21 50 51 62 ]
6: [ 3 8 10 17 19 21 23 27 33 34 63 75 ]
7: [ 12 13 14 15 19 38 40 47 50 55 62 63 65 66 69 ]
8: [ 5 6 63 64 73 ]
9: [ 3 11 12 15 20 50 65 ]
10: [ 6 21 25 34 37 45 54 58 ]
11: [ 4 9 19 21 50 70 ]
12: [ 7 9 29 38 ]
13: [ 2 7 29 46 48 55 57 62 65 ]
14: [ 7 19 27 38 41 47 73 ]
15: [ 7 9 23 42 45 48 63 68 70 74 ]
16: [ 20 41 52 56 ]
17: [ 6 ]
18: [ 1 22 27 28 33 37 38 39 41 51 64 70 71 75 ]
19: [ 6 7 11 14 35 37 39 41 63 74 ]
20: [ 5 9 16 23 40 50 ]
21: [ 5 6 10 11 23 29 30 32 43 60 67 73 ]
22: [ 1 18 38 42 46 57 60 75 ]
23: [ 6 15 20 21 24 25 34 35 45 47 ]
24: [ 1 23 25 26 27 30 33 38 43 54 55 65 68 75 ]
25: [ 2 4 10 23 24 35 42 60 71 73 ]
26: [ 1 4 24 48 56 66 ]
27: [ 6 14 18 24 28 34 38 43 47 57 68 71 73 74 ]
28: [ 4 18 27 30 39 45 49 50 69 ]
29: [ 3 12 13 21 37 46 62 63 67 72 ]
30: [ 21 24 28 34 46 50 59 68 70 71 ]
31: [ 1 32 35 42 56 57 65 ]
32: [ 21 31 40 63 70 ]
33: [ 6 18 24 52 64 65 ]
34: [ 6 10 23 27 30 49 64 75 ]
35: [ 2 19 23 25 31 42 48 49 64 ]
36: [ 37 40 60 64 65 68 ]
37: [ 10 18 19 29 36 ]
38: [ 7 12 14 18 22 24 27 41 46 51 62 71 ]
39: [ 18 19 28 51 61 63 73 ]
40: [ 7 20 32 36 44 55 62 ]
41: [ 14 16 18 19 38 46 56 58 74 ]
42: [ 15 22 25 31 35 45 50 57 62 ]
43: [ 21 24 27 46 ]
44: [ 40 67 70 ]
45: [ 3 4 10 15 23 28 42 52 ]
46: [ 13 22 29 30 38 41 43 55 65 ]
47: [ 7 14 23 27 52 54 59 60 62 72 ]
48: [ 13 15 26 35 51 57 ]
49: [ 1 28 34 35 58 62 ]
50: [ 1 5 7 9 11 20 28 30 42 62 69 ]
51: [ 5 18 38 39 48 63 ]
52: [ 3 16 33 45 47 69 71 ]
53: [ 66 73 ]
54: [ 4 10 24 47 62 ]
55: [ 7 13 24 40 46 56 62 ]
56: [ 16 26 31 41 55 ]
57: [ 13 22 27 31 42 48 58 67 71 ]
58: [ 10 41 49 57 66 ]
59: [ 3 30 47 68 69 71 ]
60: [ 2 21 22 25 36 47 63 ]
61: [ 39 68 ]
62: [ 5 7 13 29 38 40 42 47 49 50 54 55 68 69 ]
63: [ 6 7 8 15 19 29 32 39 51 60 71 ]
64: [ 3 8 18 33 34 35 36 ]
65: [ 7 9 13 24 31 33 36 46 75 ]
66: [ 7 26 53 58 71 73 ]
67: [ 21 29 44 57 68 71 ]
68: [ 3 15 24 27 30 36 59 61 62 67 ]
69: [ 7 28 50 52 59 62 ]
70: [ 11 15 18 30 32 44 ]
71: [ 4 18 25 27 30 38 52 57 59 63 66 67 ]
72: [ 4 29 47 ]
73: [ 8 14 21 25 27 39 53 66 ]
74: [ 15 19 27 41 ]
75: [ 3 4 6 18 22 24 34 65 ]
