1: [ 4 6 9 15 27 31 34 41 71 74 ]
2: [ 8 10 21 24 25 47 49 54 ]
3: [ 17 24 28 37 59 62 63 ]
4: [ 1 5 24 43 53 65 68 ]
5: [ 4 23 25 29 48 71 75 ]
6: [ 1 7 10 27 29 33 37 54 58 59 60 63 ]
7: [ 6 14 39 46 57 72 74 ]
8: [ 2 21 22 24 28 29 50 56 58 63 ]
9: [ 1 34 41 57 70 ]
10: [ 2 6 17 41 52 62 ]
11: [ 39 52 62 65 73 ]
12: [ 19 59 ]
13: [ 35 43 47 53 56 59 63 74 75 ]
14: [ 7 20 29 51 ]
15: [ 1 32 34 43 44 52 61 68 69 ]
16: [ 29 36 48 62 72 73 75 ]
17: [ 3 10 42 51 53 62 66 70 73 75 ]
18: [ 69 ]
19: [ 12 20 23 29 34 35 51 59 ]
20: [ 14 19 21 27 66 74 ]
21: [ 2 8 20 22 23 41 55 62 71 ]
22: [ 8 21 23 26 38 40 44 56 59 61 ]
23: [ 5 19 21 22 33 37 38 46 48 49 61 ]
24: [ 2 3 4 8 27 28 31 37 43 50 58 70 ]
25: [ 2 5 53 64 ]
26: [ 22 30 46 58 66 ]
27: [ 1 6 20 24 30 41 44 48 57 59 67 ]
28: [ 3 8 24 29 44 64 70 73 ]
29: [ 5 6 8 14 16 19 28 39 40 45 55 63 73 ]
30: [ 26 27 35 39 44 71 ]
31: [ 1 24 39 43 73 ]
32: [ 15 43 48 71 ]
33: [ 6 23 53 55 60 63 64 ]
34: [ 1 9 15 19 39 46 59 63 65 68 71 ]
35: [ 13 19 30 38 47 58 65 ]
36: [ 16 38 42 50 71 ]
37: [ 3 6 23 24 49 52 58 73 ]
38: [ 22 23 35 36 46 51 54 65 ]
39: [ 7 11 29 30 31 34 42 54 61 62 ]
40: [ 22 29 41 ]
41: [ 1 9 10 21 27 40 44 48 53 58 68 74 ]
42: [ 17 36 39 43 46 61 ]
43: [ 4 13 15 24 31 32 42 57 66 67 75 ]
44: [ 15 22 27 28 30 41 49 51 ]
45: [ 29 47 ]
46: [ 7 23 26 34 38 42 57 63 64 73 ]
47: [ 2 13 35 45 ]
48: [ 5 16 23 27 32 41 ]
49: [ 2 23 37 44 52 66 70 ]
50: [ 8 24 36 67 68 ]
51: [ 14 17 19 38 44 58 66 75 ]
52: [ 10 11 15 37 49 53 56 70 ]
53: [ 4 13 17 25 33 41 52 61 62 65 67 75 ]
54: [ 2 6 38 39 64 ]
55: [ 21 29 33 ]
56: [ 8 13 22 52 64 75 ]
57: [ 7 9 27 43 46 58 69 71 73 ]
58: [ 6 8 24 26 35 37 41 51 57 74 75 ]
59: [ 3 6 12 13 19 22 27 34 62 63 68 70 ]
60: [ 6 33 62 ]
61: [ 15 22 23 39 42 53 64 68 73 ]
62: [ 3 10 11 16 17 21 39 53 59 60 67 ]
63: [ 3 6 8 13 29 33 34 46 59 72 73 ]
64: [ 25 28 33 46 54 56 61 ]
65: [ 4 11 34 35 38 53 73 75 ]
66: [ 17 20 26 43 49 51 68 ]
67: [ 27 43 50 53 62 68 ]
68: [ 4 15 34 41 50 59 61 66 67 ]
69: [ 15 18 57 73 ]
70: [ 9 17 24 28 49 52 59 71 ]
71: [ 1 5 21 30 32 34 36 57 70 ]
72: [ 7 16 63 ]
73: [ 11 16 17 28 29 31 37 46 57 61 63 65 69 ]
74: [ 1 7 13 20 41 58 ]
75: [ 5 13 16 17 43 51 53 56 58 65 ]
