1: [ 2 12 15 21 31 75 ]
2: [ 1 11 16 31 36 46 47 55 59 60 64 70 ]
3: [ 5 21 25 33 41 56 68 ]
4: [ 10 22 23 25 31 38 54 60 65 71 74 ]
5: [ 3 13 23 29 36 43 45 53 56 64 ]
6: [ 8 26 42 49 52 ]
7: [ 24 35 38 41 45 63 65 68 70 ]
8: [ 6 22 37 40 51 60 64 70 74 ]
9: [ 11 22 24 30 38 55 68 ]
10: [ 4 13 16 17 29 33 41 47 48 54 66 ]
11: [ 2 9 15 17 24 26 40 47 64 70 ]
12: [ 1 28 33 35 46 50 51 ]
13: [ 5 10 28 34 40 41 55 57 65 73 75 ]
14: [ 17 36 52 54 56 65 66 ]
15: [ 1 11 56 59 63 68 ]
16: [ 2 10 26 38 64 ]
17: [ 10 11 14 18 22 23 59 60 64 65 67 68 ]
18: [ 17 28 33 39 49 50 52 59 64 69 74 ]
19: [ 54 66 ]
20: [ 44 72 ]
21: [ 1 3 33 45 47 51 66 68 ]
22: [ 4 8 9 17 24 31 49 55 70 73 ]
23: [ 4 5 17 ]
24: [ 7 9 11 22 31 38 45 69 71 72 ]
25: [ 3 4 27 28 32 55 65 66 68 75 ]
26: [ 6 11 16 49 69 75 ]
27: [ 25 29 40 42 47 50 68 ]
28: [ 12 13 18 25 29 30 43 55 ]
29: [ 5 10 27 28 38 39 40 48 58 69 70 ]
30: [ 9 28 31 35 38 42 50 58 59 63 69 73 ]
31: [ 1 2 4 22 24 30 36 40 46 52 66 69 ]
32: [ 25 35 36 67 ]
33: [ 3 10 12 18 21 40 57 67 75 ]
34: [ 13 50 56 ]
35: [ 7 12 30 32 53 61 ]
36: [ 2 5 14 31 32 38 45 55 57 64 73 ]
37: [ 8 56 60 67 75 ]
38: [ 4 7 9 16 24 29 30 36 40 ]
39: [ 18 29 41 53 63 75 ]
40: [ 8 11 13 27 29 31 33 38 70 ]
41: [ 3 7 10 13 39 45 64 65 66 ]
42: [ 6 27 30 52 61 70 ]
43: [ 5 28 60 72 ]
44: [ 20 50 63 64 66 72 ]
45: [ 5 7 21 24 36 41 52 59 69 ]
46: [ 2 12 31 53 54 70 ]
47: [ 2 10 11 21 27 49 52 53 56 57 72 ]
48: [ 10 29 73 ]
49: [ 6 18 22 26 47 55 61 65 67 ]
50: [ 12 18 27 30 34 44 67 69 ]
51: [ 8 12 21 63 ]
52: [ 6 14 18 31 42 45 47 55 56 75 ]
53: [ 5 35 39 46 47 58 63 67 ]
54: [ 4 10 14 19 46 58 66 ]
55: [ 2 9 13 22 25 28 36 49 52 62 63 74 ]
56: [ 3 5 14 15 34 37 47 52 64 69 ]
57: [ 13 33 36 47 ]
58: [ 29 30 53 54 66 67 70 ]
59: [ 2 15 17 18 30 45 70 ]
60: [ 2 4 8 17 37 43 67 68 ]
61: [ 35 42 49 63 73 74 ]
62: [ 55 75 ]
63: [ 7 15 30 39 44 51 53 55 61 68 71 74 ]
64: [ 2 5 8 11 16 17 18 36 41 44 56 ]
65: [ 4 7 13 14 17 25 41 49 66 73 ]
66: [ 10 14 19 21 25 31 41 44 54 58 65 71 ]
67: [ 17 32 33 37 49 50 53 58 60 70 73 ]
68: [ 3 7 9 15 17 21 25 27 60 63 72 74 ]
69: [ 18 24 26 29 30 31 45 50 56 ]
70: [ 2 7 8 11 22 29 40 42 46 58 59 67 71 73 ]
71: [ 4 24 63 66 70 ]
72: [ 20 24 43 44 47 68 75 ]
73: [ 13 22 30 36 48 61 65 67 70 ]
74: [ 4 8 18 55 61 63 68 ]
75: [ 1 13 25 26 33 37 39 52 62 72 ]
