1: [ 7 8 9 12 14 19 21 56 60 65 68 71 ]
2: [ 20 27 45 47 49 53 54 ]
3: [ 14 19 28 39 43 58 70 ]
4: [ 6 7 15 52 ]
5: [ 7 9 32 37 52 ]
6: [ 4 11 20 27 28 32 33 34 62 74 ]
7: [ 1 4 5 14 17 22 34 52 54 68 ]
8: [ 1 17 18 21 23 34 41 66 67 ]
9: [ 1 5 ]
10: [ 16 25 34 45 52 ]
11: [ 6 19 21 31 40 50 51 57 67 ]
12: [ 1 16 23 68 ]
13: [ 23 28 32 50 57 61 ]
14: [ 1 3 7 19 22 41 53 54 55 73 ]
15: [ 4 27 47 62 74 ]
16: [ 10 12 47 69 ]
17: [ 7 8 21 22 26 27 39 40 48 50 55 59 65 ]
18: [ 8 30 33 37 47 53 54 66 71 ]
19: [ 1 3 11 14 21 33 36 39 51 ]
20: [ 2 6 23 35 ]
21: [ 1 8 11 17 19 24 36 55 68 72 ]
22: [ 7 14 17 41 42 48 57 59 67 ]
23: [ 8 12 13 20 39 50 64 66 ]
24: [ 21 30 39 71 73 74 ]
25: [ 10 41 42 48 62 71 ]
26: [ 17 46 54 71 ]
27: [ 2 6 15 17 31 49 52 58 62 66 72 ]
28: [ 3 6 13 51 53 60 69 70 73 ]
29: [ 35 42 44 66 72 ]
30: [ 18 24 49 63 ]
31: [ 11 27 63 ]
32: [ 5 6 13 35 39 42 43 47 48 68 71 ]
33: [ 6 18 19 57 58 62 68 ]
34: [ 6 7 8 10 61 67 ]
35: [ 20 29 32 55 57 63 ]
36: [ 19 21 41 55 58 59 64 75 ]
37: [ 5 18 38 46 47 58 59 73 ]
38: [ 37 45 47 50 ]
39: [ 3 17 19 23 24 32 48 50 56 61 64 ]
40: [ 11 17 ]
41: [ 8 14 22 25 36 46 73 ]
42: [ 22 25 29 32 51 55 65 66 ]
43: [ 3 32 44 46 49 52 ]
44: [ 29 43 50 52 55 60 63 64 70 ]
45: [ 2 10 38 57 60 74 ]
46: [ 26 37 41 43 54 59 60 ]
47: [ 2 15 16 18 32 37 38 62 66 ]
48: [ 17 22 25 32 39 ]
49: [ 2 27 30 43 ]
50: [ 11 13 17 23 38 39 44 53 55 57 67 72 74 ]
51: [ 11 19 28 42 52 55 ]
52: [ 4 5 7 10 27 43 44 51 56 59 60 72 ]
53: [ 2 14 18 28 50 54 56 64 73 ]
54: [ 2 7 14 18 26 46 53 60 69 ]
55: [ 14 17 21 35 36 42 44 50 51 65 68 ]
56: [ 1 39 52 53 68 ]
57: [ 11 13 22 33 35 45 50 59 63 71 74 ]
58: [ 3 27 33 36 37 64 67 71 ]
59: [ 17 22 36 37 46 52 57 60 75 ]
60: [ 1 28 44 45 46 52 54 59 63 74 ]
61: [ 13 34 39 65 70 ]
62: [ 6 15 25 27 33 47 74 ]
63: [ 30 31 35 44 57 60 73 ]
64: [ 23 36 39 44 53 58 68 ]
65: [ 1 17 42 55 61 68 ]
66: [ 8 18 23 27 29 42 47 ]
67: [ 8 11 22 34 50 58 ]
68: [ 1 7 12 21 32 33 55 56 64 65 ]
69: [ 16 28 54 72 ]
70: [ 3 28 44 61 71 72 ]
71: [ 1 18 24 25 26 32 57 58 70 ]
72: [ 21 27 29 50 52 69 70 ]
73: [ 14 24 28 37 41 53 63 ]
74: [ 6 15 24 45 50 57 60 62 ]
75: [ 36 59 ]
