1: [ 5 10 15 35 55 ]
2: [ 5 11 15 29 43 50 52 63 ]
3: [ 4 14 22 32 62 68 71 ]
4: [ 3 5 23 30 45 54 58 71 ]
5: [ 1 2 4 8 23 32 38 42 44 52 56 63 74 ]
6: [ 11 22 39 53 54 59 60 63 71 ]
7: [ 19 20 29 34 ]
8: [ 5 17 18 23 25 26 27 46 47 51 65 ]
9: [ 13 17 18 22 38 41 60 71 ]
10: [ 1 26 29 30 32 54 63 72 ]
11: [ 2 6 14 17 21 24 38 42 55 60 67 ]
12: [ 18 31 36 48 59 67 70 74 ]
13: [ 9 64 ]
14: [ 3 11 18 21 22 23 27 48 51 54 ]
15: [ 1 2 42 43 45 67 ]
16: [ 34 70 ]
17: [ 8 9 11 21 26 29 36 38 40 50 73 ]
18: [ 8 9 12 14 39 44 53 55 59 64 66 ]
19: [ 7 27 35 40 49 55 71 ]
20: [ 7 36 40 49 56 60 62 ]
21: [ 11 14 17 24 26 32 40 41 43 53 61 64 67 ]
22: [ 3 6 9 14 30 36 45 49 55 56 63 65 67 72 73 74 ]
23: [ 4 5 8 14 36 41 52 56 59 61 64 65 ]
24: [ 11 21 25 32 40 55 62 64 71 ]
25: [ 8 24 27 43 56 67 ]
26: [ 8 10 17 21 29 34 40 44 49 53 60 61 65 68 ]
27: [ 8 14 19 25 30 31 36 40 54 57 58 64 75 ]
28: [ 75 ]
29: [ 2 7 10 17 26 38 69 ]
30: [ 4 10 22 27 45 51 52 63 65 75 ]
31: [ 12 27 33 40 63 ]
32: [ 3 5 10 21 24 39 40 48 50 52 68 74 ]
33: [ 31 34 54 57 59 72 ]
34: [ 7 16 26 33 43 44 54 60 61 64 74 ]
35: [ 1 19 43 54 57 63 69 ]
36: [ 12 17 20 22 23 27 60 70 ]
37: [ 65 ]
38: [ 5 9 11 17 29 65 71 ]
39: [ 6 18 32 44 72 ]
40: [ 17 19 20 21 24 26 27 31 32 44 45 51 68 ]
41: [ 9 21 23 44 50 55 68 72 ]
42: [ 5 11 15 52 63 70 71 ]
43: [ 2 15 21 25 34 35 49 51 60 66 73 ]
44: [ 5 18 26 34 39 40 41 53 66 74 ]
45: [ 4 15 22 30 40 56 69 75 ]
46: [ 8 62 ]
47: [ 8 ]
48: [ 12 14 32 ]
49: [ 19 20 22 26 43 57 65 72 74 ]
50: [ 2 17 32 41 53 54 71 72 75 ]
51: [ 8 14 30 40 43 55 61 65 71 ]
52: [ 2 5 23 30 32 42 64 70 ]
53: [ 6 18 21 26 44 50 54 55 62 ]
54: [ 4 6 10 14 27 33 34 35 50 53 60 61 64 ]
55: [ 1 11 18 19 22 24 41 51 53 64 67 75 ]
56: [ 5 20 22 23 25 45 65 ]
57: [ 27 33 35 49 58 64 73 74 75 ]
58: [ 4 27 57 71 ]
59: [ 6 12 18 23 33 64 71 ]
60: [ 6 9 11 20 26 34 36 43 54 70 75 ]
61: [ 21 23 26 34 51 54 63 66 67 ]
62: [ 3 20 24 46 53 ]
63: [ 2 5 6 10 22 30 31 35 42 61 68 ]
64: [ 13 18 21 23 24 27 34 52 54 55 57 59 70 73 74 ]
65: [ 8 22 23 26 30 37 38 49 51 56 ]
66: [ 18 43 44 61 71 ]
67: [ 11 12 15 21 22 25 55 61 71 72 ]
68: [ 3 26 32 40 41 63 ]
69: [ 29 35 45 ]
70: [ 12 16 36 42 52 60 64 74 ]
71: [ 3 4 6 9 19 24 38 42 50 51 58 59 66 67 ]
72: [ 10 22 33 39 41 49 50 67 ]
73: [ 17 22 43 57 64 ]
74: [ 5 12 22 32 34 44 49 57 64 70 ]
75: [ 27 28 30 45 50 55 57 60 ]
