1: [ 18 20 23 25 40 44 51 54 72 ]
2: [ 5 30 38 55 ]
3: [ 16 28 38 57 58 66 70 71 ]
4: [ 21 22 34 62 70 ]
5: [ 2 16 40 53 57 66 70 71 ]
6: [ 26 45 61 70 72 ]
7: [ 34 40 45 54 59 69 73 ]
8: [ 52 58 ]
9: [ 10 12 33 48 65 ]
10: [ 9 15 39 43 55 63 ]
11: [ 50 68 ]
12: [ 9 23 26 33 61 74 ]
13: [ 28 33 34 59 63 ]
14: [ 20 24 35 54 59 71 ]
15: [ 10 23 25 30 40 41 72 ]
16: [ 3 5 19 25 28 34 43 47 51 61 63 68 ]
17: [ 21 40 45 47 65 ]
18: [ 1 20 21 32 33 34 38 48 59 67 75 ]
19: [ 16 22 32 33 ]
20: [ 1 14 18 32 36 54 55 58 63 64 68 70 ]
21: [ 4 17 18 39 42 43 47 52 68 ]
22: [ 4 19 56 62 ]
23: [ 1 12 15 25 41 48 55 ]
24: [ 14 30 32 39 42 43 50 ]
25: [ 1 15 16 23 30 49 60 62 66 69 70 72 ]
26: [ 6 12 36 42 63 69 70 ]
27: [ 28 30 35 56 ]
28: [ 3 13 16 27 54 60 ]
29: [ 39 69 ]
30: [ 2 15 24 25 27 47 54 56 62 63 69 ]
31: [ 34 ]
32: [ 18 19 20 24 34 43 52 54 60 67 ]
33: [ 9 12 13 18 19 42 52 55 62 74 75 ]
34: [ 4 7 13 16 18 31 32 40 54 64 66 69 75 ]
35: [ 14 27 53 71 72 ]
36: [ 20 26 38 45 47 52 60 69 ]
37: [ 42 44 45 52 57 ]
38: [ 2 3 18 36 47 57 58 ]
39: [ 10 21 24 29 58 71 ]
40: [ 1 5 7 15 17 34 55 61 74 ]
41: [ 15 23 49 54 71 72 ]
42: [ 21 24 26 33 37 45 61 63 71 ]
43: [ 10 16 21 24 32 52 58 65 68 73 ]
44: [ 1 37 50 52 ]
45: [ 6 7 17 36 37 42 49 51 64 66 ]
46: [ 58 63 ]
47: [ 16 17 21 30 36 38 59 60 62 69 70 ]
48: [ 9 18 23 66 ]
49: [ 25 41 45 50 59 71 ]
50: [ 11 24 44 49 56 65 70 75 ]
51: [ 1 16 45 52 59 60 69 71 75 ]
52: [ 8 21 32 33 36 37 43 44 51 57 75 ]
53: [ 5 35 57 ]
54: [ 1 7 14 20 28 30 32 34 41 60 66 75 ]
55: [ 2 10 20 23 33 40 60 62 63 71 72 ]
56: [ 22 27 30 50 57 ]
57: [ 3 5 37 38 52 53 56 72 73 74 ]
58: [ 3 8 20 38 39 43 46 66 75 ]
59: [ 7 13 14 18 47 49 51 69 74 ]
60: [ 25 28 32 36 47 51 54 55 71 72 ]
61: [ 6 12 16 40 42 68 69 72 74 ]
62: [ 4 22 25 30 33 47 55 64 ]
63: [ 10 13 16 20 26 30 42 46 55 ]
64: [ 20 34 45 62 70 72 74 ]
65: [ 9 17 43 50 ]
66: [ 3 5 25 34 45 48 54 58 70 71 75 ]
67: [ 18 32 70 ]
68: [ 11 16 20 21 43 61 72 ]
69: [ 7 25 26 29 30 34 36 47 51 59 61 ]
70: [ 3 4 5 6 20 25 26 47 50 64 66 67 ]
71: [ 3 5 14 35 39 41 42 49 51 55 60 66 ]
72: [ 1 6 15 25 35 41 55 57 60 61 64 68 74 ]
73: [ 7 43 57 ]
74: [ 12 33 40 57 59 61 64 72 ]
75: [ 18 33 34 50 51 52 54 58 66 ]
